evolution rate,arithmetic mean length lived,arithmetic mean species population time
0.05,76.0,1174.0
0.05,627.0,34095.0
0.05,595.0,20549.5
0.05,804.0,51921.25
0.05,1164.6666666666667,90902.33333333333
0.05,593.7142857142857,42585.857142857145
0.05,559.6666666666666,53080.666666666664
0.05,607.0,45522.5
0.05,614.6666666666666,48449.0
0.05,405.0,3621.0
0.05,393.0,41523.0
0.05,776.0,59106.0
0.05,1335.0,90563.0
0.05,207.33333333333334,3482.3333333333335
0.05,612.5,42070.5
0.05,565.0,35209.0
0.05,611.0,17597.0
0.05,767.5,47074.5
0.05,782.5,54201.5
0.05,754.6666666666666,44581.333333333336
0.05,590.0,39446.25
0.05,787.0,23549.5
0.05,1065.3333333333333,57199.666666666664
0.05,611.5,50962.5
0.05,588.6,28764.2
0.051,509.5,30843.5
0.051,292.0,613.0
0.051,155.0,2654.0
0.051,445.5,41213.0
0.051,669.6666666666666,57360.666666666664
0.051,769.0,100596.0
0.051,65.0,83.0
0.051,768.0,26398.0
0.051,134.0,339.0
0.051,381.0,26571.0
0.051,140.0,4834.0
0.051,549.5,27033.5
0.051,710.0,51139.0
0.051,769.0,57513.0
0.051,769.0,88666.0
0.051,619.5,72524.0
0.051,541.0,58035.5
0.051,356.0,1133.0
0.052,768.0,36072.0
0.052,575.5,88215.0
0.052,627.0,32441.0
0.052,217.0,345.0
0.052,577.5,51443.0
0.052,768.0,30129.0
0.052,768.0,101843.0
0.052,795.0,90816.0
0.052,336.0,469.5
0.052,641.0,35245.0
0.052,724.0,30653.0
0.052,296.0,7709.0
0.052,259.5,2589.5
0.052,768.0,32969.0
0.052,822.0,39986.5
0.052,543.0,30597.0
0.052,767.0,77696.0
0.052,768.0,90079.0
0.052,558.0,12123.5
0.053,769.0,30297.0
0.053,378.0,34757.0
0.053,768.0,46953.0
0.053,861.0,37019.0
0.053,769.0,238811.0
0.053,1023.0,62511.0
0.053,420.0,8220.5
0.053,319.0,1058.0
0.053,1684.5,97476.5
0.053,702.5,169440.0
0.053,599.0,10790.0
0.053,656.5,38760.5
0.053,825.5,66640.5
0.053,95.0,99.0
0.053,768.0,12007.0
0.053,475.3333333333333,21225.333333333332
0.054,753.0,56016.0
0.054,813.0,14460.0
0.054,495.0,14548.0
0.054,614.5,26799.5
0.054,154.0,556.0
0.054,768.0,99988.0
0.054,627.3333333333334,28740.0
0.054,279.0,6091.0
0.054,101.0,103.0
0.054,768.0,111106.0
0.054,387.0,23416.0
0.054,461.0,600.0
0.055,455.0,14318.0
0.055,663.0,32135.0
0.055,768.0,237232.0
0.055,596.0,24456.0
0.055,507.0,17293.0
0.055,742.0,220092.0
0.055,411.0,13242.0
0.055,929.0,10402.0
0.055,579.0,16476.0
0.055,344.0,39210.0
0.055,255.0,6127.0
0.055,185.0,255.0
0.055,585.0,56026.333333333336
0.055,472.3333333333333,20765.666666666668
0.055,293.0,4491.0
0.055,767.0,67739.0
0.055,167.0,231.0
0.055,595.0,25852.0
0.055,600.0,14677.666666666666
0.055,274.0,2897.0
0.056,925.0,50666.0
0.056,239.0,6624.5
0.056,1152.5,67167.0
0.056,222.0,2497.0
0.056,430.0,61906.0
0.056,821.0,51360.0
0.056,250.0,2896.0
0.056,467.0,27761.0
0.056,1775.5,63763.0
0.056,767.0,13040.0
0.056,628.0,15782.0
0.056,420.0,15631.0
0.056,1278.0,71938.0
0.057,753.3333333333334,42571.666666666664
0.057,690.5,33166.0
0.057,196.0,254.0
0.057,473.0,1578.0
0.057,768.0,83607.0
0.057,173.5,2172.0
0.057,768.0,25303.0
0.057,169.0,492.0
0.057,510.0,11755.0
0.057,691.0,31625.5
0.057,143.0,159.0
0.057,387.0,3339.0
0.058,688.0,21644.0
0.058,768.0,105689.0
0.058,562.0,39578.0
0.058,352.0,9746.0
0.058,715.0,13794.5
0.058,513.5,34853.0
0.058,769.0,57735.0
0.058,88.0,96.0
0.058,408.0,22796.0
0.058,517.5,48929.0
0.058,1534.0,96378.0
0.058,622.0,14012.0
0.058,498.5,104103.0
0.058,119.0,1491.0
0.058,759.5,111060.0
0.058,142.0,148.0
0.058,518.6666666666666,31591.333333333332
0.059,767.5,56103.5
0.059,1020.0,17752.0
0.059,767.0,60937.0
0.059,768.0,77273.0
0.059,408.5,45925.0
0.059,647.5,33955.5
0.059,87.0,93.0
0.059,526.0,41030.0
0.059,568.0,10644.0
0.059,197.0,241.0
0.059,78.0,100.0
0.059,1021.0,66373.0
0.059,150.5,297.5
0.059,715.5,48691.5
0.059,349.0,712.0
0.059,531.0,33910.0
0.06,569.0,27810.0
0.06,138.0,248.0
0.06,415.0,11874.0
0.06,489.5,9926.5
0.06,209.5,381.0
0.06,516.0,24040.5
0.06,278.0,5900.0
0.06,96.0,108.0
0.06,768.0,81744.0
0.06,768.0,48972.0
0.06,768.0,89480.0
0.06,789.0,29739.0
0.06,430.0,17880.0
0.06,580.0,16621.0
0.061,602.0,40069.0
0.061,615.5,93990.0
0.061,704.3333333333334,17273.0
0.061,812.0,10402.0
0.061,402.3333333333333,17583.0
0.061,916.0,14516.0
0.061,1020.0,45540.0
0.061,614.0,11281.5
0.061,1537.0,72130.0
0.061,214.0,1979.0
0.061,1537.0,152434.0
0.061,614.0,37088.0
0.061,690.0,35213.0
0.061,768.0,5943.0
0.061,271.0,7789.0
0.061,767.0,45106.0
0.061,308.0,9179.0
0.062,788.5,34385.5
0.062,460.0,31280.0
0.062,613.0,50921.0
0.062,686.6666666666666,54881.666666666664
0.062,865.0,42453.0
0.062,486.0,21970.5
0.062,1381.0,108840.0
0.062,611.5,61528.0
0.062,364.5,17061.5
0.062,387.0,11898.333333333334
0.062,325.0,22421.0
0.062,595.0,21416.0
0.062,612.0,50362.0
0.062,693.0,56140.0
0.062,891.75,68198.5
0.062,550.0,26344.333333333332
0.062,569.5,12023.0
0.062,981.0,23755.0
0.062,942.0,47747.0
0.062,394.0,15510.5
0.062,612.0,5598.0
0.062,651.25,65567.25
0.062,411.5,34225.5
0.062,357.0,8458.0
0.062,753.6666666666666,33611.0
0.062,1113.6666666666667,97267.33333333333
0.062,602.0,25177.0
0.062,781.6666666666666,44290.666666666664
0.063,883.0,7474.0
0.063,800.5,20414.5
0.063,634.0,52762.0
0.063,151.0,849.0
0.063,261.0,11227.0
0.063,768.0,33811.0
0.063,82.0,101.0
0.063,392.0,16838.0
0.063,804.0,34806.0
0.063,1026.5,31598.0
0.063,568.3333333333334,27052.333333333332
0.063,447.0,30129.0
0.063,537.6666666666666,28386.0
0.063,637.5,14689.0
0.063,768.0,35382.0
0.063,736.0,88166.0
0.063,278.0,8421.0
0.064,498.0,10158.0
0.064,658.0,2892.0
0.064,458.3333333333333,19278.0
0.064,768.0,173056.0
0.064,955.0,37577.0
0.064,413.5,3936.5
0.064,451.0,4505.0
0.064,557.0,20579.0
0.064,170.0,637.0
0.064,768.0,109405.0
0.064,289.0,34033.0
0.064,1075.0,13588.0
0.064,739.0,62882.0
0.065,86.0,98.0
0.065,453.0,18590.0
0.065,677.0,19659.0
0.065,621.0,54494.0
0.065,1006.0,56352.0
0.065,768.0,149548.0
0.065,428.5,31227.5
0.065,786.0,164491.0
0.065,303.0,12633.0
0.065,680.0,17033.0
0.065,364.0,38896.0
0.065,234.0,312.0
0.065,164.0,620.0
0.065,1170.0,53979.0
0.065,279.0,3849.5
0.066,225.5,9012.0
0.066,440.5,17542.0
0.066,404.0,1740.0
0.066,680.0,21474.0
0.066,245.0,335.0
0.066,552.5,16523.5
0.066,787.0,114221.5
0.066,241.0,4782.0
0.066,768.0,98968.0
0.066,322.6666666666667,7761.0
0.066,378.0,9265.0
0.066,481.0,6653.0
0.066,705.0,51404.0
0.067,1279.0,58615.5
0.067,661.0,46854.0
0.067,58.0,67.0
0.067,401.0,15247.5
0.067,187.0,364.0
0.067,445.5,42986.0
0.067,769.0,55485.0
0.067,55.0,69.0
0.067,441.0,2054.0
0.067,1514.0,73061.0
0.067,562.0,6369.0
0.067,240.0,9921.0
0.067,768.0,75103.0
0.067,1416.0,33597.0
0.067,294.0,9476.0
0.067,289.0,7474.0
0.067,969.0,59108.0
0.067,739.0,32446.0
0.068,726.0,106900.5
0.068,154.0,513.0
0.068,529.0,37027.0
0.068,1422.0,58866.0
0.068,370.0,14448.0
0.068,241.0,16047.0
0.068,622.0,5585.0
0.068,309.0,13397.0
0.068,968.0,178201.0
0.068,523.5,32564.0
0.068,750.0,86727.0
0.068,165.0,218.0
0.068,527.0,39030.0
0.068,468.0,5156.0
0.068,581.0,37309.0
0.068,958.0,11394.0
0.068,460.0,43561.0
0.068,437.0,631.0
0.068,477.0,27366.0
0.068,537.6666666666666,19786.0
0.069,755.0,149822.0
0.069,545.0,28399.0
0.069,529.5,23132.0
0.069,768.0,84414.0
0.069,160.0,193.0
0.069,393.5,27822.0
0.069,599.3333333333334,25075.0
0.069,489.5,56418.5
0.069,446.0,8836.0
0.069,791.0,24705.0
0.069,767.0,57314.0
0.069,1537.0,69926.0
0.069,768.0,81163.0
0.069,152.0,196.0
0.069,529.3333333333334,15006.666666666666
0.069,922.5,114686.0
0.07,463.0,1177.0
0.07,1537.0,134319.0
0.07,492.0,28461.0
0.07,369.0,2386.0
0.07,762.0,43800.0
0.07,110.0,194.0
0.07,289.0,6597.0
0.07,768.0,24006.0
0.07,706.0,52645.0
0.07,1099.0,48812.0
0.07,441.0,11107.5
0.07,1538.0,138962.0
0.07,173.0,447.0
0.07,1537.0,204631.0
0.07,832.0,5592.0
0.07,536.0,24036.0
0.071,955.0,56330.0
0.071,389.0,11210.0
0.071,769.0,142709.0
0.071,678.0,8058.0
0.071,628.5,7519.5
0.071,258.0,322.0
0.071,202.0,1358.0
0.071,645.5,18149.0
0.071,767.0,147453.0
0.071,766.0,12745.0
0.071,769.0,111761.0
0.071,885.0,57009.0
0.071,421.0,585.0
0.071,778.0,41265.0
0.071,521.0,24865.0
0.071,574.0,14311.0
0.071,335.0,12222.0
0.072,496.0,3385.0
0.072,812.0,43656.0
0.072,329.0,752.0
0.072,276.0,3530.0
0.072,541.0,20684.0
0.072,659.0,20402.0
0.072,373.5,18425.0
0.072,871.5,45589.0
0.072,287.0,3252.0
0.072,157.0,252.0
0.072,768.0,67263.0
0.072,356.0,5783.0
0.072,561.0,14315.0
0.073,847.0,67359.0
0.073,1101.0,61184.0
0.073,828.5,69621.5
0.073,545.0,36760.0
0.073,212.0,11871.5
0.073,746.0,44905.25
0.073,268.0,14325.0
0.073,209.0,253.5
0.073,321.0,23423.0
0.073,440.5,20891.5
0.073,1141.0,57896.0
0.073,707.0,15449.666666666666
0.073,600.75,39574.25
0.073,436.25,16045.5
0.073,728.0,68392.0
0.073,288.0,3072.0
0.073,824.0,50850.5
0.073,73.0,896.0
0.073,768.0,152259.0
0.073,611.0,50382.333333333336
0.073,866.5,26575.0
0.073,769.0,27488.0
0.073,604.5,18877.0
0.073,840.0,45303.0
0.073,647.6666666666666,37390.333333333336
0.073,657.0,40039.0
0.073,172.5,2919.5
0.073,543.0,24565.333333333332
0.074,1099.0,82298.5
0.074,586.0,45462.0
0.074,489.0,15106.0
0.074,704.0,13753.0
0.074,470.0,1408.0
0.074,1341.0,76288.5
0.074,617.0,24815.0
0.074,498.0,1295.0
0.074,545.0,3287.0
0.074,493.0,4470.0
0.075,690.0,38263.0
0.075,189.0,261.0
0.075,457.0,12707.0
0.075,336.0,5335.0
0.075,424.0,28566.5
0.075,208.5,1200.0
0.075,184.0,369.0
0.075,768.0,205164.0
0.075,333.0,4019.0
0.075,679.0,5499.0
0.075,500.0,17132.0
0.075,768.0,28290.0
0.075,767.5,58801.5
0.075,502.5,1717.0
0.076,693.5,35434.5
0.076,540.0,15254.0
0.076,661.0,18271.0
0.076,1048.3333333333333,24863.666666666668
0.076,77.0,106.0
0.076,549.0,6317.0
0.076,450.5,25022.5
0.076,767.0,136652.0
0.076,768.0,41989.0
0.076,459.5,42532.5
0.076,163.0,340.0
0.076,680.5,47382.5
0.076,311.0,17272.0
0.076,536.0,13536.0
0.076,147.0,2823.0
0.076,1113.0,41406.5
0.076,117.0,206.0
0.077,768.0,48979.0
0.077,379.0,16947.0
0.077,434.5,85416.0
0.077,657.0,37709.0
0.077,364.0,2277.0
0.077,628.0,19306.333333333332
0.077,533.0,32863.5
0.077,102.0,869.0
0.077,729.5,21775.0
0.077,330.0,31047.0
0.077,451.5,21560.0
0.077,1362.0,73695.0
0.077,125.0,159.0
0.077,477.5,14700.5
0.077,1463.0,51136.0
0.077,768.0,60053.0
0.077,870.0,64769.0
0.077,474.0,34073.0
0.077,795.0,5697.0
0.078,359.3333333333333,13642.0
0.078,685.0,20291.0
0.078,594.0,13084.0
0.078,475.0,9013.0
0.078,895.5,45029.0
0.078,808.0,49133.0
0.078,768.0,96857.0
0.078,290.0,18664.0
0.078,179.0,5773.0
0.078,899.6666666666666,27068.333333333332
0.078,205.0,617.0
0.078,305.0,7818.0
0.078,382.0,11597.666666666666
0.078,323.0,789.0
0.078,740.5,40312.5
0.078,530.0,14572.0
0.078,450.0,24822.0
0.078,768.0,48895.0
0.079,38.0,72.0
0.079,2891.0,88119.0
0.079,767.0,54301.0
0.079,470.5,21778.5
0.079,108.0,442.0
0.079,873.5,35938.0
0.079,1537.0,143697.0
0.079,320.5,5297.0
0.079,310.0,408.0
0.079,912.5,37257.5
0.079,768.0,152484.0
0.079,370.0,10741.0
0.079,391.0,15790.0
0.079,769.0,121774.0
0.079,768.0,67393.5
0.079,968.5,20805.0
0.079,768.0,77156.0
0.079,1536.0,123151.0
0.079,346.0,1147.5
0.079,819.5,20228.0
0.079,1222.0,64171.0
0.08,809.0,26533.0
0.08,420.0,96403.5
0.08,414.6666666666667,13173.0
0.08,463.0,2112.0
0.08,914.0,34338.0
0.08,389.0,19037.0
0.08,759.0,3506.0
0.08,615.0,36350.0
0.08,306.0,7105.0
0.08,662.0,14754.0
0.08,109.5,199.5
0.08,331.0,1725.0
0.08,555.0,25407.0
0.08,682.0,34481.0
0.08,679.0,17325.0
0.08,155.0,234.0
0.08,472.0,886.0
0.081,519.25,50680.25
0.081,428.5,8355.5
0.081,394.0,19435.5
0.081,849.0,41978.0
0.081,768.0,124203.0
0.081,569.0,23904.0
0.081,768.0,41692.0
0.081,433.0,4464.0
0.081,358.0,9696.75
0.081,767.0,112136.0
0.081,1404.0,75075.0
0.081,160.0,1344.0
0.081,155.0,190.0
0.081,533.75,22706.75
0.081,763.0,27576.5
0.082,270.5,9786.0
0.082,225.0,4652.0
0.082,292.0,15200.0
0.082,622.5,35976.0
0.082,165.0,237.0
0.082,323.0,1094.0
0.082,1511.0,67946.0
0.082,455.0,22223.0
0.082,767.0,65933.0
0.082,269.0,5073.0
0.082,266.0,890.0
0.082,352.5,17358.0
0.082,532.0,4041.0
0.082,963.0,50051.333333333336
0.082,220.5,5599.5
0.082,597.0,33858.0
0.082,592.5,20487.0
0.082,148.0,262.0
0.083,767.0,49860.0
0.083,775.0,45755.0
0.083,201.0,352.0
0.083,552.0,6468.0
0.083,768.0,62148.0
0.083,845.0,50464.0
0.083,669.0,52260.0
0.083,477.0,26396.333333333332
0.083,750.5,41261.5
0.083,768.0,78650.0
0.083,463.0,7007.5
0.083,596.5,50908.0
0.083,204.0,355.0
0.084,530.0,27040.0
0.084,640.0,18043.0
0.084,320.0,2927.5
0.084,769.0,84776.0
0.084,1212.0,110391.0
0.084,135.0,207.0
0.084,1537.0,242382.0
0.084,587.5,23618.0
0.084,636.0,46083.0
0.084,883.0,61230.0
0.084,614.3333333333334,39300.666666666664
0.084,375.0,17170.0
0.084,496.0,31000.5
0.084,270.0,17945.0
0.084,768.0,121020.0
0.085,541.0,35475.0
0.085,598.0,17418.0
0.085,757.3333333333334,49543.333333333336
0.085,844.0,53015.0
0.085,1069.0,67530.0
0.085,767.0,44698.0
0.085,539.0,24996.25
0.085,648.0,59005.666666666664
0.085,866.0,44402.0
0.085,77.0,99.0
0.085,612.0,73071.0
0.085,1113.5,65700.5
0.085,689.5,62504.0
0.085,1279.0,91293.5
0.085,738.75,37394.5
0.085,1349.0,72946.66666666667
0.085,1082.2,72503.2
0.085,612.0,25754.0
0.085,468.3333333333333,24507.666666666668
0.085,802.0,9943.0
0.085,612.0,56736.0
0.085,754.0,53184.166666666664
0.085,651.0,17527.0
0.085,1054.5,102650.0
0.085,421.0,25880.0
0.085,555.5,24403.25
0.085,75.0,917.0
0.086,117.0,219.0
0.086,725.0,27114.0
0.086,518.0,12780.5
0.086,150.0,201.0
0.086,912.0,44412.0
0.086,1055.5,79155.5
0.086,280.0,7801.0
0.086,454.25,47519.0
0.086,836.0,49859.0
0.087,501.5,57751.5
0.087,140.0,155.0
0.087,313.3333333333333,11287.666666666666
0.087,937.0,53356.0
0.087,768.0,29371.0
0.087,603.5,9411.0
0.087,252.0,1117.0
0.087,768.0,97050.0
0.087,815.0,129896.5
0.087,265.0,2779.0
0.087,687.0,143037.0
0.087,237.0,3086.0
0.087,792.0,39756.0
0.087,677.0,32260.0
0.087,122.0,201.0
0.087,768.0,14832.0
0.088,164.0,349.0
0.088,655.6666666666666,87219.0
0.088,79.0,84.0
0.088,964.0,60185.0
0.088,368.0,27629.0
0.088,767.5,38803.0
0.088,585.0,72199.0
0.088,428.0,24294.0
0.088,378.5,11527.5
0.088,866.0,90850.0
0.088,416.0,19181.0
0.088,621.0,59535.0
0.088,716.0,30029.0
0.088,262.0,20045.0
0.088,1114.5,25941.5
0.089,829.0,65347.0
0.089,767.0,52440.0
0.089,723.0,9794.0
0.089,407.75,60424.75
0.089,277.0,688.0
0.089,357.0,1445.0
0.089,110.0,238.0
0.089,768.0,47810.0
0.089,465.0,13762.0
0.089,728.0,66073.0
0.089,599.0,40853.5
0.089,808.6666666666666,17782.666666666668
0.089,1150.0,69839.0
0.09,769.0,100465.0
0.09,136.0,149.0
0.09,995.5,49647.0
0.09,105.0,144.0
0.09,393.0,3095.0
0.09,408.0,1058.0
0.09,411.0,2385.0
0.09,875.0,24232.0
0.09,638.0,7094.5
0.09,768.0,48766.0
0.09,1537.0,113637.0
0.09,1253.5,48750.0
0.09,1009.0,42176.0
0.09,409.0,2489.0
0.09,817.5,143239.5
0.09,731.0,25271.0
0.091,915.0,38898.0
0.091,768.0,25042.0
0.091,265.0,9582.0
0.091,407.0,16987.0
0.091,1502.0,57099.0
0.091,127.0,441.0
0.091,754.0,17985.5
0.091,262.0,4671.0
0.091,1443.0,50912.0
0.091,83.0,154.5
0.091,368.0,19109.0
0.091,243.0,9044.5
0.091,603.0,9174.0
0.091,768.0,46841.0
0.091,768.0,140360.0
0.091,250.5,1254.0
0.091,227.0,279.0
0.091,286.0,464.0
0.092,510.0,18823.0
0.092,403.5,17964.5
0.092,290.0,11800.0
0.092,559.0,11465.0
0.092,754.0,12763.0
0.092,490.5,20823.0
0.092,820.5,40312.5
0.092,638.0,31951.0
0.092,393.0,5530.0
0.092,749.3333333333334,96395.66666666667
0.092,768.0,99047.0
0.092,893.0,26844.0
0.092,769.0,109563.0
0.092,396.5,8417.5
0.092,594.0,57876.0
0.093,768.0,143038.0
0.093,96.0,108.0
0.093,219.0,486.0
0.093,661.0,13381.0
0.093,425.5,28389.0
0.093,248.0,2093.0
0.093,137.0,335.0
0.093,722.5,7935.0
0.093,191.0,299.0
0.093,1325.5,63742.0
0.093,768.0,51341.0
0.093,895.0,66191.0
0.093,388.0,1406.0
0.094,892.0,55535.0
0.094,768.0,154134.0
0.094,718.0,43869.0
0.094,278.0,1485.0
0.094,110.0,117.0
0.094,593.0,11831.0
0.094,683.0,33232.0
0.094,768.0,29397.0
0.094,263.0,9422.0
0.094,510.0,3717.0
0.094,821.0,56587.0
0.094,159.0,308.0
0.094,769.0,123803.0
0.094,116.0,193.0
0.094,155.0,218.0
0.094,364.0,936.0
0.094,1208.0,19658.0
0.094,400.0,30037.0
0.095,877.0,77556.0
0.095,767.0,44772.0
0.095,560.0,31822.0
0.095,985.0,42859.0
0.095,214.0,1185.5
0.095,150.0,178.0
0.095,490.0,42247.0
0.095,990.0,48732.0
0.095,1151.0,81019.5
0.095,270.0,4859.0
0.095,686.0,37952.0
0.095,870.0,27236.0
0.095,67.0,104.0
0.095,428.0,11829.0
0.096,543.0,4331.0
0.096,1097.5,86542.5
0.096,659.0,3574.0
0.096,441.0,6756.0
0.096,418.0,28037.0
0.096,367.0,12132.0
0.096,90.0,97.0
0.096,799.0,24685.0
0.096,315.0,693.0
0.096,78.0,97.0
0.096,134.0,2147.0
0.096,465.5,54060.0
0.096,512.0,8262.0
0.097,114.0,181.0
0.097,810.4,25383.6
0.097,651.0,38793.0
0.097,1239.0,71858.33333333333
0.097,457.0,1360.0
0.097,460.5,6122.5
0.097,175.0,194.0
0.097,740.6666666666666,36615.666666666664
0.097,75.5,1170.5
0.097,465.3333333333333,36837.0
0.097,258.0,1052.0
0.097,214.5,2825.5
0.097,371.5,5071.5
0.097,381.0,13185.0
0.097,612.0,52014.0
0.097,210.5,5396.5
0.097,501.5,25837.25
0.097,612.0,19706.0
0.097,351.5,17128.0
0.097,768.0,51118.0
0.097,670.2,48552.2
0.097,391.0,29059.0
0.097,979.0,37992.5
0.097,517.75,31618.75
0.098,195.0,238.0
0.098,290.5,3655.5
0.098,1190.0,123902.5
0.098,615.0,20077.0
0.098,342.0,5603.0
0.098,838.0,57947.0
0.098,772.5,72046.5
0.098,266.0,1511.0
0.098,744.0,93396.0
0.098,797.0,152398.0
0.098,796.0,31235.0
0.098,928.0,50701.0
0.098,337.0,1096.0
0.098,650.5,27755.5
0.098,82.0,2183.0
0.098,413.5,29951.0
0.099,251.0,1249.0
0.099,677.0,49984.0
0.099,687.5,28335.0
0.099,502.0,5094.0
0.099,291.0,10709.0
0.099,672.0,27320.0
0.099,901.0,32429.0
0.099,511.5,26816.5
0.099,404.0,8300.0
0.099,755.0,59163.0
0.099,208.0,8753.0
0.099,430.5,15581.0
0.099,467.0,26627.0
0.099,472.0,6256.0
0.099,473.0,2825.0
0.1,109.33333333333333,234.33333333333334
0.1,663.0,44314.5
0.1,409.0,20750.0
0.1,326.0,16318.0
0.1,769.0,49508.0
0.1,254.0,9709.5
0.1,774.0,21261.5
0.1,1210.0,33876.0
0.1,379.0,28748.0
0.1,699.0,31350.0
0.1,378.0,9449.5
0.1,323.0,6720.0
0.1,502.0,27939.0
0.1,623.0,37188.0
0.1,768.0,95490.0
0.1,769.0,145547.0
0.1,333.0,748.0
0.101,275.0,3209.0
0.101,77.0,88.0
0.101,1131.0,70844.0
0.101,539.0,31696.0
0.101,452.0,12142.0
0.101,88.0,105.0
0.101,942.0,34912.0
0.101,187.0,237.0
0.101,494.0,7425.0
0.101,561.0,23531.5
0.101,490.0,16510.0
0.101,535.0,7300.0
0.101,429.0,6013.0
0.101,517.0,21515.0
0.102,685.0,31246.0
0.102,241.0,4326.0
0.102,417.0,22656.0
0.102,207.5,572.5
0.102,251.0,6164.0
0.102,441.5,118055.0
0.102,768.0,84731.0
0.102,248.0,1626.0
0.102,616.5,43047.5
0.102,578.0,27944.0
0.102,295.5,10592.0
0.102,381.0,6264.0
0.103,553.5,28278.0
0.103,327.3333333333333,6403.0
0.103,497.0,34452.0
0.103,228.0,1054.0
0.103,235.33333333333334,6209.666666666667
0.103,766.0,129372.0
0.103,948.0,28048.0
0.103,454.0,7593.0
0.103,384.0,5693.0
0.103,768.0,81259.0
0.103,815.0,56436.0
0.103,256.0,1310.0
0.103,265.0,11524.0
0.103,535.5,32335.0
0.103,1422.0,127688.0
0.103,442.0,4482.0
0.104,242.0,957.0
0.104,248.5,4272.5
0.104,969.0,43326.0
0.104,147.0,201.0
0.104,377.0,1154.0
0.104,472.0,30152.0
0.104,548.5,35694.5
0.104,258.0,1540.5
0.104,227.0,579.0
0.104,767.0,151878.0
0.104,1581.0,108125.0
0.104,768.0,176214.0
0.104,535.0,21160.5
0.104,437.0,35727.0
0.104,117.5,221.5
0.104,321.5,7493.0
0.104,488.5,16746.0
0.104,640.5,48531.5
0.105,1052.0,96626.0
0.105,823.0,16591.5
0.105,785.5,95521.0
0.105,391.0,1727.0
0.105,767.0,62988.0
0.105,146.0,346.0
0.105,390.0,7423.5
0.105,91.0,104.0
0.105,433.0,30522.5
0.105,665.5,30994.5
0.105,769.0,244392.0
0.105,119.0,254.0
0.105,78.0,88.0
0.105,231.0,10860.0
0.105,401.0,46156.0
0.106,219.0,1234.0
0.106,1071.0,32531.0
0.106,631.0,37010.0
0.106,548.3333333333334,71721.66666666667
0.106,501.0,29280.0
0.106,299.0,10372.0
0.106,767.0,51506.0
0.106,1017.2,54207.8
0.106,768.0,197225.0
0.106,157.0,196.0
0.106,631.5,30105.0
0.106,784.0,45748.0
0.106,729.0,39818.0
0.106,188.0,273.0
0.106,317.0,15996.0
0.107,80.0,83.0
0.107,1152.5,136836.5
0.107,1358.0,95949.5
0.107,375.0,4765.0
0.107,767.0,51621.0
0.107,768.5,156710.0
0.107,766.0,44343.0
0.107,181.5,4591.0
0.107,832.0,23174.0
0.107,597.0,2041.0
0.107,1008.0,39736.5
0.107,768.0,34864.0
0.107,633.0,5137.0
0.107,768.0,191882.0
0.107,509.0,28072.0
0.107,1277.0,31886.0
0.108,714.0,67467.0
0.108,1062.3333333333333,77461.33333333333
0.108,866.0,53833.75
0.108,520.3333333333334,15290.666666666666
0.108,557.5,9727.5
0.108,389.0,12366.0
0.108,993.0,65330.0
0.108,581.0,12608.0
0.108,1358.0,65178.0
0.108,125.0,141.0
0.108,589.0,16598.0
0.108,246.5,20626.5
0.108,1303.0,81367.5
0.108,870.75,62009.75
0.108,756.5,14217.0
0.108,400.3333333333333,6412.333333333333
0.108,570.5,51620.25
0.108,734.7142857142857,56751.28571428572
0.108,55.0,91.0
0.108,856.3333333333334,43476.333333333336
0.108,440.0,12388.0
0.108,1381.0,67296.0
0.108,768.0,27947.0
0.108,1381.0,88904.0
0.109,1710.0,78188.0
0.109,360.0,12441.0
0.109,486.0,13676.0
0.109,769.0,30510.0
0.109,526.0,35405.0
0.109,72.0,98.0
0.109,87.0,92.0
0.109,655.3333333333334,36524.333333333336
0.109,587.0,3032.0
0.109,666.3333333333334,68589.66666666667
0.109,433.6666666666667,10592.666666666666
0.109,571.0,29569.0
0.109,575.0,56556.0
0.109,810.0,20309.0
0.109,80.0,202.0
0.109,75.0,115.0
0.109,811.0,47186.0
0.109,301.5,8331.5
0.109,767.0,153092.0
0.109,268.0,447.0
0.109,447.0,11448.5
0.109,603.0,44433.666666666664
0.11,142.0,164.0
0.11,956.0,35517.5
0.11,86.0,150.0
0.11,150.5,471.0
0.11,298.0,406.0
0.11,126.0,139.0
0.11,323.0,11055.0
0.11,329.0,1519.0
0.11,89.0,91.0
0.11,97.0,158.0
0.11,93.0,109.0
0.11,849.5,19685.0
0.111,514.6666666666666,34360.333333333336
0.111,572.0,34202.0
0.111,441.0,16847.0
0.111,768.0,50508.0
0.111,251.0,6646.0
0.111,94.0,259.0
0.111,768.0,105017.0
0.111,87.0,98.0
0.111,930.3333333333334,57686.666666666664
0.111,87.0,92.0
0.111,911.0,52130.0
0.111,846.0,56604.0
0.111,82.0,88.0
0.111,513.0,16412.0
0.111,914.0,23532.0
0.111,665.0,65523.0
0.111,79.0,109.0
0.112,353.0,4395.0
0.112,1096.0,69678.0
0.112,768.0,116198.0
0.112,615.0,15562.0
0.112,721.0,20011.0
0.112,256.0,310.0
0.112,768.0,53884.0
0.112,278.5,12070.5
0.112,319.5,907.0
0.112,551.5,33090.5
0.112,147.0,208.0
0.112,1120.0,29180.0
0.112,461.0,8291.0
0.112,138.0,169.0
0.112,179.0,683.0
0.112,89.0,138.0
0.112,455.0,17360.0
0.113,468.0,11807.0
0.113,1077.0,53510.0
0.113,214.0,742.0
0.113,567.5,34946.5
0.113,960.0,20346.0
0.113,687.0,60256.0
0.113,363.0,3263.0
0.113,268.0,6618.0
0.113,169.0,310.0
0.113,382.0,7044.0
0.113,86.0,103.0
0.113,314.0,10861.0
0.113,517.5,23467.0
0.113,115.0,156.0
0.113,768.0,44595.0
0.113,314.0,1391.0
0.113,107.66666666666667,126.66666666666667
0.113,631.0,30373.0
0.113,233.0,709.0
0.114,442.0,16283.0
0.114,955.5,55296.5
0.114,110.0,228.0
0.114,100.0,148.0
0.114,124.0,129.0
0.114,338.0,7412.5
0.114,526.0,28239.0
0.114,132.0,170.5
0.114,768.0,97745.0
0.114,1153.5,195865.5
0.114,892.0,57256.0
0.114,549.0,117474.0
0.114,322.0,6538.0
0.114,517.5,25699.5
0.114,554.0,29997.0
0.114,431.0,35628.0
0.115,768.0,46435.0
0.115,220.0,8433.0
0.115,671.0,58888.0
0.115,756.0,16751.0
0.115,638.0,36239.0
0.115,1537.0,119483.0
0.115,467.5,26038.0
0.115,491.5,68213.5
0.115,466.75,15593.25
0.115,142.0,206.0
0.115,1320.0,77499.0
0.115,263.5,1530.0
0.115,531.0,33323.0
0.115,131.0,162.0
0.115,785.0,51908.0
0.116,517.0,21745.0
0.116,89.0,147.0
0.116,298.0,28821.0
0.116,113.0,148.0
0.116,138.0,163.0
0.116,150.0,170.0
0.116,416.0,2400.0
0.116,1537.0,174945.0
0.116,664.0,38267.0
0.116,442.0,18621.0
0.116,1446.0,57141.0
0.116,378.5,11730.0
0.116,30.0,31.0
0.116,676.0,40288.0
0.116,1671.0,114353.0
0.116,732.0,6996.0
0.116,319.0,3374.0
0.116,418.0,23304.5
0.116,434.5,27808.5
0.117,306.0,7293.0
0.117,354.0,1242.0
0.117,712.0,37887.0
0.117,398.0,19192.5
0.117,277.0,14003.0
0.117,405.0,2679.0
0.117,2307.0,130875.0
0.117,965.0,152848.0
0.117,155.0,493.0
0.117,270.6666666666667,8390.0
0.117,706.0,24102.0
0.117,768.0,124216.0
0.117,1064.0,37780.0
0.118,202.5,2853.5
0.118,90.0,147.0
0.118,672.5,27771.5
0.118,266.0,8732.0
0.118,768.0,47846.0
0.118,69.0,102.0
0.118,769.0,159936.0
0.118,284.0,1149.0
0.118,155.0,241.0
0.118,316.5,2547.0
0.118,257.0,8933.0
0.118,370.5,24771.5
0.118,768.0,43575.0
0.118,768.0,53388.0
0.118,116.5,266.5
0.119,466.5,27745.5
0.119,780.0,44423.0
0.119,766.0,23484.0
0.119,821.0,48088.0
0.119,210.0,516.0
0.119,618.0,40577.0
0.119,294.0,1045.0
0.119,509.0,60598.0
0.119,147.0,369.0
0.119,757.0,21514.0
0.119,500.0,33644.0
0.119,480.0,5362.0
0.12,1187.0,52909.333333333336
0.12,375.0,7970.0
0.12,643.6666666666666,40027.333333333336
0.12,185.5,2876.5
0.12,1443.6666666666667,113571.66666666667
0.12,170.0,1681.0
0.12,89.0,92.0
0.12,1148.0,79982.0
0.12,736.0,86396.66666666667
0.12,206.0,906.0
0.12,987.3333333333334,59775.333333333336
0.12,72.0,90.0
0.12,469.4,50780.6
0.12,74.0,1133.0
0.12,768.0,44061.0
0.12,2150.0,208733.0
0.12,78.0,82.0
0.12,518.0,7838.0
0.12,612.0,27934.0
0.12,692.0,44567.666666666664
0.12,353.5,28754.0
0.12,385.0,8869.333333333334
0.12,1379.0,88235.0
0.12,864.6666666666666,26512.0
0.12,137.0,3146.0
0.12,373.5,4341.0
0.12,67.0,939.0
0.121,482.0,7601.0
0.121,102.0,4472.0
0.121,811.0,59684.0
0.121,348.0,20726.0
0.121,485.5,11953.0
0.121,285.75,22279.0
0.121,389.0,21125.0
0.121,562.5,28037.0
0.121,371.0,21404.333333333332
0.121,1229.0,58795.0
0.121,192.5,628.0
0.121,583.0,1155.0
0.121,596.0,24786.5
0.121,504.0,28804.0
0.121,355.0,4663.0
0.121,1555.0,267243.0
0.121,474.3333333333333,22943.0
0.121,612.0,4859.5
0.121,740.0,20460.0
0.122,232.5,7325.0
0.122,575.0,2066.0
0.122,352.0,7566.0
0.122,768.0,25942.0
0.122,599.0,14004.0
0.122,258.0,571.0
0.122,442.0,43868.5
0.122,341.0,16811.0
0.123,287.0,1500.0
0.123,730.3333333333334,36098.333333333336
0.123,767.0,54939.0
0.123,839.0,151623.0
0.123,242.0,929.0
0.123,299.0,20477.0
0.123,449.0,21540.0
0.123,296.0,2182.0
0.123,151.0,335.0
0.123,105.0,299.0
0.123,209.0,9513.0
0.123,339.5,4916.5
0.123,277.5,4852.5
0.123,644.6666666666666,22743.666666666668
0.123,75.0,89.0
0.123,619.0,6328.0
0.123,271.0,33878.0
0.124,857.0,54407.0
0.124,579.0,17399.0
0.124,647.25,27141.25
0.124,131.0,245.0
0.124,646.0,2694.0
0.124,767.0,112650.0
0.124,2687.0,155821.0
0.124,89.0,107.0
0.124,1490.0,96924.0
0.124,768.0,51441.0
0.124,80.0,92.0
0.124,642.0,20049.0
0.124,527.0,8031.0
0.124,108.0,160.0
0.125,135.0,153.0
0.125,768.0,92813.0
0.125,768.0,39090.0
0.125,312.0,16107.0
0.125,1072.0,60710.0
0.125,822.0,38889.0
0.125,602.0,8573.0
0.125,356.0,3838.0
0.125,981.4,88922.0
0.125,648.0,22825.0
0.125,222.5,6096.5
0.126,426.0,2976.0
0.126,434.0,78905.0
0.126,515.5,42699.5
0.126,338.0,7164.0
0.126,612.0,35066.0
0.126,684.0,25475.5
0.126,206.0,863.0
0.126,493.6666666666667,19743.0
0.126,642.5,15899.0
0.126,130.0,235.0
0.126,176.0,424.0
0.126,923.5,51950.0
0.126,575.0,19291.5
0.126,907.0,92977.0
0.126,768.0,56826.0
0.126,514.0,5182.0
0.127,460.0,24902.0
0.127,691.0,16201.0
0.127,1028.0,44335.0
0.127,278.0,884.0
0.127,768.0,126847.0
0.127,416.0,68250.5
0.127,601.0,32334.0
0.127,616.0,45232.0
0.127,356.3333333333333,31626.666666666668
0.127,77.0,85.0
0.127,88.0,104.0
0.127,1061.0,33406.0
0.127,769.0,113441.0
0.127,784.5,24822.5
0.127,130.5,202.0
0.127,102.0,141.0
0.128,645.0,40399.0
0.128,769.0,60717.0
0.128,768.0,140897.0
0.128,118.0,265.0
0.128,767.0,71483.0
0.128,768.0,50924.0
0.128,767.0,172270.0
0.128,768.0,111811.0
0.128,262.0,1202.0
0.128,88.0,108.0
0.128,582.6666666666666,14837.333333333334
0.128,242.0,11888.0
0.128,206.0,500.0
0.128,153.0,197.0
0.128,442.0,14920.0
0.128,395.0,7986.5
0.128,132.0,196.0
0.128,94.0,139.0
0.128,683.0,74593.0
0.128,687.0,41322.0
0.129,668.0,23426.0
0.129,201.0,458.0
0.129,1628.5,139186.5
0.129,766.0,152235.0
0.129,166.0,261.0
0.129,163.5,256.5
0.129,1163.0,66256.0
0.129,430.5,24130.0
0.129,98.0,108.0
0.129,599.0,21124.0
0.129,474.0,50065.0
0.129,768.0,24168.0
0.129,451.0,1807.0
0.129,422.0,17414.0
0.129,807.0,139523.0
0.129,80.5,234.0
0.13,876.0,47713.0
0.13,141.5,174.0
0.13,80.0,99.0
0.13,375.0,10748.0
0.13,92.0,140.0
0.13,624.5,30283.5
0.13,218.0,1793.0
0.13,790.0,49724.0
0.13,433.5,42684.0
0.13,157.0,231.0
0.13,702.0,14670.5
0.13,566.5,13369.0
0.13,359.0,1584.0
0.131,767.0,57249.0
0.131,143.0,231.0
0.131,140.0,170.0
0.131,462.0,1184.0
0.131,770.0,177023.0
0.131,1153.0,84726.0
0.131,70.0,102.0
0.131,84.0,93.0
0.131,768.0,99384.0
0.131,419.0,2329.0
0.131,95.0,97.0
0.131,695.0,26396.0
0.131,93.0,105.0
0.131,571.0,25287.5
0.131,567.5,19958.5
0.131,131.0,183.5
0.131,24.0,125.0
0.132,518.1428571428571,26103.428571428572
0.132,363.0,6566.333333333333
0.132,77.0,1165.0
0.132,860.5,52343.0
0.132,767.6666666666666,30745.333333333332
0.132,833.0,50684.0
0.132,381.6666666666667,7191.333333333333
0.132,775.0,35268.666666666664
0.132,932.0,57926.0
0.132,515.6666666666666,25418.0
0.132,564.0,8702.0
0.132,506.0,28519.0
0.132,565.3333333333334,24111.666666666668
0.132,259.0,5326.0
0.132,75.0,942.0
0.132,487.5,36843.5
0.132,309.0,10332.0
0.132,775.0,41844.5
0.132,152.0,1006.0
0.132,54.0,95.0
0.132,1571.5,90097.0
0.132,555.6666666666666,42343.666666666664
0.132,1210.0,60982.5
0.132,1569.0,91619.0
0.132,511.0,10665.0
0.132,167.5,895.5
0.132,424.0,18796.0
0.133,681.3333333333334,84970.66666666667
0.133,1032.0,23539.0
0.133,1570.0,194854.0
0.133,1152.5,64433.0
0.133,106.0,157.0
0.133,185.5,2287.0
0.133,82.5,99.5
0.133,769.0,47193.0
0.133,541.0,2511.0
0.133,463.0,19894.666666666668
0.133,368.0,8931.0
0.133,106.0,360.0
0.133,435.0,5993.0
0.133,448.5,41437.0
0.133,292.0,8749.0
0.134,420.0,22856.666666666668
0.134,1085.5,50318.5
0.134,700.0,5400.0
0.134,768.0,50494.0
0.134,768.0,40550.0
0.134,366.0,18661.0
0.134,405.0,7262.333333333333
0.134,497.25,57772.5
0.134,359.0,4762.0
0.134,568.0,35387.0
0.134,149.0,266.0
0.134,558.0,68820.0
0.134,604.0,19477.0
0.134,318.0,2510.0
0.134,394.0,842.0
0.135,200.0,360.0
0.135,486.0,6146.5
0.135,407.0,3338.0
0.135,616.0,19163.0
0.135,332.0,15561.0
0.135,620.5,3058.0
0.135,1537.0,204507.0
0.135,784.0,169568.0
0.135,198.0,824.6666666666666
0.135,123.0,154.0
0.135,746.0,7032.0
0.135,406.0,2857.0
0.135,121.0,246.0
0.135,1044.0,19344.0
0.136,124.0,167.0
0.136,235.0,1452.0
0.136,151.0,176.0
0.136,291.3333333333333,13382.0
0.136,811.0,53392.0
0.136,940.5,48514.0
0.136,768.0,16277.0
0.136,420.5,33370.5
0.136,1537.0,201558.0
0.136,435.0,26673.0
0.136,768.0,48131.0
0.137,488.0,58459.333333333336
0.137,1556.0,113624.5
0.137,676.5,33953.5
0.137,717.5,27445.0
0.137,155.0,171.0
0.137,489.5,8607.5
0.137,529.0,26163.0
0.137,957.0,139672.5
0.137,343.3333333333333,13049.666666666666
0.137,229.0,1461.0
0.137,521.5,19354.5
0.137,753.0,37568.0
0.137,1052.0,39476.5
0.137,138.0,240.0
0.137,148.0,208.0
0.137,325.0,999.0
0.137,1215.0,270985.0
0.137,183.0,1082.0
0.137,537.0,20988.5
0.138,766.0,75446.0
0.138,346.0,18817.0
0.138,287.0,3393.0
0.138,434.0,23372.666666666668
0.138,339.5,15554.0
0.138,559.0,19805.333333333332
0.138,284.5,13116.5
0.138,443.5,66692.5
0.138,767.0,86878.0
0.138,767.0,243054.0
0.138,754.5,23615.5
0.138,439.0,1401.0
0.138,439.0,14095.0
0.138,87.0,94.0
0.139,548.0,24630.5
0.139,72.0,95.0
0.139,89.0,178.0
0.139,312.0,10607.333333333334
0.139,129.0,144.0
0.139,253.0,1487.0
0.139,392.5,13254.0
0.139,758.0,31225.0
0.139,825.0,100201.0
0.139,768.0,48027.0
0.139,66.0,94.0
0.139,913.6666666666666,78682.0
0.139,443.0,18657.0
0.139,506.0,11913.0
0.139,280.0,10402.0
0.139,830.0,24764.0
0.14,193.0,414.0
0.14,233.0,1549.0
0.14,783.0,9210.0
0.14,313.0,992.0
0.14,241.5,715.5
0.14,231.0,340.0
0.14,368.6666666666667,19973.333333333332
0.14,764.0,29515.0
0.14,268.0,1221.0
0.14,361.0,7332.5
0.14,686.0,43444.0
0.14,291.0,725.0
0.14,516.5,60593.0
0.14,623.0,31157.0
0.14,750.3333333333334,26419.0
0.14,549.5,65871.75
0.14,272.5,12636.0
0.141,511.0,4470.0
0.141,199.0,4639.666666666667
0.141,81.0,95.0
0.141,767.0,210260.0
0.141,397.0,17412.0
0.141,421.5,18751.5
0.141,457.0,1372.0
0.141,768.0,57712.0
0.142,176.0,1044.0
0.142,290.5,2772.5
0.142,950.0,65733.0
0.142,730.0,24879.0
0.142,147.0,641.0
0.142,83.0,89.0
0.142,221.0,564.0
0.142,768.0,138668.0
0.142,380.3333333333333,25677.666666666668
0.142,768.0,58973.0
0.142,83.0,96.0
0.143,736.8,35368.8
0.143,559.75,23640.25
0.143,303.5,10929.5
0.143,162.0,1425.0
0.143,768.0,160547.0
0.143,309.6666666666667,7337.0
0.143,402.5,17767.0
0.143,67.0,749.0
0.143,187.0,215.0
0.143,393.6666666666667,13290.0
0.143,439.5,6307.5
0.143,155.66666666666666,2871.6666666666665
0.143,996.5,78245.5
0.143,116.5,2471.0
0.143,389.0,5689.0
0.143,421.0,11007.5
0.143,841.0,78076.4
0.143,609.0,11324.0
0.143,333.5,6425.5
0.143,425.0,8370.0
0.143,393.0,8432.5
0.143,191.0,3100.0
0.143,407.75,60211.5
0.143,461.3333333333333,15686.666666666666
0.143,1427.5,61248.0
0.144,768.0,64828.0
0.144,1182.0,20406.0
0.144,74.0,92.0
0.144,768.0,51853.0
0.144,134.0,143.0
0.144,284.0,1421.0
0.144,160.0,197.0
0.144,488.0,27176.0
0.144,2126.0,120043.0
0.144,175.0,5796.0
0.144,91.5,151.5
0.144,1536.0,181875.0
0.144,334.0,5213.0
0.144,425.0,21707.0
0.144,91.0,142.0
0.144,767.0,96177.0
0.145,309.0,19409.0
0.145,616.3333333333334,18415.333333333332
0.145,572.0,12587.0
0.145,123.0,212.0
0.145,480.0,11986.0
0.145,766.0,182336.0
0.145,85.0,93.0
0.145,582.0,15844.0
0.145,324.0,15179.0
0.145,185.5,6776.5
0.145,653.5,23128.5
0.145,200.0,696.5
0.145,71.0,101.0
0.145,420.0,11651.0
0.145,120.0,206.0
0.145,1523.0,70595.0
0.145,890.0,44701.0
0.145,97.0,102.0
0.146,560.0,74956.5
0.146,309.0,2271.0
0.146,391.0,2198.0
0.146,414.0,19157.0
0.146,487.0,60349.0
0.146,136.0,159.0
0.146,429.0,12038.0
0.146,92.0,106.0
0.146,411.0,2257.0
0.146,257.0,649.0
0.146,437.5,108187.0
0.146,450.0,20065.0
0.146,195.0,446.0
0.146,841.0,22718.0
0.146,304.0,1665.0
0.146,311.0,1043.0
0.147,498.0,32620.0
0.147,463.0,15229.0
0.147,539.5,43878.0
0.147,1569.0,91956.0
0.147,411.0,10161.0
0.147,67.5,105.0
0.147,189.0,258.0
0.147,653.0,39375.0
0.147,985.0,22133.0
0.147,417.0,146254.0
0.147,769.0,121294.0
0.148,178.5,766.0
0.148,131.0,253.0
0.148,769.0,96300.0
0.148,78.0,101.0
0.148,55.0,130.0
0.148,105.0,149.0
0.148,204.0,913.0
0.148,85.0,154.0
0.148,204.0,418.0
0.148,487.0,5413.0
0.148,575.0,33492.0
0.148,496.0,3728.0
0.149,900.0,20994.0
0.149,489.0,7220.0
0.149,466.5,7526.0
0.149,769.0,159345.0
0.149,90.0,180.5
0.149,92.0,205.0
0.149,106.0,153.0
0.149,129.0,222.0
0.149,500.75,39755.0
0.149,287.0,4385.0
0.149,766.0,30437.0
0.149,216.0,1306.0
0.149,80.0,103.0
0.149,675.0,54448.0
0.149,680.0,25895.0
0.149,220.0,970.0
0.149,399.0,16836.0
0.149,285.0,22055.0
0.15,1233.0,63289.0
0.15,426.0,78040.5
0.15,768.0,123582.0
0.15,304.5,6148.0
0.15,60.0,105.0
0.15,81.0,84.0
0.15,148.0,540.0
0.15,274.0,9918.5
0.15,699.0,51165.0
0.15,394.5,7003.0
0.15,131.0,157.0
0.15,1039.0,36943.0
0.15,1595.0,106169.0
0.15,490.0,24198.0
0.15,371.0,14726.0
0.15,2307.0,156373.0
0.151,316.0,9112.0
0.151,519.0,42415.0
0.151,187.0,5447.5
0.151,802.5,40531.0
0.151,600.0,19535.0
0.151,3075.0,342567.0
0.151,91.0,112.0
0.151,750.0,28661.5
0.151,1534.0,248227.0
0.151,440.0,9098.0
0.151,849.0,30578.0
0.151,142.0,160.0
0.151,584.5,5793.5
0.151,131.0,324.0
0.151,767.0,108171.0
0.151,779.0,39078.0
0.151,421.0,9692.5
0.152,91.0,99.0
0.152,1064.0,15383.0
0.152,427.0,62191.0
0.152,83.0,138.0
0.152,318.0,1323.5
0.152,380.0,1793.0
0.152,310.0,19850.0
0.152,685.0,24949.0
0.152,3937.0,299513.0
0.152,78.0,149.0
0.152,121.0,272.0
0.152,116.0,143.0
0.152,491.0,13625.0
0.152,340.0,4589.0
0.153,131.0,667.0
0.153,58.0,108.0
0.153,72.0,105.0
0.153,816.0,16675.0
0.153,726.0,56924.25
0.153,797.0,164890.0
0.153,1086.5,55613.0
0.153,89.0,152.0
0.153,125.0,154.0
0.153,356.0,31596.5
0.153,1017.0,62621.0
0.153,384.0,8137.0
0.153,73.0,229.0
0.153,1355.0,34248.0
0.153,2884.0,203113.0
0.154,832.5,64275.5
0.154,100.0,107.0
0.154,295.0,1141.0
0.154,141.0,291.0
0.154,125.5,342.5
0.154,571.0,5653.0
0.154,769.0,80577.0
0.154,112.0,159.0
0.154,90.0,102.0
0.154,187.0,4879.0
0.154,87.0,101.0
0.154,257.0,5072.0
0.154,165.0,567.0
0.155,243.5,2263.5
0.155,445.0,11990.0
0.155,2037.0,182850.0
0.155,2184.0,128417.0
0.155,549.0,9711.0
0.155,220.0,1386.0
0.155,3125.0,176528.0
0.155,137.0,288.0
0.155,86.0,100.0
0.155,227.0,2716.0
0.155,1388.5,157711.5
0.155,394.0,3660.0
0.155,532.0,3972.0
0.155,167.0,405.0
0.155,469.0,20872.0
0.155,679.5,20817.5
0.155,1103.0,65625.0
0.155,615.0,41478.0
0.155,262.0,14686.0
0.155,1088.6666666666667,90121.33333333333
0.155,779.0,190099.0
0.155,865.0,67626.0
0.155,334.0,8822.0
0.156,242.0,8008.333333333333
0.156,222.0,650.0
0.156,156.0,4248.0
0.156,593.0,15820.5
0.156,549.0,7320.0
0.156,1943.0,166432.0
0.156,164.5,369.0
0.156,1461.0,178377.0
0.156,1074.0,100255.0
0.156,1161.0,56633.0
0.156,144.5,1379.5
0.156,102.0,114.0
0.156,74.0,128.0
0.156,151.0,342.0
0.156,735.0,105717.0
0.156,586.0,9359.0
0.157,178.5,8228.0
0.157,4001.0,412292.0
0.157,133.0,269.0
0.157,128.0,259.0
0.157,1537.0,182541.0
0.157,244.0,6028.0
0.157,1001.0,24604.0
0.157,97.0,146.5
0.157,1009.0,35538.0
0.157,227.0,3476.0
0.157,768.0,23962.0
0.157,769.0,171464.0
0.157,828.0,59381.5
0.157,1224.0,116777.0
0.158,172.5,608.5
0.158,588.0,17380.5
0.158,492.0,17979.0
0.158,195.0,1654.0
0.158,260.0,2386.0
0.158,160.5,395.0
0.158,3076.0,285597.0
0.158,326.5,1208.0
0.158,2287.5,195594.0
0.158,685.0,58796.0
0.158,543.0,44303.0
0.158,64.0,85.0
0.158,287.0,839.0
0.158,788.6666666666666,55993.333333333336
0.158,109.5,351.0
0.158,617.0,14249.0
0.158,71.0,90.0
0.158,69.0,71.0
0.158,627.6666666666666,47636.666666666664
0.158,167.0,287.0
0.158,76.0,95.0
0.158,26.0,48.0
0.159,143.0,201.0
0.159,76.0,98.0
0.159,170.75,685.0
0.159,79.0,196.0
0.159,244.0,297.0
0.159,243.0,654.0
0.159,2627.6666666666665,167214.33333333334
0.159,3075.0,197854.0
0.159,79.0,197.0
0.159,667.0,19801.0
0.159,259.0,1617.0
0.159,650.0,56615.0
0.159,1001.0,52962.0
0.159,92.0,140.0
0.159,858.0,107886.0
0.159,685.0,31848.0
0.159,1537.0,219736.0
0.159,767.0,34772.0
0.159,62.0,116.0
0.16,547.0,10669.0
0.16,124.0,369.0
0.16,420.0,2905.0
0.16,86.0,180.0
0.16,1190.5,75414.0
0.16,3883.0,393014.0
0.16,87.0,106.0
0.16,356.5,9965.5
0.16,79.0,96.0
0.16,2154.5,231125.0
0.16,368.0,93051.0
0.16,185.0,236.0
0.16,555.0,32220.666666666668
0.16,194.0,356.0
0.16,409.0,3699.5
0.16,396.0,15492.0
0.161,208.0,1501.5
0.161,347.0,1431.5
0.161,339.0,1971.0
0.161,395.0,4908.0
0.161,121.0,196.0
0.161,134.0,155.0
0.161,4001.0,299877.0
0.161,212.5,1080.0
0.161,84.0,98.0
0.161,3182.0,385754.0
0.161,235.0,4016.0
0.161,73.0,98.0
0.161,463.0,37940.0
0.162,148.0,308.0
0.162,4001.0,435432.0
0.162,512.0,44420.0
0.162,734.0,58791.0
0.162,720.0,36278.0
0.162,2307.0,369989.0
0.162,744.5,15582.5
0.162,107.0,195.0
0.162,3732.5,323511.5
0.162,2122.0,184302.5
0.162,1290.0,75079.0
0.162,95.0,96.0
0.162,2034.6666666666667,140364.0
0.163,1215.5,58916.0
0.163,1565.0,138665.5
0.163,95.0,139.0
0.163,1213.0,94972.0
0.163,1042.0,13579.0
0.163,599.0,22903.0
0.163,1260.0,78081.5
0.163,3247.0,219964.0
0.163,84.0,154.0
0.163,917.0,43217.0
0.163,165.5,2089.0
0.163,854.0,37012.0
0.163,494.0,21350.0
0.163,147.33333333333334,536.3333333333334
0.163,697.0,39853.5
0.164,408.0,13475.0
0.164,1317.5,50822.5
0.164,1436.0,246816.0
0.164,98.0,152.0
0.164,155.0,2020.75
0.164,373.5,1640.0
0.164,1508.0,124815.0
0.164,288.0,2436.0
0.164,618.0,91106.0
0.164,594.5,12150.0
0.164,145.0,301.0
0.164,876.0,37276.5
0.164,140.0,217.0
0.164,81.0,102.0
0.164,1130.3333333333333,85160.33333333333
0.164,3521.0,264631.0
0.164,575.0,17463.0
0.165,80.0,92.0
0.165,314.0,5480.0
0.165,3915.0,285549.0
0.165,473.5,9768.0
0.165,4001.0,471125.0
0.165,1913.0,120609.0
0.165,97.0,357.5
0.165,91.0,169.0
0.165,164.0,814.0
0.165,238.0,1115.0
0.165,111.0,139.0
0.165,1022.5,76694.33333333333
0.165,94.0,194.0
0.165,378.5,6709.5
0.165,102.0,211.5
0.165,416.0,12721.0
0.166,99.0,248.0
0.166,383.0,10375.5
0.166,83.0,101.0
0.166,3651.0,364828.0
0.166,555.0,16231.0
0.166,688.3333333333334,46710.666666666664
0.166,1277.0,83647.0
0.166,237.0,1613.0
0.166,85.5,107.0
0.166,180.0,350.0
0.166,886.0,32342.0
0.166,568.0,16059.333333333334
0.166,694.5,20135.0
0.166,136.0,438.0
0.166,238.0,3238.0
0.166,473.5,11082.0
0.166,128.0,327.0
0.166,403.0,19272.0
0.167,125.0,1728.6
0.167,1081.0,23873.0
0.167,2207.0,122072.0
0.167,569.3333333333334,29564.666666666668
0.167,2040.0,137189.5
0.167,279.0,1373.5
0.167,75.0,86.0
0.167,530.0,11566.0
0.167,230.66666666666666,1733.3333333333333
0.167,724.0,30436.4
0.167,158.5,954.5
0.167,419.3333333333333,5446.333333333333
0.167,50.0,92.0
0.167,1381.0,79419.66666666667
0.167,3024.0,185654.0
0.167,1149.75,61763.5
0.167,2040.0,160402.0
0.167,1923.5,155498.75
0.167,4001.0,360704.0
0.167,1208.6666666666667,73963.33333333333
0.167,287.0,3954.0
0.167,128.0,223.5
0.167,305.0,6455.0
0.167,464.0,11725.0
0.167,2150.0,148618.0
0.168,98.0,109.0
0.168,371.0,3376.0
0.168,423.0,5434.0
0.168,2692.0,131562.0
0.168,194.0,262.0
0.168,78.0,98.0
0.168,4001.0,263957.0
0.168,2274.0,170414.0
0.168,1107.0,25247.0
0.168,232.5,4037.5
0.168,611.0,40044.0
0.168,4001.0,276715.0
0.168,128.0,347.0
0.168,287.0,12397.0
0.168,4001.0,274951.0
0.168,716.0,12440.5
0.168,166.0,428.0
0.169,578.0,11050.0
0.169,912.0,47246.0
0.169,2402.5,216206.0
0.169,378.0,7898.333333333333
0.169,2273.0,181571.0
0.169,455.5,13789.5
0.169,334.5,14397.5
0.169,136.0,191.0
0.169,2132.5,112016.0
0.169,198.5,612.5
0.169,2769.0,164193.5
0.169,242.0,758.0
0.169,177.33333333333334,1776.3333333333333
0.169,96.0,147.0
0.169,296.0,1042.5
0.169,72.0,85.0
0.169,83.0,108.0
0.17,548.0,10581.0
0.17,4001.0,489080.0
0.17,1083.0,34495.5
0.17,328.0,8587.0
0.17,64.0,104.0
0.17,251.0,1156.0
0.17,102.0,115.0
0.17,199.0,4118.0
0.17,243.0,2525.0
0.17,1033.0,75247.0
0.17,1190.0,48528.5
0.17,303.0,1598.0
0.17,211.0,731.0
0.17,101.0,107.0
0.171,4001.0,390956.0
0.171,183.5,906.5
0.171,150.0,406.6666666666667
0.171,92.0,103.0
0.171,587.0,13301.0
0.171,82.0,99.0
0.171,86.0,92.0
0.171,1617.0,142398.0
0.171,506.0,16367.0
0.171,390.0,1979.0
0.171,1042.0,56541.0
0.171,211.5,4401.0
0.171,342.3333333333333,10880.0
0.171,391.0,13566.0
0.171,2347.0,121110.0
0.171,761.0,18611.0
0.171,311.0,3566.0
0.172,729.0,19833.0
0.172,2089.0,131705.0
0.172,393.0,3850.0
0.172,4001.0,257941.0
0.172,691.0,36268.5
0.172,100.0,219.0
0.172,352.0,8189.0
0.172,1186.0,65152.0
0.172,99.0,166.0
0.172,2047.5,156217.0
0.172,431.0,4832.0
0.172,4001.0,301983.0
0.172,92.0,240.0
0.172,335.0,2691.0
0.172,349.0,2314.0
0.172,1537.0,230693.0
0.173,1219.0,59910.0
0.173,76.0,93.5
0.173,149.0,170.0
0.173,362.0,8742.5
0.173,419.0,11538.5
0.173,478.0,34582.0
0.173,1006.6666666666666,37099.333333333336
0.173,199.5,2870.0
0.173,128.0,296.0
0.173,102.0,143.0
0.173,1617.0,90290.0
0.173,505.0,23336.0
0.173,486.0,15763.0
0.173,268.0,1164.0
0.173,147.0,275.0
0.173,2931.0,269525.0
0.173,274.0,642.0
0.173,348.0,2575.0
0.174,498.0,8497.0
0.174,2192.0,135746.0
0.174,3075.0,206696.0
0.174,269.0,603.0
0.174,2195.0,151915.0
0.174,81.0,90.0
0.174,355.5,3575.5
0.174,125.0,213.0
0.174,4001.0,296720.0
0.174,155.0,366.0
0.174,166.0,252.0
0.174,107.0,236.0
0.174,452.0,17611.0
0.174,616.0,14063.0
0.174,152.0,243.0
0.174,106.0,140.0
0.174,665.0,21979.0
0.175,1536.0,52292.0
0.175,87.0,115.0
0.175,171.0,227.0
0.175,109.0,112.0
0.175,323.0,3793.0
0.175,298.0,7437.0
0.175,438.5,7119.5
0.175,405.75,8909.0
0.175,181.0,764.0
0.175,398.0,9540.0
0.175,123.0,402.0
0.175,87.0,95.0
0.175,1029.0,59132.5
0.175,76.0,104.0
0.176,4001.0,311146.0
0.176,274.0,2630.0
0.176,1399.0,188154.0
0.176,75.5,89.0
0.176,154.0,517.0
0.176,125.0,191.0
0.176,210.0,475.0
0.176,2285.0,170645.0
0.176,227.0,997.0
0.176,4001.0,251803.0
0.176,3564.5,225631.5
0.177,2549.0,246825.0
0.177,2877.0,264078.0
0.177,2285.5,129157.5
0.177,2068.0,133039.5
0.177,478.0,4999.0
0.177,364.0,4725.0
0.177,116.5,361.5
0.177,504.0,15940.0
0.177,567.0,28602.0
0.177,130.0,328.0
0.177,117.0,175.0
0.177,1003.0,50276.0
0.177,131.0,218.5
0.177,324.0,5849.0
0.178,278.0,3267.0
0.178,65.0,653.0
0.178,2562.0,215359.0
0.178,519.0,10708.5
0.178,653.5,21930.0
0.178,1317.25,71251.0
0.178,197.0,2358.0
0.178,75.0,98.0
0.178,145.66666666666666,1691.0
0.178,85.0,179.0
0.178,125.0,138.0
0.178,164.0,888.0
0.178,58.0,566.0
0.178,148.0,1415.0
0.178,69.5,495.5
0.178,904.0,55959.0
0.178,1372.5,61368.5
0.178,175.0,2666.0
0.178,992.5,55104.5
0.178,2143.6666666666665,152143.0
0.178,466.0,7808.5
0.178,2920.0,352183.0
0.178,449.0,9626.0
0.178,547.0,18692.0
0.179,379.0,4655.5
0.179,527.0,9662.0
0.179,4001.0,246724.0
0.179,112.0,131.0
0.179,610.0,6095.0
0.179,96.0,101.0
0.179,2279.0,120199.0
0.179,275.0,22061.0
0.179,276.0,993.0
0.179,1158.0,57481.0
0.179,91.0,152.0
0.179,76.0,103.0
0.179,111.0,407.0
0.179,200.0,1263.0
0.179,588.0,30971.0
0.179,1184.5,51898.5
0.179,268.0,1522.0
0.18,105.0,153.0
0.18,270.5,18505.0
0.18,69.0,96.5
0.18,614.0,7585.0
0.18,459.0,12201.0
0.18,206.5,845.5
0.18,130.0,151.0
0.18,123.0,157.0
0.18,811.3333333333334,43303.666666666664
0.18,698.0,28330.0
0.18,369.0,33676.0
0.18,368.0,3348.0
0.18,462.0,33489.0
0.181,2206.5,173807.0
0.181,404.25,11717.75
0.181,291.0,5293.5
0.181,560.0,9561.0
0.181,1400.5,104085.5
0.181,90.0,142.0
0.181,447.0,11368.0
0.181,433.5,3516.0
0.181,395.0,5718.0
0.181,71.0,100.0
0.181,252.0,921.0
0.181,85.0,102.0
0.181,258.0,761.0
0.181,504.0,6020.0
0.181,98.0,228.0
0.181,122.0,285.0
0.181,1369.6666666666667,173388.0
0.181,247.66666666666666,15608.333333333334
0.182,592.0,23873.0
0.182,128.0,262.0
0.182,298.5,4275.0
0.182,179.0,2262.5
0.182,292.0,742.0
0.182,110.0,196.0
0.182,126.0,281.5
0.182,97.0,113.0
0.182,294.0,4840.0
0.182,1386.0,38872.0
0.182,4001.0,224651.0
0.182,546.0,77547.66666666667
0.182,300.0,6201.0
0.182,101.0,209.0
0.182,209.5,2154.5
0.183,1088.0,46270.0
0.183,111.0,301.0
0.183,223.0,23020.666666666668
0.183,222.0,985.0
0.183,258.0,463.0
0.183,182.0,283.0
0.183,1655.0,72034.0
0.183,1633.4,103798.4
0.183,87.0,170.0
0.183,4001.0,271307.0
0.183,408.0,20879.0
0.183,106.5,309.5
0.183,3844.0,241379.0
0.183,1082.6666666666667,68633.66666666667
0.183,78.0,145.0
0.183,968.0,63464.0
0.183,695.5,28444.0
0.184,536.0,12926.5
0.184,78.0,91.0
0.184,2454.5,273302.0
0.184,740.0,20567.0
0.184,85.5,131.0
0.184,79.0,95.0
0.184,412.0,5417.0
0.184,143.0,200.0
0.184,1667.5,102880.5
0.184,4001.0,337904.0
0.184,263.0,659.0
0.184,1167.5,94108.0
0.184,2116.0,108148.0
0.184,493.0,5786.0
0.184,2050.5,126230.0
0.184,342.0,6699.0
0.184,203.0,563.0
0.184,158.0,918.0
0.185,135.0,177.0
0.185,74.0,92.0
0.185,101.0,159.0
0.185,529.0,19560.5
0.185,360.5,10273.0
0.185,65.0,95.0
0.185,889.0,8272.0
0.185,156.0,555.0
0.185,4001.0,277961.0
0.185,2137.5,188941.0
0.185,70.5,87.5
0.185,72.0,103.0
0.185,207.5,696.0
0.185,413.0,12581.0
0.186,236.0,822.0
0.186,95.0,106.0
0.186,333.0,4312.0
0.186,196.0,3232.0
0.186,107.0,137.0
0.186,4001.0,226284.0
0.186,124.0,149.0
0.186,220.0,3243.0
0.186,257.0,1217.0
0.186,76.0,92.0
0.186,73.0,142.0
0.186,618.0,4669.0
0.186,1506.0,81443.0
0.186,72.0,137.0
0.187,165.0,609.5
0.187,185.0,637.0
0.187,500.0,19236.0
0.187,117.0,287.0
0.187,108.0,301.0
0.187,59.0,101.0
0.187,413.0,7734.0
0.187,3733.0,229481.0
0.187,203.0,1335.0
0.187,284.0,538.0
0.187,122.0,169.0
0.187,154.0,1371.0
0.187,371.5,31167.0
0.187,1628.0,79784.0
0.187,87.0,106.5
0.187,142.0,256.0
0.187,1314.75,96852.5
0.188,140.0,288.0
0.188,1442.3333333333333,144403.0
0.188,768.0,71936.0
0.188,101.0,103.0
0.188,1864.0,118812.0
0.188,1981.0,115234.0
0.188,399.0,5852.0
0.188,146.5,416.0
0.188,440.0,4223.0
0.188,4001.0,273473.0
0.188,710.0,44222.0
0.188,3538.0,252147.5
0.188,82.0,102.0
0.188,1060.0,52899.0
0.188,187.0,744.0
0.189,223.0,957.0
0.189,1491.0,78562.0
0.189,175.0,747.0
0.189,607.5,74419.5
0.189,159.0,2238.5
0.189,143.0,453.0
0.189,77.0,96.0
0.189,77.0,94.0
0.189,4001.0,245193.0
0.189,1828.0,75862.0
0.189,129.0,688.0
0.189,147.0,256.0
0.189,161.0,429.0
0.189,1258.0,85389.0
0.189,95.0,200.0
0.189,807.0,40087.0
0.19,470.0,5937.0
0.19,1563.3333333333333,89866.0
0.19,710.0,35501.0
0.19,326.0,6269.0
0.19,198.0,1894.0
0.19,131.0,2133.0
0.19,90.0,106.0
0.19,184.0,3674.0
0.19,233.0,2951.0
0.19,271.0,1621.0
0.19,2066.5,195646.0
0.19,4001.0,222740.0
0.19,166.0,472.0
0.19,174.66666666666666,1849.0
0.19,484.0,6670.0
0.19,70.5,876.0
0.19,2754.3333333333335,165632.66666666666
0.19,317.0,6502.0
0.19,3120.0,305462.0
0.19,189.0,981.0
0.19,609.0,21499.0
0.19,104.0,106.0
0.191,92.0,104.0
0.191,712.5,26911.5
0.191,68.0,97.5
0.191,234.0,1356.0
0.191,370.0,17729.0
0.191,193.0,558.0
0.191,73.0,97.0
0.191,154.0,446.0
0.191,2428.0,130786.0
0.191,1337.5,86908.0
0.191,155.0,726.0
0.191,3758.0,425994.0
0.191,94.0,152.0
0.191,332.0,782.0
0.191,380.0,5879.0
0.191,116.0,180.0
0.192,116.0,276.5
0.192,196.5,836.5
0.192,357.5,11200.5
0.192,183.0,434.0
0.192,430.0,10295.0
0.192,98.0,111.0
0.192,201.0,2851.0
0.192,1367.6666666666667,72679.33333333333
0.192,496.0,1764.0
0.192,453.0,4740.0
0.192,86.0,94.0
0.192,243.0,1652.0
0.192,91.0,140.0
0.192,166.0,591.0
0.192,935.0,52520.0
0.192,186.0,437.0
0.193,80.0,93.0
0.193,99.0,106.0
0.193,117.0,221.0
0.193,803.5,22089.5
0.193,494.0,24479.0
0.193,2043.0,125565.0
0.193,112.0,191.0
0.193,130.0,150.0
0.193,90.66666666666667,128.0
0.193,134.5,306.0
0.193,1997.0,106553.0
0.193,71.0,94.0
0.193,72.0,95.0
0.193,1385.0,62158.0
0.193,81.0,85.0
0.193,1493.6666666666667,60796.333333333336
0.193,1398.0,54233.0
0.193,574.0,12148.0
0.193,111.0,153.0
0.193,121.0,330.0
0.194,1359.0,264648.0
0.194,206.0,915.0
0.194,408.0,8257.0
0.194,377.5,51895.0
0.194,950.0,47978.0
0.194,461.3333333333333,11272.333333333334
0.194,162.0,1634.0
0.194,1128.0,40406.5
0.194,88.0,102.0
0.194,3606.0,227051.0
0.194,1659.5,116628.5
0.194,702.0,70237.0
0.194,361.5,4086.5
0.194,913.5,107070.0
0.194,71.0,95.0
0.194,137.0,444.0
0.194,799.25,17873.0
0.194,1767.6666666666667,132424.33333333334
0.195,130.5,560.5
0.195,283.0,365.0
0.195,108.0,157.0
0.195,235.0,538.0
0.195,80.0,137.0
0.195,210.0,504.0
0.195,2736.0,260931.0
0.195,249.0,5095.0
0.195,223.0,940.0
0.195,103.0,145.0
0.195,805.5,63119.5
0.195,156.5,1499.5
0.195,98.0,203.0
0.195,514.5,18338.5
0.195,106.0,247.0
0.195,310.0,2926.0
0.195,4001.0,346431.0
0.196,105.0,108.0
0.196,251.0,781.0
0.196,1295.0,72536.5
0.196,98.0,153.0
0.196,148.0,154.0
0.196,267.0,24161.333333333332
0.196,3597.0,214664.0
0.196,2090.5,120740.0
0.196,134.0,518.0
0.196,1100.0,36751.0
0.196,742.3333333333334,51919.666666666664
0.196,271.0,4925.0
0.196,164.33333333333334,768.6666666666666
0.196,405.0,10567.5
0.196,468.0,3077.0
0.196,3084.0,184968.0
0.196,311.0,2000.0
0.196,627.0,21631.0
0.196,1010.0,34680.0
0.196,1197.0,58571.0
0.197,86.0,94.0
0.197,522.0,13567.666666666666
0.197,131.0,153.0
0.197,538.0,28078.0
0.197,384.0,4060.3333333333335
0.197,289.0,3742.0
0.197,610.0,50205.0
0.197,563.5,44667.5
0.197,78.0,88.0
0.197,555.0,21206.0
0.197,180.0,653.0
0.197,387.0,3991.0
0.197,219.33333333333334,5823.0
0.197,789.0,44368.0
0.197,1187.0,68450.0
0.198,391.5,38991.5
0.198,110.0,294.0
0.198,1357.0,62110.0
0.198,130.0,244.0
0.198,89.0,201.0
0.198,608.5,31978.5
0.198,1363.0,86091.0
0.198,379.0,9487.666666666666
0.198,102.0,104.0
0.198,241.0,7433.0
0.198,508.0,3093.0
0.198,238.0,3682.0
0.198,120.0,335.0
0.198,114.0,300.0
0.198,156.0,239.0
0.199,304.0,3172.0
0.199,1657.0,89430.0
0.199,123.66666666666667,161.33333333333334
0.199,511.0,28079.0
0.199,404.0,11014.0
0.199,2222.0,196128.0
0.199,148.0,161.0
0.199,517.0,15451.0
0.199,78.0,94.0
0.199,1189.0,89492.0
0.199,130.5,1357.5
0.199,1033.0,95564.0
0.199,4001.0,290335.5
0.2,103.0,214.0
0.2,70.0,103.0
0.2,89.0,145.0
0.2,723.5,30445.0
0.2,1819.0,77201.0
0.2,963.0,43383.0
0.2,768.0,77565.0
0.2,3844.0,183213.0
0.2,1569.0,81491.0
0.2,1044.0,141024.5
0.2,93.5,159.0
0.2,377.0,20127.5
0.2,1555.0,170360.5
0.2,1105.0,53727.0
0.2,258.0,2724.0
0.2,88.5,226.0
0.2,587.0,9198.0
0.201,4001.0,283540.0
0.201,88.0,126.5
0.201,2755.0,167224.0
0.201,1243.0,53957.0
0.201,2040.5,159484.0
0.201,213.0,1118.0
0.201,633.0,33593.0
0.201,232.0,2006.0
0.201,95.0,111.0
0.201,1409.5,70206.5
0.201,177.5,630.5
0.201,851.0,32608.0
0.201,156.0,597.0
0.201,4001.0,266140.0
0.201,68.0,85.0
0.201,113.0,117.0
0.201,455.0,11602.0
0.201,769.0,41959.0
0.201,1686.0,129947.33333333333
0.201,222.0,935.0
0.201,276.0,1830.0
0.202,73.0,851.0
0.202,865.0,32550.5
0.202,2235.6666666666665,125666.0
0.202,2632.0,155649.0
0.202,1795.5,96216.0
0.202,134.0,365.0
0.202,148.0,2445.0
0.202,126.0,1672.0
0.202,290.0,3720.5
0.202,237.0,1385.0
0.202,1227.0,50672.0
0.202,2055.5,116721.0
0.202,68.0,563.0
0.202,1054.6,46525.4
0.202,1847.0,86714.33333333333
0.202,3690.0,212186.0
0.202,118.0,1201.0
0.202,110.0,156.0
0.202,56.0,94.0
0.202,274.0,4532.0
0.202,206.0,4043.0
0.202,639.5,22294.0
0.202,269.0,5012.0
0.202,192.5,1701.0
0.202,72.0,836.0
0.202,79.0,95.0
0.202,76.5,561.0
0.203,284.0,4431.5
0.203,90.0,156.0
0.203,90.0,173.66666666666666
0.203,3165.0,179484.0
0.203,146.0,184.0
0.203,753.0,108636.0
0.203,111.0,463.0
0.203,123.0,165.0
0.203,2241.0,181093.0
0.203,286.6666666666667,15808.333333333334
0.203,311.0,1717.0
0.203,1390.0,149347.0
0.203,310.3333333333333,15285.666666666666
0.204,4001.0,352908.0
0.204,715.0,24829.0
0.204,4001.0,289979.0
0.204,1043.0,36496.0
0.204,384.5,3367.0
0.204,53.0,94.0
0.204,4001.0,355205.0
0.204,671.0,19049.0
0.204,1266.0,166524.0
0.204,129.0,390.5
0.204,4001.0,347383.0
0.204,95.0,179.0
0.204,1158.0,36249.0
0.204,88.0,98.0
0.204,2480.0,260185.0
0.204,597.0,106522.0
0.204,1210.6666666666667,67664.66666666667
0.204,988.0,189578.0
0.204,1092.0,145474.0
0.204,217.0,889.0
0.205,226.0,5050.0
0.205,1331.6666666666667,86719.0
0.205,90.0,103.0
0.205,1339.0,120209.0
0.205,83.0,157.0
0.205,4001.0,444035.0
0.205,303.0,2543.0
0.205,187.5,1861.0
0.205,511.5,6202.0
0.205,1328.0,68957.0
0.205,224.5,2395.0
0.205,683.5,18924.5
0.205,996.5,79433.0
0.205,269.0,808.0
0.205,395.0,9937.0
0.206,1099.0,45335.0
0.206,3395.0,156861.0
0.206,1487.5,81308.0
0.206,1797.0,82779.0
0.206,396.0,5330.0
0.206,75.5,163.0
0.206,401.0,7620.0
0.206,209.0,357.0
0.206,2987.0,272637.0
0.206,637.0,11540.0
0.206,3863.0,259832.0
0.206,1239.3333333333333,65676.0
0.206,178.0,509.5
0.206,402.0,8601.0
0.206,1301.0,61864.0
0.206,1264.0,114943.0
0.206,577.0,30912.0
0.206,101.0,203.0
0.206,256.0,3906.0
0.207,134.0,298.0
0.207,1806.0,136882.5
0.207,142.0,317.0
0.207,81.0,99.0
0.207,900.6666666666666,85639.33333333333
0.207,167.0,759.0
0.207,139.0,462.0
0.207,96.0,106.0
0.207,619.25,29015.75
0.207,359.0,1430.0
0.207,125.5,1114.0
0.207,836.0,28195.0
0.207,69.0,91.0
0.207,619.0,22953.0
0.207,103.0,141.0
0.208,1117.0,55040.75
0.208,144.0,345.0
0.208,539.5,17776.0
0.208,3255.0,262813.0
0.208,258.0,6569.0
0.208,121.0,149.0
0.208,123.0,155.0
0.208,659.0,8629.0
0.208,605.0,11013.0
0.208,388.0,2687.0
0.208,2515.6666666666665,158392.33333333334
0.208,237.0,1335.0
0.208,2439.0,167376.0
0.208,1839.5,123460.0
0.208,158.0,316.0
0.208,350.0,1130.0
0.208,80.0,83.0
0.209,4001.0,341704.0
0.209,248.5,1196.5
0.209,140.0,386.0
0.209,119.0,138.0
0.209,1610.0,83343.66666666667
0.209,1455.0,219948.0
0.209,189.0,1258.75
0.209,456.6666666666667,6147.333333333333
0.209,1098.0,186732.0
0.209,82.0,142.0
0.209,2136.0,124696.0
0.209,1401.0,62462.0
0.209,90.5,97.5
0.209,2064.0,135299.5
0.209,2141.0,162765.0
0.209,91.0,256.0
0.209,906.0,36273.0
0.21,197.0,533.0
0.21,79.0,181.0
0.21,205.5,1771.0
0.21,175.0,636.0
0.21,91.0,99.0
0.21,98.0,112.0
0.21,106.5,173.0
0.21,194.0,1011.5
0.21,107.0,363.0
0.21,72.0,206.0
0.21,568.0,21973.0
0.21,298.5,21583.5
0.21,1011.0,72561.0
0.21,92.0,133.0
0.21,354.0,4808.0
0.21,176.0,1488.0
0.21,1372.0,85442.0
0.211,2125.0,168964.5
0.211,73.0,82.0
0.211,209.0,847.0
0.211,1215.3333333333333,66584.33333333333
0.211,1625.6666666666667,95839.33333333333
0.211,97.0,103.5
0.211,76.0,98.0
0.211,81.0,103.0
0.211,186.0,514.0
0.211,4001.0,272384.0
0.211,113.0,209.0
0.211,93.0,107.0
0.211,898.5,30989.25
0.211,344.0,1817.0
0.212,169.33333333333334,236.33333333333334
0.212,290.0,3188.0
0.212,264.0,392.0
0.212,761.0,13747.0
0.212,244.0,2697.0
0.212,2031.5,118431.5
0.212,821.0,26109.0
0.212,421.0,35862.0
0.212,755.0,38465.5
0.212,210.0,760.0
0.212,1520.5,139223.0
0.212,1227.5,93097.0
0.212,195.0,755.0
0.212,92.0,200.0
0.212,283.5,3083.0
0.212,1839.0,91492.0
0.212,316.0,1691.0
0.212,657.5,46596.5
0.212,405.5,1823.5
0.213,230.66666666666666,2426.3333333333335
0.213,211.0,1702.5
0.213,886.0,37835.0
0.213,729.0,16904.5
0.213,89.0,140.0
0.213,369.0,5486.5
0.213,370.6666666666667,8380.0
0.213,306.0,1341.5
0.213,1399.0,101234.0
0.213,1954.0,172820.0
0.213,84.0,93.0
0.213,2112.0,154799.5
0.213,104.0,105.0
0.213,288.0,4626.0
0.213,1161.0,71547.5
0.213,807.0,31511.0
0.213,173.5,2464.0
0.213,549.0,6561.0
0.213,141.0,212.0
0.213,724.3333333333334,27682.666666666668
0.213,1382.0,111232.0
0.213,1585.5,167304.5
0.213,2281.5,131533.0
0.213,285.5,2376.0
0.213,3498.0,357287.0
0.214,714.0,17034.0
0.214,377.0,5322.5
0.214,127.0,248.0
0.214,110.0,413.0
0.214,83.0,104.0
0.214,69.0,98.0
0.214,1495.0,102329.0
0.214,72.0,94.0
0.214,79.0,108.0
0.214,83.0,100.0
0.214,106.0,375.0
0.214,109.5,319.5
0.214,395.0,17497.0
0.214,73.0,94.0
0.214,1097.5,48446.5
0.214,103.0,112.0
0.214,125.0,366.0
0.215,204.0,961.0
0.215,1156.0,135764.0
0.215,170.0,598.0
0.215,564.5,23817.0
0.215,4001.0,276136.0
0.215,136.0,147.0
0.215,127.0,355.0
0.215,1157.25,65255.25
0.215,1428.0,195298.0
0.215,3137.0,232608.0
0.215,141.0,1305.0
0.215,275.0,4395.0
0.216,730.0,33461.0
0.216,82.0,107.0
0.216,1308.0,63171.0
0.216,77.0,93.0
0.216,642.0,24044.0
0.216,66.0,99.0
0.216,3075.0,258888.0
0.216,4001.0,260397.0
0.216,139.0,845.0
0.216,2520.0,139504.0
0.216,467.0,3142.0
0.216,197.0,323.0
0.216,1621.5,122197.5
0.216,179.0,299.0
0.216,126.0,374.0
0.217,3823.0,304942.0
0.217,161.0,415.0
0.217,81.0,101.0
0.217,1373.0,77281.0
0.217,2613.0,162640.0
0.217,2306.0,115366.0
0.217,758.6666666666666,37775.0
0.217,98.0,201.0
0.217,99.0,146.0
0.217,1431.0,93575.0
0.217,534.6666666666666,91433.66666666667
0.217,98.0,110.0
0.217,80.0,112.0
0.217,85.0,189.0
0.217,647.0,18718.0
0.217,2018.0,143862.0
0.217,1276.0,56001.0
0.217,484.0,6985.0
0.217,941.0,13830.0
0.217,226.0,1036.0
0.217,218.0,1049.0
0.218,1690.0,80787.0
0.218,2157.0,132695.0
0.218,459.0,17839.0
0.218,4001.0,335699.0
0.218,384.0,7480.0
0.218,88.0,153.0
0.218,119.0,252.0
0.218,1962.5,129687.0
0.218,1127.0,34483.0
0.218,287.0,2112.0
0.218,998.0,76895.0
0.218,312.5,7311.0
0.219,240.0,3136.0
0.219,237.0,1192.0
0.219,220.5,5151.0
0.219,190.0,298.0
0.219,396.5,11970.0
0.219,126.0,387.0
0.219,400.0,3414.0
0.219,92.0,120.0
0.219,149.0,223.0
0.219,3517.0,205195.0
0.219,283.0,582.0
0.219,324.5,2164.5
0.219,123.0,174.0
0.219,121.0,163.0
0.219,1156.0,59650.0
0.22,1028.0,52628.5
0.22,302.0,5131.0
0.22,317.0,719.0
0.22,88.0,100.0
0.22,889.0,24783.0
0.22,281.0,1843.0
0.22,397.0,2157.0
0.22,447.0,2324.0
0.22,106.0,151.0
0.22,500.0,19622.0
0.22,388.0,21445.0
0.22,125.0,297.0
0.22,247.0,1844.0
0.22,107.0,153.0
0.22,104.0,114.0
0.22,365.5,12912.5
0.22,427.0,21530.0
0.22,2093.5,132665.5
0.22,89.5,206.5
0.221,145.0,648.0
0.221,156.0,640.0
0.221,2048.5,122991.0
0.221,70.0,90.0
0.221,179.5,406.5
0.221,78.0,89.0
0.221,161.0,1598.3333333333333
0.221,2191.0,95927.0
0.221,127.0,145.0
0.221,637.0,20288.0
0.221,156.0,468.0
0.221,588.0,12022.0
0.221,3427.0,353270.0
0.221,977.0,23804.0
0.222,4001.0,258895.0
0.222,1432.0,137610.0
0.222,89.0,201.0
0.222,98.0,109.0
0.222,370.0,13178.5
0.222,153.33333333333334,391.6666666666667
0.222,78.0,151.0
0.222,973.0,58255.0
0.222,93.0,107.0
0.222,2357.0,120588.5
0.222,349.0,8830.0
0.222,125.0,150.0
0.222,258.5,30588.5
0.222,115.0,262.0
0.222,425.0,3730.0
0.222,85.0,98.0
0.223,456.0,21026.0
0.223,268.0,16998.666666666668
0.223,2830.0,180293.0
0.223,2091.0,129039.0
0.223,443.0,7670.0
0.223,3012.0,196897.0
0.223,319.0,1949.0
0.223,511.0,9036.75
0.223,769.0,6681.0
0.223,382.5,12313.5
0.223,442.0,4427.0
0.223,289.5,1443.5
0.223,239.5,2817.5
0.223,143.0,396.5
0.223,659.0,38098.0
0.223,3023.0,177081.0
0.223,653.5,32840.5
0.223,753.0,13277.0
0.224,1058.5,54703.0
0.224,165.0,260.0
0.224,135.0,157.0
0.224,137.0,258.0
0.224,115.0,375.0
0.224,2204.0,123538.5
0.224,466.0,17305.5
0.224,616.0,17804.0
0.224,58.0,93.0
0.224,210.0,1763.0
0.224,113.0,144.0
0.224,3490.0,263349.0
0.224,1731.0,91132.0
0.225,133.0,625.0
0.225,157.0,1686.0
0.225,748.5,99643.5
0.225,4001.0,293929.0
0.225,215.33333333333334,2110.6666666666665
0.225,1305.0,97393.0
0.225,1537.0,105102.0
0.225,274.3333333333333,7480.333333333333
0.225,659.75,24777.0
0.225,182.0,942.0
0.225,469.0,7052.0
0.225,69.0,86.0
0.225,3771.0,305890.0
0.225,4001.0,335062.0
0.225,86.0,96.0
0.225,368.0,5093.0
0.225,812.5,18886.5
0.225,214.5,1243.5
0.225,1218.5,89221.0
0.225,62.0,436.0
0.225,113.0,1142.0
0.226,213.0,1644.5
0.226,122.0,218.5
0.226,217.66666666666666,3407.0
0.226,90.0,99.0
0.226,297.0,11000.0
0.226,123.0,197.0
0.226,126.0,151.0
0.226,1647.5,118243.5
0.226,1197.0,152888.5
0.227,98.5,155.5
0.227,103.0,112.0
0.227,1940.5,113096.0
0.227,84.0,225.0
0.227,80.5,96.0
0.227,2895.0,156392.0
0.227,75.0,103.5
0.227,1301.6,80592.8
0.227,87.0,115.0
0.227,2037.5,115752.5
0.227,1676.0,84140.0
0.227,340.0,15783.0
0.227,79.0,104.0
0.227,635.0,155095.0
0.227,163.0,1864.0
0.227,2278.0,120787.0
0.227,593.0,40606.0
0.227,86.0,142.0
0.228,2711.0,154534.0
0.228,63.0,82.0
0.228,103.5,250.0
0.228,264.0,1776.5
0.228,100.0,105.0
0.228,1423.0,149688.5
0.228,1865.0,170821.0
0.228,1485.0,51097.0
0.228,78.0,98.0
0.228,4001.0,416238.0
0.228,1645.0,93136.5
0.228,762.0,23679.0
0.228,147.33333333333334,936.0
0.228,476.0,15479.0
0.228,87.0,102.0
0.229,2344.5,194191.0
0.229,69.0,98.0
0.229,85.0,87.0
0.229,203.5,1292.5
0.229,445.0,27958.0
0.229,605.5,25113.0
0.229,2391.0,177253.0
0.229,1742.0,109618.5
0.229,143.0,633.0
0.229,3678.0,282101.0
0.229,79.0,82.0
0.229,1170.0,55305.0
0.229,954.5,143157.0
0.23,1568.0,77738.0
0.23,1066.0,40240.5
0.23,102.5,619.5
0.23,176.5,3693.0
0.23,2148.5,179708.0
0.23,96.0,100.0
0.23,73.0,95.0
0.23,185.0,498.0
0.23,487.0,3263.0
0.23,2092.5,157519.5
0.23,525.0,18274.0
0.23,2121.0,208260.0
0.23,436.0,30448.5
0.23,115.5,282.5
0.23,158.5,898.0
0.231,132.0,748.0
0.231,584.0,85528.5
0.231,66.0,107.0
0.231,254.0,2118.3333333333335
0.231,744.0,11666.0
0.231,545.0,12288.0
0.231,703.0,38438.5
0.231,74.0,95.0
0.231,119.0,375.0
0.231,213.0,1890.0
0.231,1454.0,78818.0
0.231,1092.0,37726.5
0.231,336.0,6493.0
0.231,421.0,5797.0
0.231,89.0,167.0
0.231,188.0,644.0
0.231,165.0,822.0
0.231,86.0,97.0
0.231,933.0,30866.333333333332
0.231,198.0,1456.0
0.231,199.0,567.0
0.231,95.0,211.0
0.231,324.0,1550.0
0.232,134.0,251.0
0.232,117.0,198.0
0.232,73.0,92.0
0.232,78.66666666666667,88.0
0.232,1101.0,22491.0
0.232,1425.0,133725.66666666666
0.232,101.0,196.0
0.232,387.5,3472.5
0.232,106.0,158.0
0.232,659.5,33728.5
0.232,389.5,7326.0
0.232,4001.0,259373.0
0.232,85.0,198.0
0.232,77.0,96.0
0.232,82.0,90.5
0.232,67.0,80.0
0.232,554.0,38603.0
0.233,292.25,17194.25
0.233,1456.0,61345.0
0.233,154.0,282.0
0.233,800.0,39799.0
0.233,102.0,215.0
0.233,420.6666666666667,11444.666666666666
0.233,71.0,91.0
0.234,1700.0,64069.0
0.234,90.0,192.0
0.234,81.5,119.5
0.234,567.5,37437.5
0.234,113.0,294.0
0.234,343.0,3878.0
0.234,242.0,4549.0
0.234,2261.0,201272.0
0.234,79.0,149.0
0.234,1489.0,213382.0
0.234,119.0,579.0
0.234,2032.0,174649.0
0.234,137.0,269.25
0.234,233.0,1928.0
0.234,750.0,69035.0
0.234,147.0,480.0
0.234,875.6666666666666,38520.0
0.234,753.0,37512.0
0.234,137.0,170.0
0.234,637.0,22456.0
0.235,1370.5,90069.5
0.235,347.5,5157.5
0.235,196.0,569.0
0.235,202.0,2043.3333333333333
0.235,982.0,53981.0
0.235,1445.0,84963.0
0.235,183.0,3325.5
0.235,2264.5,153954.5
0.235,241.0,1180.0
0.235,1049.0,27542.5
0.236,214.0,1354.0
0.236,113.0,201.0
0.236,625.0,19922.0
0.236,167.0,891.0
0.236,265.0,1024.0
0.236,1458.5,137467.5
0.236,219.0,719.0
0.236,74.0,140.0
0.236,352.0,15423.5
0.236,838.0,43007.0
0.236,91.0,145.0
0.236,1881.0,101504.0
0.236,91.0,105.5
0.236,1046.0,36193.0
0.236,91.0,111.0
0.236,83.0,93.0
0.236,298.0,1179.0
0.236,1351.3333333333333,80075.33333333333
0.237,180.0,1160.0
0.237,355.0,9560.0
0.237,715.5,25407.5
0.237,74.0,788.0
0.237,149.0,3011.0
0.237,172.0,941.0
0.237,228.5,2894.0
0.237,73.5,115.0
0.237,108.5,1044.0
0.237,1200.5,67113.5
0.237,1012.0,57682.0
0.237,591.5,15192.0
0.237,89.0,639.0
0.237,65.0,940.0
0.237,2376.0,136720.33333333334
0.237,480.0,20275.0
0.237,73.0,979.0
0.237,563.8,36987.4
0.237,123.0,201.0
0.237,63.0,75.0
0.237,85.0,149.5
0.238,1890.0,108758.0
0.238,594.0,23291.0
0.238,249.0,3851.0
0.238,101.0,175.0
0.238,320.5,22893.5
0.238,606.0,52553.0
0.238,89.0,104.0
0.238,145.66666666666666,1243.6666666666667
0.238,610.0,4458.0
0.238,1518.0,70010.0
0.238,294.5,9597.0
0.238,80.0,99.0
0.238,385.0,31006.333333333332
0.238,2233.0,164908.0
0.238,464.0,12452.0
0.238,749.0,18213.0
0.239,86.0,149.0
0.239,1179.0,59355.0
0.239,101.0,264.5
0.239,2293.0,91153.0
0.239,187.0,3116.5
0.239,4001.0,270242.0
0.239,172.0,324.0
0.239,106.5,176.0
0.239,60.0,99.0
0.239,82.0,104.0
0.239,1158.0,75970.0
0.239,186.0,2098.0
0.239,210.0,1010.0
0.239,755.0,22351.0
0.239,102.0,156.0
0.239,178.0,820.0
0.239,90.0,148.5
0.24,3101.0,262954.0
0.24,104.0,145.0
0.24,78.0,94.0
0.24,364.0,3103.0
0.24,1775.0,88915.0
0.24,1862.0,78354.0
0.24,315.0,2176.0
0.24,521.0,27225.0
0.24,506.5,44118.5
0.24,584.0,14514.0
0.24,2240.0,218305.0
0.24,442.0,16160.0
0.24,274.0,5147.0
0.24,1602.0,90271.0
0.241,215.0,516.0
0.241,77.0,92.0
0.241,142.0,349.5
0.241,93.0,250.0
0.241,85.0,91.0
0.241,1207.0,81445.0
0.241,86.0,185.0
0.241,86.0,93.0
0.241,824.0,36532.666666666664
0.241,92.5,112.5
0.241,394.0,7144.0
0.241,1079.0,57640.0
0.241,180.0,296.0
0.241,87.0,102.0
0.241,1133.3333333333333,71916.33333333333
0.241,116.0,155.0
0.241,80.0,104.0
0.241,713.0,33941.0
0.242,596.0,88227.0
0.242,274.0,3139.5
0.242,545.0,17890.0
0.242,835.0,150189.5
0.242,881.5,98331.5
0.242,211.0,425.0
0.242,177.5,801.0
0.242,1834.5,98108.5
0.242,299.0,4120.0
0.242,310.0,3846.0
0.242,91.0,156.0
0.242,190.5,735.0
0.242,1361.0,43094.0
0.243,130.5,177.5
0.243,1342.0,77730.0
0.243,232.0,1271.0
0.243,289.0,2813.0
0.243,1623.0,131499.5
0.243,86.0,88.0
0.243,406.0,12830.0
0.243,251.0,5397.0
0.243,452.0,11738.0
0.243,128.0,202.0
0.243,93.0,102.0
0.243,3809.0,363338.0
0.243,1518.0,88201.33333333333
0.243,1298.5,77042.0
0.243,1499.3333333333333,127587.0
0.243,1441.0,109041.0
0.243,272.0,1300.0
0.243,300.5,32314.5
0.244,166.0,409.0
0.244,181.0,240.0
0.244,2076.5,121916.75
0.244,2855.5,189055.5
0.244,91.0,93.0
0.244,606.0,4600.0
0.244,209.0,13473.5
0.244,2635.0,251396.0
0.244,209.0,1002.0
0.244,1301.0,103699.0
0.244,455.0,5657.0
0.244,377.0,2793.0
0.244,571.0,26510.0
0.244,75.0,100.0
0.244,128.0,309.0
0.244,1375.0,91580.0
0.244,573.0,41055.0
0.244,182.0,820.3333333333334
0.244,85.0,89.0
0.244,1944.0,179122.0
0.245,1006.3333333333334,109476.33333333333
0.245,2317.0,301358.0
0.245,1522.0,74327.0
0.245,73.0,94.0
0.245,210.5,2344.5
0.245,74.0,85.0
0.245,164.0,1028.0
0.245,610.0,23518.0
0.245,3052.0,202444.0
0.245,311.0,4825.5
0.245,628.0,23950.0
0.245,230.0,1466.0
0.245,1520.0,85022.0
0.245,412.0,6136.0
0.245,923.0,25469.0
0.245,195.0,301.0
0.245,1606.0,89997.0
0.245,337.5,5003.5
0.246,1126.0,124604.0
0.246,89.0,139.0
0.246,97.0,104.0
0.246,2787.0,214014.0
0.246,151.0,2239.0
0.246,1389.0,157745.0
0.246,557.0,12653.0
0.246,961.0,208725.0
0.246,94.0,107.0
0.246,790.0,37155.5
0.246,197.0,286.0
0.246,364.5,1983.0
0.246,2088.0,182381.0
0.246,160.0,290.0
0.246,146.0,902.0
0.246,77.0,284.0
0.246,160.0,217.0
0.247,77.0,87.0
0.247,1466.0,81716.0
0.247,90.0,106.0
0.247,124.5,388.0
0.247,1173.0,162472.0
0.247,308.0,3048.0
0.247,221.0,1881.0
0.247,93.0,151.0
0.247,587.0,21853.0
0.247,85.0,105.5
0.247,1049.0,40929.0
0.247,795.0,52955.5
0.247,189.0,865.0
0.247,1506.0,56224.0
0.247,540.3333333333334,23847.333333333332
0.247,128.0,310.0
0.247,136.0,249.0
0.247,1180.0,60117.0
0.247,90.0,107.0
0.248,393.0,45377.666666666664
0.248,222.0,292.0
0.248,552.0,18618.0
0.248,168.0,244.0
0.248,70.0,125.0
0.248,198.0,2160.0
0.248,95.0,110.0
0.248,122.0,138.0
0.248,768.0,55307.0
0.248,62.0,489.0
0.248,298.5,19232.0
0.248,1352.0,167501.0
0.248,184.5,2971.0
0.248,334.6666666666667,12607.666666666666
0.248,206.0,470.0
0.248,154.0,1739.0
0.248,285.0,11707.5
0.248,322.0,11062.0
0.249,1319.6666666666667,71566.66666666667
0.249,289.0,8942.5
0.249,1673.0,59822.0
0.249,611.0,22745.0
0.249,97.0,242.0
0.249,204.0,835.6666666666666
0.249,77.0,96.0
0.249,74.0,98.0
0.249,443.5,7699.5
0.249,396.0,1751.0
0.249,96.0,297.0
0.249,586.5,19900.0
0.249,2850.0,152112.0
0.249,248.0,3359.0
0.25,1399.6666666666667,122692.66666666667
0.25,68.0,93.0
0.25,89.0,153.0
0.25,69.0,97.0
0.25,106.0,123.0
0.25,58.0,69.0
0.25,139.0,294.0
0.25,130.5,1523.5
0.25,170.0,900.0
0.25,118.5,205.5
0.25,347.0,7278.0
0.25,2954.0,167422.0
0.25,470.5,17404.0
0.25,266.0,2565.0
0.25,377.0,27504.0
0.25,3218.0,209293.0
0.25,435.5,34182.0
0.251,183.0,404.0
0.251,100.0,114.0
0.251,95.0,162.0
0.251,481.0,4371.0
0.251,185.0,1066.0
0.251,189.0,882.0
0.251,547.0,76447.0
0.251,486.0,13245.0
0.251,140.0,150.0
0.251,99.0,148.0
0.251,493.0,34072.0
0.252,219.5,1254.0
0.252,93.0,236.0
0.252,81.0,99.0
0.252,299.6666666666667,12818.666666666666
0.252,196.0,989.0
0.252,104.0,107.0
0.252,68.0,87.0
0.252,227.5,3819.5
0.252,80.0,147.0
0.252,74.0,146.0
0.252,3458.0,286082.0
0.252,214.5,2113.5
0.252,549.25,41437.75
0.253,112.5,430.5
0.253,484.0,15188.0
0.253,245.5,6220.0
0.253,89.0,91.0
0.253,365.0,9925.0
0.253,2201.0,248711.0
0.253,1935.0,154488.0
0.253,225.66666666666666,1140.0
0.253,1012.5,67100.5
0.253,85.0,88.0
0.253,1126.0,99331.5
0.253,84.0,149.0
0.253,210.0,2115.0
0.253,149.0,298.0
0.253,44.0,92.0
0.254,414.0,17245.0
0.254,114.0,286.0
0.254,437.0,12806.0
0.254,85.0,132.5
0.254,695.5,23263.5
0.254,2139.0,117711.0
0.254,967.0,67015.0
0.254,75.0,141.0
0.254,257.0,1699.0
0.254,179.0,1065.5
0.254,358.0,65335.5
0.254,2664.0,268535.0
0.254,92.5,111.5
0.254,80.0,135.0
0.254,1213.0,113372.0
0.254,101.0,221.0
0.254,326.3333333333333,10871.666666666666
0.254,702.5,31381.5
0.255,108.0,170.0
0.255,386.0,6135.0
0.255,244.0,6617.5
0.255,170.0,446.0
0.255,77.0,91.0
0.255,82.0,104.0
0.255,120.0,196.0
0.255,272.0,7697.5
0.255,89.0,195.0
0.255,461.0,19924.0
0.255,81.0,90.0
0.255,373.5,13180.0
0.255,576.0,9634.0
0.255,394.0,9688.666666666666
0.255,279.0,5781.333333333333
0.255,255.0,2012.5
0.255,156.0,788.0
0.255,3198.0,165813.0
0.255,105.0,218.0
0.255,83.5,97.0
0.255,101.0,162.0
0.255,138.0,1038.0
0.256,111.0,199.0
0.256,2071.0,125336.5
0.256,70.0,181.0
0.256,294.0,9735.0
0.256,97.0,106.0
0.256,402.0,27649.0
0.256,84.0,153.0
0.256,175.0,727.0
0.256,81.0,97.0
0.256,1372.0,85828.0
0.256,250.0,1999.3333333333333
0.256,788.0,36007.0
0.256,238.0,1470.0
0.256,133.0,308.0
0.256,125.0,234.0
0.257,764.0,30183.0
0.257,652.5,19506.0
0.257,90.0,106.0
0.257,4001.0,246053.0
0.257,329.0,10672.5
0.257,105.0,114.0
0.257,417.0,2839.0
0.257,81.0,106.0
0.257,3523.0,293032.0
0.257,134.0,1488.0
0.257,2213.0,185968.0
0.257,620.0,13299.0
0.257,656.5,27869.5
0.257,224.0,403.0
0.257,85.0,154.0
0.257,269.0,6025.333333333333
0.257,572.0,54442.0
0.257,1189.0,61160.0
0.257,259.6666666666667,827.6666666666666
0.257,157.0,2404.0
0.257,123.0,160.0
0.258,144.0,730.0
0.258,75.0,100.0
0.258,727.0,23601.0
0.258,774.0,28632.0
0.258,89.0,153.0
0.258,80.0,91.0
0.258,217.0,4350.333333333333
0.258,366.0,6501.0
0.258,84.0,145.0
0.258,2922.0,157974.0
0.258,372.0,2282.0
0.258,83.0,101.0
0.258,499.0,15172.0
0.258,206.5,3036.0
0.259,168.66666666666666,1519.6666666666667
0.259,1781.0,104323.0
0.259,144.0,1858.0
0.259,369.0,5010.666666666667
0.259,134.5,267.5
0.259,484.0,30026.5
0.259,151.0,453.0
0.259,1563.5,98014.5
0.259,197.0,1953.0
0.259,91.0,104.0
0.259,569.0,22983.0
0.259,770.0,37849.0
0.259,423.0,8602.0
0.259,457.0,6308.0
0.259,513.0,54163.0
0.259,73.0,101.0
0.26,314.0,1775.0
0.26,2954.0,228294.0
0.26,135.0,1074.0
0.26,110.33333333333333,612.3333333333334
0.26,301.0,3322.6666666666665
0.26,375.0,1570.0
0.26,73.0,95.0
0.26,112.0,994.0
0.26,84.5,118.5
0.26,197.0,392.0
0.26,123.0,927.0
0.26,134.0,152.0
0.26,85.0,472.0
0.26,113.0,149.0
0.26,832.5,40016.0
0.26,627.0,74619.0
0.26,80.5,130.0
0.26,373.5,8122.5
0.26,82.0,201.0
0.26,1695.0,149121.5
0.26,82.5,553.5
0.26,69.5,898.5
0.26,101.0,1292.0
0.26,195.0,1815.5
0.26,556.0,24101.666666666668
0.26,75.0,902.0
0.261,2065.0,115162.0
0.261,265.5,2536.5
0.261,620.0,39173.333333333336
0.261,101.0,150.0
0.261,272.0,7965.0
0.261,852.0,39078.0
0.261,136.0,305.5
0.261,154.33333333333334,841.6666666666666
0.261,125.0,224.0
0.261,1513.0,74521.0
0.261,99.0,221.5
0.261,82.0,88.0
0.261,92.0,99.0
0.261,122.0,226.0
0.261,253.5,4055.0
0.262,138.0,209.0
0.262,372.0,4702.0
0.262,146.0,303.0
0.262,1218.3333333333333,86797.0
0.262,284.0,717.0
0.262,2536.5,176508.0
0.262,201.0,4666.0
0.262,224.0,833.0
0.262,89.0,160.0
0.262,450.0,7506.0
0.262,72.0,91.0
0.262,209.0,3262.0
0.262,302.0,1431.0
0.262,1793.0,172174.5
0.262,92.0,106.0
0.263,327.5,7364.0
0.263,214.0,2403.0
0.263,148.0,394.0
0.263,2307.0,201770.0
0.263,2725.0,273117.0
0.263,498.6666666666667,21873.333333333332
0.263,458.5,74618.0
0.263,258.0,4196.0
0.263,1186.5,126132.0
0.263,226.0,1386.5
0.263,596.0,5047.0
0.263,73.0,97.0
0.263,74.0,102.0
0.263,666.0,29913.0
0.263,119.0,754.0
0.263,78.0,107.0
0.263,1274.0,23116.0
0.263,309.0,3424.0
0.263,254.0,1170.0
0.263,111.0,115.0
0.264,1220.3333333333333,105093.66666666667
0.264,187.0,564.5
0.264,266.5,13000.0
0.264,397.0,4580.0
0.264,450.0,11917.0
0.264,3563.0,255514.0
0.264,220.0,1372.0
0.264,123.0,247.0
0.264,170.0,492.5
0.264,1029.0,55330.0
0.264,101.0,102.0
0.264,93.0,108.0
0.264,485.5,42260.0
0.264,154.0,352.0
0.264,88.0,100.0
0.264,1593.0,109387.5
0.264,2154.5,106070.5
0.264,61.0,90.0
0.265,92.0,144.0
0.265,675.5,26766.0
0.265,86.0,109.0
0.265,950.0,118609.0
0.265,154.0,2149.0
0.265,429.0,54301.0
0.265,971.5,54503.0
0.265,532.0,19566.0
0.265,2886.0,191505.0
0.265,88.0,146.0
0.265,425.3333333333333,15858.0
0.265,83.0,89.0
0.265,108.0,109.0
0.265,96.0,310.0
0.265,3075.0,165830.0
0.265,457.0,14016.5
0.265,1115.6666666666667,46773.0
0.266,387.5,9050.5
0.266,1083.5,42937.0
0.266,596.5,18044.0
0.266,65.0,103.0
0.266,84.0,95.0
0.266,644.0,20036.0
0.266,240.33333333333334,2865.3333333333335
0.266,4001.0,246942.0
0.266,1577.0,139958.0
0.266,106.0,163.0
0.266,90.0,254.0
0.266,121.0,198.0
0.266,461.0,5562.5
0.267,504.0,7068.0
0.267,625.0,52916.0
0.267,87.0,96.0
0.267,1782.0,77829.0
0.267,116.5,430.0
0.267,664.0,38099.0
0.267,1606.5,98733.0
0.267,178.0,391.0
0.267,726.0,66803.0
0.267,244.0,1345.0
0.267,263.0,862.0
0.267,1426.5,96385.5
0.267,125.0,287.5
0.267,691.0,37481.0
0.267,337.0,4005.5
0.268,78.0,148.0
0.268,85.0,158.0
0.268,100.0,110.0
0.268,1302.0,69750.66666666667
0.268,74.0,102.0
0.268,718.0,37433.0
0.268,120.33333333333333,225.33333333333334
0.268,103.0,173.0
0.268,239.0,8535.0
0.268,603.3333333333334,23231.666666666668
0.268,285.0,3435.0
0.268,93.0,97.0
0.268,89.0,154.0
0.268,248.0,5492.0
0.268,274.0,8406.0
0.268,1693.0,81005.0
0.268,330.0,8256.5
0.268,64.0,103.0
0.268,134.0,534.0
0.269,197.0,1507.0
0.269,245.5,5164.0
0.269,235.0,2069.0
0.269,86.0,243.0
0.269,90.0,193.0
0.269,1473.5,61606.5
0.269,79.0,149.0
0.269,81.0,107.0
0.269,222.0,1394.0
0.269,84.0,98.0
0.269,86.0,148.0
0.269,420.0,34017.0
0.269,218.66666666666666,1807.0
0.269,1064.0,107487.0
0.269,2026.0,202095.0
0.269,433.0,5923.0
0.269,117.0,249.5
0.269,244.0,4648.0
0.269,2540.0,126718.0
0.269,569.0,27838.0
0.27,76.0,98.0
0.27,152.0,293.0
0.27,94.0,142.0
0.27,534.0,126450.0
0.27,241.0,2848.0
0.27,132.0,978.0
0.27,68.0,142.0
0.27,1041.0,41884.0
0.27,75.0,151.0
0.27,274.0,9222.0
0.27,862.0,37187.0
0.27,120.5,284.5
0.27,247.66666666666666,3037.0
0.271,161.0,665.0
0.271,96.0,346.0
0.271,1275.5,87532.0
0.271,939.5,61030.5
0.271,181.0,1857.0
0.271,1596.0,93871.0
0.271,80.0,92.0
0.271,187.5,546.5
0.271,137.0,208.0
0.271,95.0,247.0
0.271,1519.0,97873.0
0.271,258.0,7094.0
0.271,2237.0,144372.0
0.271,121.0,188.0
0.272,127.0,300.0
0.272,98.0,988.0
0.272,73.5,358.0
0.272,69.5,440.5
0.272,277.8,6954.2
0.272,63.0,163.0
0.272,82.0,425.0
0.272,154.0,400.0
0.272,88.0,109.0
0.272,96.5,122.0
0.272,129.5,1746.0
0.272,177.0,1164.0
0.272,151.33333333333334,1123.3333333333333
0.272,199.33333333333334,5982.0
0.272,184.0,837.0
0.272,65.0,724.0
0.272,109.0,249.0
0.272,60.0,472.0
0.272,93.5,129.5
0.272,271.0,3401.0
0.272,236.0,19649.0
0.272,811.3333333333334,60817.0
0.273,592.0,53316.0
0.273,153.0,367.0
0.273,1124.0,93661.0
0.273,102.0,211.0
0.273,351.5,2887.0
0.273,682.0,24594.0
0.273,127.0,467.0
0.273,1275.0,106684.0
0.273,232.0,1830.0
0.273,348.0,4979.0
0.273,64.0,90.0
0.273,130.0,206.0
0.273,1586.5,73972.5
0.273,572.0,48039.0
0.274,87.0,89.0
0.274,171.0,930.0
0.274,3537.0,214505.0
0.274,537.6666666666666,24666.0
0.274,71.0,81.0
0.274,454.0,5280.0
0.274,255.0,3231.0
0.274,187.0,607.0
0.274,90.0,95.0
0.274,133.0,718.0
0.274,77.0,102.0
0.274,85.5,192.5
0.274,170.0,1097.5
0.274,483.0,21592.0
0.274,463.5,29204.0
0.274,368.0,2442.0
0.274,265.0,2380.0
0.275,1796.6666666666667,87241.66666666667
0.275,94.0,100.0
0.275,134.5,645.0
0.275,89.0,105.5
0.275,71.5,74.5
0.275,197.0,371.0
0.275,1307.0,42776.0
0.275,559.0,100647.0
0.275,90.0,152.0
0.275,904.0,30884.5
0.275,162.0,354.0
0.275,93.0,95.0
0.275,323.0,3858.0
0.275,410.0,29985.0
0.276,462.0,6445.0
0.276,177.0,985.0
0.276,125.0,193.0
0.276,94.0,142.0
0.276,212.0,736.0
0.276,183.0,1053.0
0.276,97.5,172.5
0.276,83.0,87.0
0.276,135.5,215.0
0.276,91.0,428.0
0.276,92.0,98.0
0.276,180.0,347.0
0.276,146.0,757.0
0.276,319.5,1314.0
0.276,147.0,361.0
0.276,264.0,3751.0
0.276,1353.0,113028.0
0.277,3068.0,290383.0
0.277,66.0,90.0
0.277,358.0,12441.0
0.277,1544.0,66793.0
0.277,935.0,27528.0
0.277,87.0,94.0
0.277,93.0,99.0
0.277,193.0,526.0
0.277,79.0,85.0
0.277,1172.0,50978.0
0.277,105.0,164.0
0.277,212.0,1060.0
0.277,79.0,100.0
0.277,336.0,24341.0
0.277,1564.0,124634.0
0.277,587.0,33820.0
0.277,104.0,150.0
0.278,1426.0,72912.0
0.278,838.0,36896.5
0.278,296.0,2684.0
0.278,70.0,149.0
0.278,406.5,9905.5
0.278,77.0,177.0
0.278,380.0,17382.0
0.278,92.0,142.0
0.278,1506.0,100658.0
0.278,1090.5,48821.0
0.278,2172.0,133754.0
0.278,686.5,62095.0
0.278,407.0,8112.0
0.278,255.0,820.0
0.278,357.0,6953.0
0.279,170.0,1151.0
0.279,89.0,98.0
0.279,255.0,2780.0
0.279,266.0,8856.0
0.279,143.0,637.0
0.279,79.0,91.0
0.279,787.0,30225.0
0.279,149.0,381.0
0.279,262.0,3891.0
0.279,1543.0,79078.5
0.279,422.0,11489.5
0.279,382.0,4965.0
0.279,1299.0,71390.5
0.28,186.66666666666666,1595.3333333333333
0.28,277.0,1754.0
0.28,237.0,936.0
0.28,188.0,1607.0
0.28,871.0,35452.0
0.28,1115.0,58897.0
0.28,98.0,118.0
0.28,118.0,325.0
0.28,482.0,7625.0
0.28,126.0,252.0
0.28,1394.0,97323.0
0.28,166.5,1032.5
0.28,955.5,73702.0
0.28,1991.3333333333333,142345.33333333334
0.28,1313.0,147337.0
0.28,189.0,3777.0
0.28,73.0,88.0
0.28,93.5,152.0
0.281,516.0,21148.0
0.281,90.0,108.0
0.281,75.0,96.0
0.281,69.0,91.0
0.281,89.0,136.0
0.281,381.0,4403.0
0.281,2045.5,109308.0
0.281,801.0,46417.0
0.281,148.0,1336.0
0.281,84.0,159.0
0.281,538.0,27077.0
0.281,786.0,30899.0
0.281,169.0,282.0
0.281,108.0,177.0
0.282,792.0,70801.0
0.282,430.0,62439.0
0.282,332.0,8579.0
0.282,1154.0,52127.5
0.282,124.0,160.0
0.282,104.33333333333333,488.3333333333333
0.282,1592.0,85617.5
0.282,114.0,499.0
0.282,73.0,95.0
0.282,330.0,9430.0
0.282,98.0,167.0
0.282,768.0,60266.0
0.282,1273.0,66611.0
0.282,214.0,946.0
0.283,103.0,117.0
0.283,65.0,87.0
0.283,397.5,15304.0
0.283,140.0,396.0
0.283,1114.5,72318.0
0.283,66.0,206.0
0.283,298.0,1266.0
0.283,1792.0,96555.0
0.283,431.0,3106.5
0.283,135.0,1292.0
0.283,298.0,8180.333333333333
0.283,187.0,597.0
0.283,135.0,1998.0
0.283,3202.0,246336.0
0.283,96.0,99.0
0.283,89.0,114.33333333333333
0.283,1928.0,283140.0
0.283,330.3333333333333,3469.0
0.283,82.5,830.0
0.283,227.33333333333334,2301.6666666666665
0.283,579.0,22377.0
0.284,319.0,3973.0
0.284,322.5,2983.0
0.284,429.0,42299.333333333336
0.284,285.0,8413.0
0.284,299.0,1527.0
0.284,80.0,89.0
0.284,421.0,22553.0
0.284,91.0,127.5
0.284,418.75,13833.5
0.284,2780.0,133592.0
0.284,245.0,3725.0
0.284,397.0,4924.0
0.285,336.5,1991.0
0.285,166.5,522.5
0.285,64.0,96.0
0.285,78.0,139.0
0.285,511.0,12760.0
0.285,197.0,695.0
0.285,99.5,125.0
0.285,643.0,17538.0
0.285,324.0,3810.0
0.285,114.0,336.0
0.285,84.0,110.0
0.285,74.0,85.0
0.285,167.0,417.0
0.285,416.5,24903.5
0.285,96.0,224.0
0.285,489.0,11606.0
0.285,146.0,2647.0
0.285,107.0,234.5
0.285,1153.0,91067.0
0.286,110.5,198.0
0.286,580.0,5884.0
0.286,206.0,682.0
0.286,446.0,17684.0
0.286,367.0,9133.0
0.286,182.0,1736.0
0.286,111.0,112.0
0.286,333.5,19023.5
0.286,91.0,159.0
0.286,171.0,356.0
0.286,76.0,100.0
0.286,722.0,31572.0
0.286,351.5,9646.5
0.286,208.5,969.0
0.286,338.0,3272.0
0.287,189.66666666666666,6218.0
0.287,1623.0,102707.0
0.287,108.0,279.0
0.287,90.0,138.0
0.287,1090.0,35096.0
0.287,207.0,1507.0
0.287,123.0,154.0
0.287,383.0,8730.0
0.287,105.0,309.5
0.287,431.0,6210.0
0.287,66.0,97.0
0.287,82.5,175.0
0.287,90.5,143.5
0.287,101.0,176.0
0.287,100.5,207.5
0.288,116.0,158.0
0.288,90.5,158.5
0.288,146.0,330.0
0.288,330.0,26273.0
0.288,120.5,972.5
0.288,2095.0,120558.0
0.288,153.0,828.0
0.288,75.0,211.5
0.288,206.0,455.0
0.288,322.0,7025.0
0.288,608.0,95132.0
0.288,108.0,253.5
0.288,420.3333333333333,46879.666666666664
0.288,93.0,148.0
0.288,174.0,751.0
0.288,329.0,8283.0
0.289,748.0,19408.0
0.289,663.5,25158.0
0.289,413.0,5137.0
0.289,345.5,6029.0
0.289,192.0,1092.5
0.289,317.0,5293.0
0.289,717.0,32336.0
0.289,527.0,67829.0
0.289,90.0,113.0
0.289,112.0,458.5
0.29,623.0,118689.0
0.29,1101.0,42973.0
0.29,475.6666666666667,11412.333333333334
0.29,1349.0,169622.0
0.29,87.0,102.0
0.29,418.5,8162.5
0.29,98.0,633.0
0.29,89.0,140.0
0.29,317.0,3546.0
0.29,143.0,297.0
0.29,107.5,130.5
0.29,98.0,103.0
0.29,57.0,91.0
0.29,355.0,6365.0
0.29,606.5,93030.0
0.29,394.0,6573.0
0.29,114.0,118.0
0.29,262.0,3213.0
0.29,1082.0,35939.0
0.291,724.0,34058.0
0.291,90.0,146.0
0.291,186.0,1046.0
0.291,1378.5,172105.0
0.291,254.0,5343.0
0.291,94.0,104.0
0.291,99.0,342.0
0.291,385.0,8115.0
0.291,391.0,3165.0
0.291,175.0,860.0
0.291,170.5,3621.0
0.291,87.0,107.0
0.291,364.0,4063.0
0.291,130.0,278.5
0.292,929.0,11764.0
0.292,73.0,82.0
0.292,106.0,109.0
0.292,566.0,41995.0
0.292,76.0,84.0
0.292,99.0,379.0
0.292,2029.5,120662.5
0.292,76.0,99.0
0.292,277.0,2101.0
0.292,614.5,53067.0
0.292,314.5,3271.5
0.292,207.5,1469.5
0.292,235.0,723.0
0.292,97.0,98.0
0.292,249.0,3465.0
0.292,81.0,345.0
0.292,80.0,143.0
0.293,114.5,271.5
0.293,392.0,2469.0
0.293,430.0,4260.0
0.293,162.0,1693.0
0.293,228.0,810.5
0.293,57.0,98.0
0.293,78.0,83.0
0.293,345.3333333333333,54925.666666666664
0.293,83.0,276.0
0.293,662.0,23490.0
0.293,147.0,360.0
0.293,1102.0,55751.0
0.293,131.0,473.0
0.293,457.0,19604.0
0.294,138.0,358.0
0.294,1059.0,26406.0
0.294,3485.0,267757.0
0.294,372.0,24546.0
0.294,238.5,5571.5
0.294,1026.0,49176.5
0.294,112.5,215.5
0.294,105.0,155.0
0.294,158.0,1009.0
0.294,2047.5,147609.0
0.294,284.0,1297.0
0.294,373.0,10452.0
0.294,165.0,624.0
0.294,134.0,660.0
0.294,100.0,205.0
0.294,1017.0,47580.0
0.294,83.0,96.0
0.294,97.0,135.0
0.294,320.0,3524.0
0.294,121.0,335.0
0.295,1456.0,114656.5
0.295,339.0,75567.0
0.295,66.0,685.0
0.295,748.6666666666666,37879.333333333336
0.295,769.3333333333334,28911.333333333332
0.295,1004.0,45275.0
0.295,520.0,26654.0
0.295,1137.0,55929.5
0.295,120.66666666666667,1203.6666666666667
0.295,691.0,135363.0
0.295,1056.0,98803.0
0.295,83.5,101.5
0.295,81.0,93.5
0.295,76.0,944.0
0.295,153.0,1571.6666666666667
0.295,341.3333333333333,8807.0
0.295,275.6666666666667,33430.333333333336
0.295,546.0,79014.0
0.295,389.0,33649.5
0.295,100.0,219.5
0.296,185.5,1646.5
0.296,2230.0,172278.0
0.296,116.0,193.0
0.296,161.5,2705.5
0.296,146.0,316.5
0.296,354.0,8119.0
0.296,620.0,22505.0
0.296,987.0,51759.0
0.296,160.5,466.0
0.296,67.0,85.0
0.296,255.0,1792.0
0.296,328.0,6859.5
0.297,398.0,45757.0
0.297,769.0,16112.0
0.297,107.0,731.0
0.297,176.0,772.0
0.297,168.5,708.5
0.297,199.0,651.0
0.297,872.5,77146.0
0.297,89.0,211.0
0.297,193.0,514.0
0.297,90.0,116.0
0.297,300.0,9471.0
0.297,240.0,834.0
0.297,380.5,8946.0
0.297,1365.0,96757.0
0.297,167.5,591.0
0.298,471.0,24455.0
0.298,68.0,102.0
0.298,107.0,209.5
0.298,273.3333333333333,11580.666666666666
0.298,163.0,832.0
0.298,124.0,203.0
0.298,350.6666666666667,5806.333333333333
0.298,70.0,89.0
0.298,287.0,5600.0
0.298,168.0,1556.0
0.298,90.5,112.0
0.299,284.6666666666667,67231.0
0.299,497.0,12326.0
0.299,102.33333333333333,188.66666666666666
0.299,122.0,148.0
0.299,127.0,589.0
0.299,571.0,49578.0
0.299,124.0,206.0
0.299,294.0,6533.0
0.299,75.5,96.5
0.299,523.0,5333.0
0.299,101.0,165.0
0.299,87.0,145.0
0.299,2163.0,369983.0
0.299,386.5,5749.5
0.299,136.0,239.0
0.299,675.0,72632.0
0.299,118.0,191.0
0.3,126.0,161.0
0.3,203.0,913.0
0.3,117.0,1348.0
0.3,517.0,71162.0
0.3,426.0,35165.0
0.3,97.0,217.0
0.3,92.0,100.0
0.3,125.5,363.5
0.3,225.0,3653.5
0.3,653.0,31004.0
0.3,369.0,8295.0
0.3,128.0,241.0
0.3,99.0,173.0
0.3,101.0,226.0
0.3,113.0,205.0
0.3,1238.0,51551.0
0.301,1832.0,122680.0
0.301,101.0,111.0
0.301,112.0,440.0
0.301,211.0,1508.0
0.301,88.0,115.0
0.301,741.0,22080.666666666668
0.301,135.0,632.0
0.301,91.0,96.0
0.301,1760.5,105979.0
0.301,371.0,6941.0
0.301,367.0,5636.0
0.301,99.0,501.0
0.301,1150.5,57242.0
0.301,97.0,105.0
0.301,722.0,74219.0
0.301,267.5,2169.5
0.301,90.0,119.25
0.302,853.3333333333334,32672.0
0.302,102.5,177.5
0.302,134.5,565.0
0.302,80.0,132.5
0.302,106.0,114.0
0.302,436.5,21438.0
0.302,462.5,5881.0
0.302,817.0,34842.0
0.302,540.0,7085.0
0.302,759.0,48441.0
0.302,89.0,131.0
0.302,104.0,112.0
0.302,1034.0,31631.0
0.302,56.0,98.0
0.302,127.0,1159.0
0.303,1937.0,108252.0
0.303,155.0,582.0
0.303,814.5,93357.0
0.303,200.66666666666666,4700.333333333333
0.303,90.0,98.0
0.303,185.0,1305.0
0.303,246.0,1851.0
0.303,143.0,285.0
0.303,166.66666666666666,7727.0
0.303,74.0,102.0
0.303,115.0,116.0
0.303,227.0,3285.0
0.303,320.0,2054.0
0.303,107.0,291.0
0.303,1448.0,62028.0
0.303,1251.0,56104.0
0.303,1040.0,117103.5
0.303,93.0,101.0
0.303,1217.0,61546.0
0.304,1062.0,124371.0
0.304,1480.0,180766.0
0.304,85.0,92.0
0.304,349.0,12439.0
0.304,496.0,46743.0
0.304,438.0,7633.0
0.304,615.0,49657.666666666664
0.304,1226.6666666666667,91235.33333333333
0.304,200.0,1789.0
0.304,235.0,1269.0
0.304,195.5,1385.5
0.304,135.0,224.0
0.304,351.0,10463.5
0.304,509.0,28078.0
0.304,115.0,401.0
0.304,300.0,9141.5
0.304,155.0,424.0
0.305,225.0,2712.0
0.305,508.5,12624.5
0.305,202.0,1202.0
0.305,153.5,3094.0
0.305,336.0,5337.0
0.305,2064.5,118388.5
0.305,841.0,42212.0
0.305,84.0,96.0
0.305,146.0,494.0
0.305,226.66666666666666,3199.0
0.305,155.33333333333334,1873.3333333333333
0.305,113.5,180.0
0.305,1131.6666666666667,75432.0
0.305,102.0,104.0
0.305,411.5,102872.0
0.305,201.0,677.0
0.305,2031.0,231826.0
0.305,183.0,696.0
0.305,90.0,151.0
0.305,137.5,453.5
0.306,327.0,13973.0
0.306,83.0,89.0
0.306,78.0,101.0
0.306,94.0,145.0
0.306,113.0,195.5
0.306,276.0,1468.0
0.306,164.33333333333334,3616.0
0.306,705.0,40753.0
0.306,403.0,5733.0
0.306,75.5,125.5
0.306,77.0,90.0
0.307,306.0,5740.5
0.307,221.0,2416.0
0.307,132.5,173.0
0.307,119.0,240.0
0.307,66.0,502.0
0.307,87.5,104.0
0.307,61.0,163.0
0.307,84.0,910.0
0.307,75.0,874.0
0.307,492.0,17494.5
0.307,78.0,139.0
0.307,97.0,116.0
0.307,126.66666666666667,289.6666666666667
0.307,157.5,1421.5
0.307,89.0,106.0
0.307,394.0,7736.0
0.307,102.0,960.0
0.307,85.5,705.0
0.308,368.0,6595.0
0.308,92.0,199.5
0.308,575.0,19575.0
0.308,102.0,104.0
0.308,247.0,1956.0
0.308,88.0,102.0
0.308,873.0,64162.0
0.308,117.5,223.0
0.308,139.5,973.0
0.308,851.0,19774.0
0.308,1348.0,65959.5
0.308,100.0,367.0
0.308,1965.0,189022.0
0.308,171.0,5626.5
0.308,253.0,14586.5
0.308,145.5,410.5
0.308,64.0,99.0
0.308,90.0,93.0
0.308,1234.5,43113.0
0.309,255.0,3216.0
0.309,943.0,69181.0
0.309,734.0,38106.0
0.309,1242.0,37333.0
0.309,95.0,99.0
0.309,1053.0,82272.0
0.309,301.0,3907.0
0.309,1458.0,78454.0
0.309,502.0,12357.0
0.309,740.0,22930.0
0.309,349.0,5218.0
0.309,327.0,2212.0
0.309,415.0,10683.5
0.309,316.0,6704.5
0.309,185.0,3640.0
0.309,302.0,5672.5
0.31,693.0,24297.0
0.31,383.0,8418.0
0.31,405.0,11190.0
0.31,297.0,4563.0
0.31,77.0,91.0
0.31,586.0,17372.0
0.31,91.0,203.0
0.31,274.0,2369.0
0.31,646.5,15478.0
0.31,88.0,185.0
0.31,77.0,127.0
0.31,321.0,2823.0
0.31,115.0,241.0
0.311,71.0,99.0
0.311,85.0,102.0
0.311,458.0,7526.0
0.311,91.0,206.0
0.311,77.0,85.0
0.311,79.0,106.0
0.311,109.0,224.0
0.311,159.5,740.0
0.311,1013.0,106155.0
0.311,466.0,9474.0
0.311,2771.0,190698.0
0.311,86.0,191.0
0.311,151.66666666666666,786.0
0.311,465.0,28775.0
0.311,751.0,29666.0
0.311,111.5,231.0
0.311,88.0,205.0
0.311,258.5,3544.5
0.311,153.0,1405.0
0.312,266.0,1176.0
0.312,86.0,144.0
0.312,2096.0,111871.0
0.312,263.0,4513.0
0.312,73.0,93.0
0.312,489.0,8575.0
0.312,523.0,41319.0
0.312,165.0,753.0
0.312,2092.5,135129.5
0.312,260.0,4401.0
0.312,1213.5,92130.5
0.312,96.0,113.0
0.312,114.0,187.0
0.312,127.0,514.0
0.313,81.5,140.0
0.313,95.0,101.0
0.313,83.0,167.5
0.313,151.0,234.0
0.313,365.0,2916.0
0.313,542.0,130620.0
0.313,245.0,698.0
0.313,157.0,1608.0
0.313,75.0,92.0
0.313,322.0,5569.0
0.313,133.5,309.5
0.313,915.0,57470.0
0.313,457.0,8514.5
0.313,261.0,1037.0
0.314,1189.0,175911.0
0.314,127.66666666666667,472.3333333333333
0.314,96.0,163.0
0.314,76.0,271.0
0.314,2081.0,115379.0
0.314,93.0,131.0
0.314,89.0,99.0
0.314,768.0,112951.0
0.314,510.0,20339.0
0.314,1299.0,52968.0
0.314,576.0,49831.0
0.314,83.0,84.0
0.314,599.0,83572.0
0.314,154.5,481.5
0.314,97.0,259.0
0.315,670.0,41817.0
0.315,331.0,6618.0
0.315,268.0,1222.0
0.315,121.0,385.0
0.315,606.5,20440.0
0.315,93.0,103.5
0.315,89.0,149.0
0.315,92.0,95.0
0.315,803.0,19583.0
0.315,363.0,8956.0
0.315,681.5,40989.0
0.315,93.0,146.0
0.315,323.0,10591.0
0.315,120.0,342.0
0.315,191.0,1491.0
0.315,117.5,154.0
0.316,137.0,348.0
0.316,90.0,148.0
0.316,84.0,97.0
0.316,184.0,1486.0
0.316,763.0,28962.0
0.316,95.0,198.0
0.316,76.0,91.0
0.316,96.0,158.0
0.316,165.5,351.5
0.316,81.0,109.0
0.316,127.5,254.0
0.316,99.0,134.0
0.316,100.5,204.0
0.316,90.0,101.0
0.316,550.0,11996.0
0.317,626.0,37505.0
0.317,1321.5,70143.5
0.317,635.0,24992.0
0.317,1149.0,189246.0
0.317,87.0,115.0
0.317,412.5,22677.0
0.317,875.0,37157.0
0.317,140.0,297.0
0.317,2438.0,136879.0
0.317,1239.0,80264.0
0.317,105.0,171.0
0.317,3741.0,177915.0
0.317,99.0,111.0
0.317,130.0,149.0
0.317,320.0,1378.0
0.318,107.0,174.0
0.318,172.5,1361.0
0.318,99.5,160.5
0.318,505.5,11933.0
0.318,186.0,1319.0
0.318,115.0,342.0
0.318,91.0,158.0
0.318,368.0,23389.5
0.318,65.0,687.0
0.318,610.5,52161.0
0.318,453.4,18682.2
0.318,2262.0,112931.0
0.318,49.0,87.0
0.318,81.0,83.0
0.318,112.0,260.0
0.318,154.0,605.0
0.318,1089.0,29686.0
0.318,66.0,630.0
0.318,218.0,1776.5
0.318,70.0,855.0
0.318,71.0,91.0
0.318,91.0,232.0
0.318,1299.0,173492.0
0.318,82.5,436.0
0.319,789.0,77681.0
0.319,536.0,13981.0
0.319,1040.0,39530.0
0.319,96.5,167.0
0.319,104.0,210.0
0.319,79.0,100.0
0.319,109.0,110.0
0.319,1270.0,183332.0
0.319,127.33333333333333,381.3333333333333
0.319,115.75,199.75
0.319,97.0,100.0
0.319,684.5,19972.5
0.319,80.0,130.0
0.32,112.0,192.5
0.32,268.0,7201.0
0.32,835.5,80949.0
0.32,662.0,15858.0
0.32,648.0,27449.5
0.32,587.0,102787.0
0.32,90.0,377.0
0.32,79.0,103.0
0.32,1188.6666666666667,101418.0
0.32,187.0,752.0
0.32,755.0,76224.5
0.32,1121.0,34014.0
0.32,105.0,116.0
0.32,325.0,11258.0
0.32,254.0,986.0
0.32,101.5,163.0
0.32,240.0,709.0
0.32,146.0,161.0
0.321,68.0,99.0
0.321,84.0,96.0
0.321,92.0,105.0
0.321,85.0,224.0
0.321,105.0,418.0
0.321,667.0,53860.0
0.321,164.0,1020.0
0.321,80.0,141.0
0.321,220.0,1935.0
0.321,330.5,6540.5
0.321,82.66666666666667,360.0
0.321,81.0,98.0
0.321,220.5,726.0
0.321,103.0,156.0
0.322,877.0,37109.0
0.322,174.0,2714.0
0.322,85.0,93.0
0.322,319.6666666666667,8438.666666666666
0.322,67.0,89.0
0.322,136.0,431.0
0.322,145.5,604.5
0.322,1405.0,114819.0
0.322,768.0,67291.0
0.322,1036.5,67088.5
0.322,161.0,471.5
0.322,330.0,7148.0
0.322,135.0,268.0
0.322,207.0,1457.0
0.323,86.0,102.0
0.323,775.0,24465.5
0.323,140.0,489.0
0.323,114.0,149.0
0.323,192.0,1513.0
0.323,310.0,898.0
0.323,102.5,179.5
0.323,67.0,104.5
0.323,2746.0,215244.0
0.323,98.0,178.5
0.323,641.6666666666666,25570.0
0.323,621.0,71692.0
0.323,822.3333333333334,39021.333333333336
0.324,172.0,458.0
0.324,242.0,3097.0
0.324,104.0,109.0
0.324,227.0,6176.666666666667
0.324,230.0,764.0
0.324,81.0,93.0
0.324,79.0,111.0
0.324,104.0,146.0
0.324,379.5,19968.5
0.324,78.0,109.0
0.324,111.0,118.0
0.324,1007.0,45835.0
0.324,153.0,837.0
0.324,114.0,134.0
0.324,102.5,198.0
0.324,136.0,326.0
0.325,209.33333333333334,10882.666666666666
0.325,81.0,137.0
0.325,129.0,667.0
0.325,89.5,117.0
0.325,105.0,107.0
0.325,76.0,99.0
0.325,132.0,199.0
0.325,105.5,505.5
0.325,177.0,4168.5
0.325,176.0,356.0
0.325,211.0,1415.0
0.325,163.0,254.5
0.325,223.0,1237.0
0.326,169.5,3140.0
0.326,429.0,6315.0
0.326,116.0,148.0
0.326,85.0,97.0
0.326,67.0,123.0
0.326,57.0,109.0
0.326,250.0,3516.0
0.326,406.0,25603.0
0.326,598.0,95144.0
0.326,95.0,253.0
0.326,98.0,197.0
0.326,88.0,201.0
0.326,379.0,16232.0
0.327,85.0,152.0
0.327,696.0,13058.0
0.327,103.5,251.5
0.327,893.0,65097.0
0.327,756.0,49985.0
0.327,126.0,163.0
0.327,157.5,558.5
0.327,247.0,1854.0
0.327,208.0,923.0
0.327,93.0,154.0
0.327,95.0,112.0
0.327,1130.0,74303.0
0.327,125.0,280.0
0.327,440.0,19995.0
0.327,93.0,186.0
0.327,353.3333333333333,18877.666666666668
0.328,763.0,26314.0
0.328,151.0,219.0
0.328,276.0,4896.0
0.328,73.0,112.0
0.328,96.0,177.5
0.328,101.5,226.5
0.328,245.0,1457.0
0.328,154.0,491.0
0.328,323.5,1892.5
0.328,115.0,208.0
0.328,185.5,2014.0
0.328,198.0,1091.0
0.328,1014.0,38097.0
0.328,81.0,154.0
0.328,91.0,100.0
0.328,1373.0,188972.0
0.329,752.5,47250.0
0.329,156.0,552.0
0.329,96.0,106.0
0.329,324.0,3269.0
0.329,108.0,271.5
0.329,189.66666666666666,1641.3333333333333
0.329,119.0,372.0
0.329,113.5,151.5
0.329,496.0,16690.0
0.329,90.0,95.0
0.329,198.5,1855.0
0.329,76.0,90.0
0.329,819.5,92150.5
0.329,83.0,138.0
0.329,190.0,1783.0
0.329,180.5,1225.5
0.33,104.0,201.0
0.33,1104.0,64637.0
0.33,259.6666666666667,30040.666666666668
0.33,131.0,579.0
0.33,61.0,121.5
0.33,109.0,305.0
0.33,328.0,7520.333333333333
0.33,322.25,19361.25
0.33,117.5,395.5
0.33,612.5,54407.25
0.33,110.0,666.0
0.33,194.5,1114.5
0.33,90.0,810.0
0.33,109.0,511.5
0.33,74.5,95.0
0.33,3448.0,206814.0
0.33,82.0,90.0
0.33,574.0,14409.5
0.33,91.0,200.0
0.33,100.5,601.5
0.33,1272.0,50986.0
0.33,460.3333333333333,15615.0
0.331,74.5,93.0
0.331,90.5,215.0
0.331,77.0,90.0
0.331,96.5,402.0
0.331,65.0,99.0
0.331,71.0,90.5
0.331,81.5,100.5
0.331,472.0,25894.0
0.331,130.0,192.0
0.331,78.0,198.0
0.331,147.0,452.0
0.331,153.0,856.0
0.331,408.0,6010.0
0.331,124.0,199.0
0.332,533.0,21535.5
0.332,247.0,3116.0
0.332,1832.0,83717.0
0.332,74.5,156.5
0.332,368.0,9159.5
0.332,84.0,87.0
0.332,80.0,144.0
0.332,83.0,142.0
0.332,89.0,105.0
0.332,121.0,538.0
0.332,157.0,415.0
0.333,1112.0,47767.0
0.333,487.0,19364.0
0.333,394.0,12871.5
0.333,119.0,329.0
0.333,72.0,96.0
0.333,98.0,143.0
0.333,199.0,1292.0
0.333,140.0,646.0
0.333,303.0,5011.0
0.334,154.5,554.5
0.334,101.0,106.0
0.334,99.0,248.0
0.334,90.0,104.0
0.334,105.0,239.0
0.334,429.6666666666667,26022.333333333332
0.334,339.5,5994.5
0.334,259.0,1133.0
0.334,122.5,508.5
0.334,823.0,75264.0
0.334,282.0,2908.5
0.334,120.0,158.0
0.334,91.0,248.0
0.334,103.0,105.0
0.335,77.0,131.0
0.335,83.0,155.0
0.335,527.0,16283.0
0.335,131.0,817.5
0.335,589.0,27821.0
0.335,2309.0,138072.0
0.335,848.0,98970.0
0.335,116.0,1659.0
0.335,342.0,4491.5
0.335,645.0,100916.0
0.335,485.0,8204.0
0.336,93.0,166.0
0.336,81.0,111.0
0.336,82.0,97.0
0.336,524.5,23125.5
0.336,202.0,804.0
0.336,137.0,238.0
0.336,403.0,10971.0
0.336,95.5,99.0
0.336,90.0,154.0
0.336,833.0,24800.0
0.336,297.5,9253.5
0.336,366.0,10981.333333333334
0.336,83.0,146.0
0.337,78.0,90.0
0.337,83.0,109.0
0.337,102.0,155.0
0.337,75.0,141.0
0.337,106.0,330.0
0.337,281.5,5056.5
0.337,71.0,86.0
0.337,231.0,1641.0
0.337,674.0,75788.0
0.337,766.0,25957.0
0.337,289.0,2797.0
0.337,65.0,91.0
0.337,176.0,606.0
0.337,587.0,46458.5
0.337,1051.0,60962.0
0.337,80.0,83.0
0.337,90.0,190.0
0.338,147.0,482.0
0.338,112.33333333333333,285.3333333333333
0.338,213.0,4996.0
0.338,70.0,92.0
0.338,134.5,649.0
0.338,88.0,103.0
0.338,240.0,6801.0
0.338,265.5,3923.5
0.338,113.5,1140.5
0.338,99.0,111.0
0.338,130.0,259.0
0.338,231.0,2566.0
0.338,159.0,595.0
0.339,101.0,406.0
0.339,297.0,8999.0
0.339,283.5,7930.5
0.339,143.0,537.5
0.339,79.0,101.0
0.339,281.0,3074.0
0.339,345.0,6451.0
0.339,86.0,337.5
0.339,104.0,204.0
0.339,778.0,166902.0
0.339,375.0,6359.0
0.339,361.0,6897.0
0.339,130.0,453.0
0.339,297.0,11198.0
0.339,108.0,180.0
0.34,393.0,8987.0
0.34,188.0,1117.0
0.34,81.0,112.0
0.34,1066.0,44841.0
0.34,84.0,104.0
0.34,88.0,166.0
0.34,936.0,30346.0
0.34,99.0,129.0
0.34,698.0,16534.0
0.34,97.0,117.0
0.34,1155.0,64075.0
0.34,121.0,135.0
0.34,1327.5,74733.5
0.34,85.0,143.0
0.34,217.66666666666666,1515.6666666666667
0.34,141.33333333333334,626.3333333333334
0.341,1683.0,74053.5
0.341,92.0,140.0
0.341,609.0,17307.0
0.341,164.0,422.0
0.341,83.0,143.0
0.341,76.0,132.0
0.341,2582.0,314146.0
0.341,582.0,95933.0
0.341,94.33333333333333,167.66666666666666
0.341,87.0,156.0
0.341,108.0,183.0
0.341,300.5,4664.0
0.341,320.5,8237.5
0.341,100.0,171.0
0.341,75.0,163.0
0.342,548.0,13508.0
0.342,108.5,358.5
0.342,253.0,1123.0
0.342,95.0,173.0
0.342,378.3333333333333,12695.333333333334
0.342,149.0,989.0
0.342,61.0,472.0
0.342,1400.0,79140.0
0.342,318.0,11796.0
0.342,214.0,1206.0
0.342,293.0,4981.0
0.342,105.0,536.0
0.342,250.0,8703.5
0.342,264.5,6548.0
0.342,92.0,162.0
0.342,92.0,117.0
0.342,217.0,7491.0
0.343,529.0,23152.0
0.343,96.0,105.0
0.343,223.0,1271.5
0.343,264.0,4609.0
0.343,184.0,4056.0
0.343,730.0,52793.0
0.343,79.0,95.0
0.343,100.5,208.5
0.343,197.0,1004.0
0.343,221.0,2794.0
0.343,122.0,153.0
0.343,93.0,195.0
0.343,95.0,101.0
0.344,743.0,14081.0
0.344,419.5,5005.0
0.344,672.0,16996.0
0.344,186.5,1537.0
0.344,915.5,98010.0
0.344,699.0,33315.0
0.344,152.0,570.0
0.344,83.0,90.0
0.344,148.0,246.0
0.345,236.0,2758.0
0.345,118.0,201.0
0.345,164.0,739.0
0.345,79.0,96.0
0.345,278.0,1900.0
0.345,96.0,246.0
0.345,162.0,4104.0
0.345,176.0,698.0
0.345,213.0,1270.0
0.345,73.0,94.0
0.345,83.5,99.5
0.345,106.0,343.5
0.345,82.0,105.0
0.345,166.0,379.0
0.345,99.0,148.5
0.345,425.0,3711.0
0.345,77.0,93.0
0.345,91.0,95.0
0.346,111.0,635.0
0.346,478.0,16907.0
0.346,103.0,365.0
0.346,80.0,250.0
0.346,660.0,18458.0
0.346,173.5,1023.5
0.346,116.0,299.0
0.346,152.0,319.0
0.346,324.3333333333333,14811.333333333334
0.346,123.0,159.0
0.346,268.0,7744.0
0.346,126.0,1180.0
0.346,1681.0,33615.0
0.347,77.5,118.5
0.347,82.0,98.0
0.347,120.0,204.5
0.347,792.0,124922.5
0.347,87.0,100.0
0.347,100.0,134.0
0.347,100.0,150.0
0.347,86.0,105.0
0.347,195.0,1722.5
0.347,202.0,793.0
0.347,98.0,110.0
0.347,133.0,176.0
0.347,96.0,148.0
0.347,135.0,144.0
0.347,144.5,932.5
0.347,241.33333333333334,1151.0
0.347,85.0,99.0
0.347,212.0,1183.0
0.348,201.0,3258.0
0.348,215.0,2835.0
0.348,418.5,6777.5
0.348,110.0,227.0
0.348,81.0,104.0
0.348,2728.0,267523.0
0.348,83.0,98.0
0.348,133.0,399.0
0.348,1193.0,128528.5
0.348,622.5,12650.0
0.348,86.0,160.0
0.348,240.0,1584.0
0.348,164.0,983.0
0.348,803.0,42597.0
0.348,1652.0,153363.0
0.349,153.66666666666666,992.3333333333334
0.349,444.0,11731.0
0.349,122.0,155.0
0.349,85.0,157.0
0.349,87.0,236.0
0.349,84.5,211.0
0.349,332.0,3841.0
0.349,90.0,99.0
0.349,96.0,137.0
0.349,672.0,26724.333333333332
0.349,67.0,102.0
0.349,217.0,1501.0
0.349,99.0,161.0
0.349,208.33333333333334,4405.333333333333
0.349,79.0,100.0
0.349,409.0,7809.0
0.349,584.0,12680.0
0.349,106.0,159.0
0.35,80.0,96.33333333333333
0.35,134.0,194.0
0.35,78.0,96.0
0.35,1069.0,39417.0
0.35,112.5,371.5
0.35,320.0,4591.0
0.35,162.0,594.0
0.35,1483.0,133026.0
0.35,820.0,45487.5
0.35,145.0,1014.0
0.35,85.0,154.0
0.35,111.0,311.0
0.35,107.0,112.0
0.35,156.33333333333334,2449.6666666666665
0.35,93.5,214.0
0.351,126.5,353.0
0.351,94.0,207.0
0.351,272.0,4042.5
0.351,64.0,113.0
0.351,244.0,3830.0
0.351,223.0,3127.0
0.352,301.0,19892.0
0.352,138.0,811.5
0.352,425.6666666666667,23497.666666666668
0.352,86.0,191.0
0.352,103.5,155.0
0.352,121.0,333.0
0.352,90.5,115.5
0.352,189.0,1237.0
0.352,1428.0,105096.0
0.352,514.5,19288.5
0.352,1173.0,79061.0
0.352,332.0,4310.0
0.352,217.0,932.0
0.352,112.0,224.0
0.353,86.0,96.0
0.353,127.0,311.0
0.353,168.0,687.0
0.353,284.0,2563.0
0.353,117.0,814.0
0.353,62.0,533.0
0.353,419.0,13711.5
0.353,539.0,17213.0
0.353,149.0,1764.0
0.353,86.0,198.0
0.353,87.5,851.5
0.353,828.0,128466.0
0.353,411.0,15418.0
0.353,446.0,52903.0
0.353,78.5,374.0
0.353,64.0,669.0
0.353,76.5,235.0
0.354,290.0,2267.0
0.354,80.0,97.0
0.354,138.0,456.3333333333333
0.354,252.0,657.0
0.354,1006.0,47121.0
0.354,566.0,38074.0
0.354,95.0,106.0
0.354,100.0,529.5
0.354,304.0,6153.0
0.354,74.0,100.0
0.354,1114.0,56786.0
0.354,105.0,239.0
0.355,96.0,112.0
0.355,371.0,14161.0
0.355,168.5,2210.0
0.355,370.0,6434.0
0.355,187.0,702.0
0.355,95.0,103.0
0.355,1611.0,77683.0
0.355,86.0,88.0
0.355,572.0,14218.0
0.355,80.0,113.0
0.355,424.0,51937.0
0.355,1243.0,133006.0
0.355,221.0,4070.0
0.355,299.0,2088.0
0.355,119.0,521.0
0.355,90.0,110.66666666666667
0.355,136.0,254.0
0.355,534.5,27140.5
0.355,86.0,89.0
0.356,89.0,136.0
0.356,374.0,4186.0
0.356,104.0,200.0
0.356,95.0,306.0
0.356,496.0,37660.0
0.356,92.0,101.0
0.356,99.0,147.0
0.356,84.0,123.0
0.356,99.0,115.0
0.356,110.0,115.0
0.356,88.0,98.0
0.356,86.0,99.0
0.356,1135.0,47220.0
0.356,73.0,95.0
0.356,197.0,2251.0
0.356,120.0,255.0
0.356,325.0,7257.0
0.357,96.0,116.0
0.357,165.0,1380.0
0.357,524.0,30508.333333333332
0.357,81.5,146.5
0.357,80.0,128.0
0.357,141.0,635.0
0.357,159.5,607.0
0.357,89.0,96.0
0.357,175.66666666666666,1321.0
0.357,493.0,40727.0
0.357,681.0,21164.0
0.357,308.0,4658.0
0.358,267.0,6563.5
0.358,155.0,499.0
0.358,1278.0,34681.0
0.358,189.0,4177.0
0.358,220.0,8345.0
0.358,264.0,2054.0
0.358,90.0,112.0
0.358,145.5,551.5
0.358,194.0,3589.0
0.358,87.0,101.0
0.358,79.0,89.0
0.359,1908.0,305446.0
0.359,127.0,257.0
0.359,120.0,344.0
0.359,165.0,376.5
0.359,90.5,200.5
0.359,309.0,5560.0
0.359,645.0,43293.0
0.359,90.0,382.0
0.359,845.0,104226.0
0.359,93.0,103.0
0.359,295.5,16602.5
0.359,842.0,40215.0
0.359,254.0,7768.0
0.36,169.0,1670.5
0.36,97.0,101.0
0.36,992.0,31784.0
0.36,124.0,363.0
0.36,183.0,1442.5
0.36,388.0,6828.0
0.36,628.0,16850.0
0.36,66.0,119.0
0.36,95.0,205.0
0.36,76.0,97.0
0.361,72.0,91.0
0.361,87.0,116.0
0.361,129.0,303.5
0.361,111.5,193.0
0.361,331.0,4913.0
0.361,142.0,775.0
0.361,244.0,6874.0
0.361,3820.0,310335.0
0.361,213.0,7402.0
0.361,103.0,222.0
0.361,102.0,598.0
0.361,89.5,129.0
0.362,88.0,101.0
0.362,163.0,758.0
0.362,80.0,108.0
0.362,100.0,161.0
0.362,499.0,24857.5
0.362,197.0,743.0
0.362,320.0,3474.0
0.362,717.0,51590.0
0.362,111.0,319.0
0.362,126.5,192.5
0.362,144.0,1652.0
0.362,78.0,141.0
0.362,84.0,128.0
0.362,852.75,98177.0
0.363,567.0,99895.0
0.363,469.0,10324.0
0.363,92.0,189.0
0.363,100.5,166.5
0.363,142.0,403.0
0.363,166.5,1199.0
0.363,218.5,2970.5
0.363,1313.0,63526.0
0.363,121.0,698.5
0.363,119.0,157.0
0.364,95.0,115.0
0.364,142.0,173.0
0.364,77.0,128.0
0.364,88.5,96.5
0.364,71.0,341.0
0.364,421.0,25417.0
0.364,495.0,18430.0
0.364,222.0,1114.0
0.364,93.0,101.0
0.364,242.0,12446.5
0.364,195.0,988.0
0.364,103.0,173.0
0.364,81.0,99.0
0.365,627.0,17384.0
0.365,74.0,372.5
0.365,274.0,3097.0
0.365,364.5,8130.5
0.365,94.0,98.0
0.365,114.5,582.0
0.365,103.5,387.0
0.365,118.5,618.5
0.365,262.6666666666667,7390.333333333333
0.365,314.0,12386.0
0.365,47.0,86.0
0.365,115.0,116.0
0.365,180.5,1695.0
0.365,215.0,2980.5
0.365,61.0,150.0
0.365,356.5,13708.5
0.365,597.0,15415.0
0.366,233.0,3322.0
0.366,133.5,218.0
0.366,182.0,1738.0
0.366,88.0,336.0
0.366,262.0,3093.0
0.366,289.5,5867.5
0.366,135.0,248.0
0.366,850.5,123272.5
0.366,168.0,353.0
0.366,1200.5,60883.0
0.366,245.5,9317.5
0.366,905.0,23749.0
0.366,279.0,4250.0
0.366,91.0,219.5
0.366,97.5,102.5
0.366,83.0,208.0
0.366,178.33333333333334,1374.6666666666667
0.366,116.0,143.0
0.367,259.0,4302.0
0.367,493.0,18028.0
0.367,212.0,6080.5
0.367,67.0,141.0
0.367,379.0,15015.0
0.367,600.0,18084.0
0.367,218.0,2671.0
0.367,95.0,102.0
0.367,461.0,34495.0
0.367,94.0,239.0
0.367,70.0,93.0
0.367,68.0,90.0
0.367,95.0,109.0
0.367,120.0,207.0
0.368,623.0,10291.0
0.368,108.0,504.0
0.368,239.0,5198.5
0.368,122.0,771.0
0.368,92.0,191.0
0.368,533.0,19811.0
0.368,88.5,100.5
0.368,101.0,110.0
0.368,81.0,103.0
0.368,92.0,109.0
0.368,265.0,4039.5
0.368,103.0,176.0
0.368,159.0,1510.0
0.368,351.0,13569.0
0.368,1404.0,127881.0
0.368,132.0,575.0
0.369,178.0,623.5
0.369,129.0,255.0
0.369,72.0,141.0
0.369,286.5,4574.0
0.369,1362.0,97249.0
0.369,75.0,85.0
0.369,88.0,440.0
0.369,271.0,1532.0
0.369,121.5,145.5
0.369,157.0,2027.0
0.369,551.0,48173.5
0.369,140.0,392.5
0.369,171.0,455.0
0.369,87.5,122.5
0.37,116.0,118.0
0.37,86.0,207.0
0.37,101.0,214.0
0.37,665.0,85232.0
0.37,162.0,607.0
0.37,372.5,17376.5
0.37,109.5,230.5
0.37,511.0,9143.0
0.37,132.0,3403.5
0.371,116.0,181.0
0.371,168.0,4282.5
0.371,75.33333333333333,129.66666666666666
0.371,91.0,103.0
0.371,2839.0,161602.0
0.371,61.0,104.0
0.371,561.0,10320.0
0.371,1228.0,65519.0
0.371,81.0,107.0
0.371,140.0,466.0
0.371,252.0,1708.0
0.371,89.0,92.0
0.371,182.0,1081.0
0.371,183.5,896.5
0.371,116.5,185.0
0.371,229.0,2841.5
0.372,131.0,511.0
0.372,99.0,161.0
0.372,104.0,252.5
0.372,188.0,2112.0
0.372,130.0,805.5
0.372,275.0,2965.0
0.372,462.0,11017.0
0.372,93.0,105.0
0.372,332.0,29328.5
0.372,83.5,108.0
0.372,116.0,341.0
0.372,85.0,184.5
0.372,107.0,522.0
0.372,556.0,32091.0
0.373,85.0,96.0
0.373,80.5,100.0
0.373,237.0,3155.0
0.373,131.0,948.0
0.373,463.0,3132.0
0.373,404.0,5440.0
0.373,102.0,150.0
0.373,121.0,188.0
0.373,126.0,252.0
0.373,137.0,257.0
0.373,134.0,144.0
0.374,148.0,427.0
0.374,78.0,102.0
0.374,611.5,36548.0
0.374,103.0,175.0
0.374,317.0,1682.0
0.374,97.0,210.0
0.374,159.0,1307.0
0.374,90.0,151.0
0.374,335.0,4107.5
0.374,83.0,119.0
0.374,225.0,5967.666666666667
0.374,69.0,84.0
0.374,95.0,147.5
0.375,321.0,2304.0
0.375,81.0,100.0
0.375,110.0,128.5
0.375,140.0,152.0
0.375,92.0,100.0
0.375,82.0,484.0
0.375,389.0,46051.5
0.375,65.0,142.0
0.375,85.5,124.5
0.375,83.0,185.0
0.375,222.0,443.0
0.375,82.0,191.0
0.375,111.0,214.0
0.375,298.0,3498.0
0.375,689.0,46684.0
0.375,513.0,7597.0
0.375,1131.0,33693.0
0.376,95.5,133.0
0.376,473.0,20324.0
0.376,169.0,729.0
0.376,277.0,3396.0
0.376,97.0,104.0
0.376,99.0,166.5
0.376,541.0,49911.0
0.376,81.0,108.0
0.376,127.0,238.0
0.376,150.0,1331.0
0.376,233.0,1967.0
0.376,94.0,168.0
0.376,140.0,539.0
0.377,80.0,420.5
0.377,76.0,718.0
0.377,1225.5,99681.5
0.377,1040.0,51276.0
0.377,183.0,2992.3333333333335
0.377,154.0,1334.0
0.377,138.0,330.0
0.377,113.0,508.3333333333333
0.377,76.0,729.0
0.377,1195.0,61781.0
0.377,380.0,3358.0
0.377,106.0,345.0
0.377,146.0,711.5
0.377,433.6666666666667,24838.0
0.377,59.0,140.0
0.377,93.0,917.0
0.377,114.0,1190.0
0.378,118.0,258.5
0.378,70.0,103.0
0.378,115.0,253.0
0.378,114.0,216.0
0.378,156.33333333333334,722.0
0.378,405.5,10134.0
0.378,104.0,110.0
0.378,321.0,5488.0
0.378,302.0,4864.5
0.378,101.5,339.0
0.378,1019.0,58636.0
0.378,136.0,262.0
0.378,484.0,18764.5
0.379,95.0,205.0
0.379,270.0,2957.0
0.379,138.0,326.0
0.379,132.0,253.0
0.379,87.5,92.0
0.379,66.0,92.0
0.379,89.0,107.0
0.379,75.0,143.0
0.379,86.0,147.0
0.379,144.0,1001.0
0.379,137.0,164.0
0.379,87.0,208.0
0.379,382.0,4830.0
0.379,163.0,317.0
0.379,91.0,109.0
0.379,121.0,574.0
0.379,200.0,1703.0
0.379,97.0,109.0
0.379,224.0,1558.0
0.38,262.5,4496.5
0.38,99.0,109.0
0.38,341.0,7699.0
0.38,97.0,144.0
0.38,102.0,290.0
0.38,755.0,22105.0
0.38,108.5,168.5
0.38,86.0,288.0
0.38,568.0,12992.0
0.38,102.0,112.0
0.381,664.0,27687.0
0.381,388.3333333333333,38563.333333333336
0.381,50.0,96.0
0.381,143.0,776.0
0.381,73.0,135.0
0.381,1571.0,144412.0
0.381,735.3333333333334,66612.33333333333
0.381,80.0,99.0
0.381,125.0,418.0
0.381,87.0,150.0
0.382,696.0,110391.0
0.382,1161.0,131915.0
0.382,271.0,1583.0
0.382,112.0,287.6666666666667
0.382,345.0,16723.0
0.382,925.0,32705.0
0.382,96.0,126.25
0.382,186.0,1332.0
0.382,289.0,5457.0
0.382,85.0,110.0
0.382,1065.0,46239.0
0.382,396.0,7677.0
0.382,95.0,150.0
0.382,117.0,240.0
0.383,510.0,23630.5
0.383,170.0,1025.0
0.383,367.0,8020.333333333333
0.383,1340.0,57721.0
0.383,1771.0,223151.0
0.383,85.0,135.0
0.383,93.0,106.0
0.383,149.0,209.0
0.383,466.0,6308.0
0.383,80.0,106.0
0.383,133.5,181.5
0.383,133.5,160.0
0.383,183.0,1892.0
0.383,351.5,6477.0
0.383,696.0,70155.0
0.383,301.0,3864.0
0.384,89.0,236.0
0.384,78.0,140.0
0.384,106.0,577.0
0.384,668.0,34043.0
0.384,212.0,2533.0
0.384,72.0,97.0
0.384,92.0,188.0
0.384,115.0,196.5
0.384,79.0,82.0
0.384,205.0,788.0
0.384,76.0,86.0
0.384,92.0,150.0
0.384,148.0,810.0
0.384,84.0,148.0
0.384,145.0,298.5
0.384,142.0,431.0
0.384,299.0,13675.0
0.385,438.0,11905.5
0.385,75.5,94.5
0.385,197.5,650.5
0.385,101.5,158.0
0.385,100.0,111.0
0.385,106.0,292.0
0.385,221.5,9770.0
0.385,89.0,143.0
0.385,126.5,2079.0
0.385,201.0,3111.0
0.385,139.0,614.0
0.385,110.0,730.0
0.385,106.0,147.5
0.385,90.0,155.0
0.385,104.0,122.0
0.385,207.0,1204.5
0.385,72.0,162.0
0.386,119.5,954.0
0.386,115.0,208.0
0.386,81.0,100.0
0.386,231.0,3498.0
0.386,151.0,250.0
0.386,144.0,366.0
0.386,155.5,400.0
0.386,103.0,230.5
0.386,97.0,223.0
0.386,339.0,29020.666666666668
0.386,1184.0,56579.0
0.386,298.0,24758.333333333332
0.386,76.0,117.5
0.386,1027.0,72236.0
0.386,108.0,142.5
0.386,83.0,101.0
0.386,128.0,403.0
0.386,111.0,726.0
0.387,425.0,22397.0
0.387,84.0,95.0
0.387,124.5,278.0
0.387,112.5,224.5
0.387,169.0,713.0
0.387,149.0,1197.0
0.387,89.0,100.0
0.387,267.0,1451.0
0.387,604.0,32830.0
0.387,90.0,104.0
0.387,109.75,287.25
0.387,102.0,112.0
0.387,95.0,665.0
0.388,466.6666666666667,22503.666666666668
0.388,111.0,569.0
0.388,118.33333333333333,873.3333333333334
0.388,114.0,702.0
0.388,1491.0,148260.0
0.388,55.0,341.0
0.388,430.6666666666667,32776.0
0.388,210.5,2136.5
0.388,62.0,581.0
0.388,378.0,13296.5
0.388,71.0,113.0
0.388,75.0,388.5
0.388,66.0,97.0
0.388,97.0,201.0
0.388,44.0,83.0
0.388,97.0,204.0
0.389,127.0,255.0
0.389,85.0,205.0
0.389,580.0,74495.0
0.389,87.0,149.5
0.389,107.0,116.0
0.389,89.0,131.0
0.389,233.0,6242.0
0.389,84.0,107.0
0.389,149.0,512.0
0.389,87.0,89.0
0.389,64.0,146.0
0.39,103.0,174.0
0.39,69.0,90.0
0.39,110.0,248.0
0.39,570.0,19407.0
0.39,370.0,43713.0
0.39,709.0,85930.0
0.39,122.0,207.5
0.39,98.0,296.0
0.39,93.0,149.0
0.39,225.0,6017.0
0.39,114.0,134.0
0.391,70.0,88.0
0.391,133.66666666666666,342.3333333333333
0.391,71.0,85.0
0.391,284.0,3300.0
0.391,97.0,150.0
0.391,121.0,150.0
0.391,102.5,271.5
0.391,393.0,14084.5
0.391,288.0,1889.0
0.391,87.0,305.0
0.391,158.0,634.0
0.391,148.0,212.0
0.391,92.0,101.0
0.392,676.0,29015.0
0.392,1049.0,134479.0
0.392,106.0,209.0
0.392,147.0,209.0
0.392,72.0,124.0
0.392,532.0,21888.666666666668
0.392,617.0,16761.5
0.392,166.0,1690.0
0.392,130.0,207.0
0.392,105.0,818.0
0.392,620.0,33142.0
0.393,309.0,12190.0
0.393,76.5,96.0
0.393,319.0,18925.0
0.393,156.0,533.0
0.393,93.0,202.0
0.393,87.0,106.0
0.393,87.0,106.0
0.393,203.0,1815.0
0.393,72.0,113.0
0.393,166.0,1196.0
0.393,756.0,42105.0
0.393,369.6666666666667,7296.333333333333
0.393,53.0,90.0
0.393,88.0,103.0
0.393,161.0,348.0
0.393,290.0,2558.0
0.394,93.0,162.0
0.394,592.5,29493.5
0.394,134.0,238.0
0.394,83.0,112.0
0.394,129.0,481.0
0.394,83.0,148.0
0.394,347.0,3518.0
0.394,1406.0,57586.0
0.394,83.0,91.0
0.394,333.0,4182.0
0.394,106.5,258.5
0.394,201.0,590.0
0.395,79.66666666666667,126.33333333333333
0.395,186.0,1341.0
0.395,89.25,121.0
0.395,494.0,30085.0
0.395,78.0,100.0
0.395,87.0,201.0
0.395,308.0,5377.0
0.395,226.0,4896.333333333333
0.395,469.0,20909.0
0.395,110.0,114.0
0.395,576.0,20102.0
0.395,349.0,22470.0
0.395,132.5,1633.5
0.395,153.0,244.0
0.395,76.0,139.0
0.395,100.0,203.0
0.396,107.0,246.0
0.396,121.0,228.0
0.396,627.0,86045.0
0.396,473.5,13036.5
0.396,597.0,32382.0
0.396,740.0,57319.0
0.396,532.0,90524.0
0.396,75.0,102.0
0.396,130.33333333333334,500.3333333333333
0.396,156.0,733.0
0.396,534.0,23482.0
0.396,228.0,2418.0
0.396,109.5,439.5
0.396,224.0,2556.0
0.396,1073.0,42921.0
0.396,280.0,21683.5
0.396,83.0,200.0
0.397,440.0,25887.0
0.397,97.5,213.0
0.397,112.0,947.0
0.397,64.0,99.0
0.397,147.0,396.0
0.397,96.0,117.0
0.397,110.0,116.0
0.397,72.0,98.0
0.397,163.0,520.0
0.397,150.0,275.0
0.397,536.0,89980.0
0.398,110.0,287.0
0.398,91.0,97.0
0.398,98.0,150.0
0.398,95.0,133.0
0.398,218.0,1781.0
0.398,312.5,20852.0
0.398,94.0,295.0
0.398,228.0,7750.5
0.398,91.0,106.0
0.398,520.0,14520.0
0.398,177.0,468.0
0.398,90.5,106.0
0.398,86.0,93.0
0.398,82.0,101.0
0.399,221.0,2875.0
0.399,68.0,102.0
0.399,74.0,142.0
0.399,433.6666666666667,28837.333333333332
0.399,132.0,160.0
0.399,453.0,17942.0
0.399,79.0,156.0
0.399,540.0,21569.0
0.399,90.0,179.0
0.399,361.0,30643.5
0.399,190.0,2256.0
0.4,83.0,105.0
0.4,107.0,166.0
0.4,84.0,112.0
0.4,105.0,732.0
0.4,80.0,186.0
