evolution rate,length lived,species population time,population
0.240636,79,215,2
0.109125,149,400,2
0.240832,70,92,1
0.232429,157,187,1
0.157676,6826,392595,57
0.159749,757,2915,3
0.191692,15000,585765,39
0.321001,139,263,1
0.068207,201,1560,7
0.283743,78,90,1
0.333246,15000,1467676,97
0.37461,1323,53667,40
0.120754,249,1477,5
0.219133,83,92,1
0.213418,98,374,3
0.355832,117,147,1
0.118179,142,4282,30
0.393827,92,104,1
0.350237,15000,1499020,99
0.151984,155,165,1
0.054871,2679,156094,58
0.276695,105,162,1
0.346801,529,7623,14
0.320211,15000,660546,44
0.166844,1606,107196,66
0.066768,90,101,1
0.145067,118,138,1
0.302059,98,100,1
0.325171,15000,632823,42
0.073466,112,147,1
0.104501,135,155,1
0.137397,15000,689685,45
0.096653,129,140,1
0.31638,15000,1434311,95
0.347043,81,104,1
0.377706,99,110,1
0.287236,82,84,1
0.211994,7001,636381,90
0.317981,608,4285,7
0.323127,15000,888654,59
0.117238,1599,116584,72
0.322459,96,105,1
0.148013,476,1808,3
0.313209,88,103,1
0.091092,277,9947,35
0.188945,15000,1070987,71
0.334131,2001,56813,28
0.203637,120,179,1
0.078401,6822,653139,95
0.304352,15000,998541,66
0.214208,1416,43215,30
0.346337,113,156,1
0.355302,1159,6788,5
0.074643,153,211,1
0.198037,15000,1210452,80
0.104179,1169,34874,29
0.180632,93,94,1
0.286611,388,1529,3
0.147622,15000,453887,30
0.131209,132,156,1
0.241424,171,275,1
0.077701,76,88,1
0.382285,577,2093,3
0.270684,1091,52356,47
0.124003,293,404,1
0.249245,491,1994,4
0.202275,467,5105,10
0.15271,15000,1367804,91
0.265408,155,297,1
0.183408,154,237,1
0.280892,182,972,5
0.324935,220,2461,11
0.256554,145,253,1
0.367899,117,144,1
0.05485,75,89,1
0.301007,15000,503401,33
0.300059,104,105,1
0.103848,87,100,1
0.326884,624,6526,10
0.153772,816,89809,110
0.142781,344,2760,8
0.12292,551,19140,34
0.296432,2034,66783,32
0.220458,104,211,2
0.089817,90,101,1
0.095593,5369,189450,35
0.356066,101,106,1
0.170785,232,896,3
0.308955,100,158,1
0.176289,126,324,2
0.385155,6187,413793,66
0.066901,383,1745,4
0.188276,399,1630,4
0.14749,499,4590,9
0.165439,212,1365,6
0.352368,99,108,1
0.21821,91,103,1
0.056581,105,113,1
0.306114,188,207,1
0.399134,15000,791164,52
0.369096,1045,16646,15
0.373163,70,96,1
0.142293,15000,503230,33
0.292748,1555,46262,29
0.382491,110,112,1
0.21824,15000,735442,49
0.177052,1940,82508,42
0.129309,3664,357650,97
0.376745,123,138,1
0.132869,9998,858876,85
0.101634,1073,14925,13
0.363537,299,3122,10
0.129523,158,161,1
0.061058,6998,264728,37
0.186479,8116,298342,36
0.134742,2072,64071,30
0.227729,2705,117564,43
0.088785,83,99,1
0.204911,125,439,3
0.3813,15000,356746,23
0.076089,1501,114509,76
0.314682,168,327,1
0.384843,105,107,1
0.197758,393,3421,8
0.313012,1503,47026,31
0.094777,135,213,1
0.352893,286,1156,4
0.175743,104,113,1
0.11591,6863,741753,108
0.295636,94,107,1
0.358804,717,12365,17
0.127178,2064,157697,76
0.134895,172,232,1
0.377924,82,106,1
0.156212,9528,974499,102
0.255766,529,11093,20
0.083663,1636,80052,48
0.198857,79,93,1
0.334268,6863,480272,69
0.123669,138,143,1
0.125194,3496,217022,62
0.300578,282,499,1
0.313007,86,94,1
0.261151,140,207,1
0.333313,120,136,1
0.09837,346,938,2
0.054359,254,987,3
0.147436,1797,92652,51
0.079494,68,90,1
0.296827,159,176,1
0.084318,1999,131559,65
0.278447,15000,742537,49
0.357395,1363,16559,12
0.183419,2717,59468,21
0.064617,4156,364503,87
0.257628,145,238,1
0.190159,84,91,1
0.081992,642,19843,30
0.217686,2998,79151,26
0.14962,96,104,1
0.310241,6216,203573,32
0.111618,540,2718,5
0.194738,2860,114910,40
0.350523,15000,432002,28
0.325947,1105,19108,17
0.302932,68,107,1
0.08295,94,97,1
0.258777,15000,545610,36
0.339181,1356,7315,5
0.154574,3401,278562,81
0.281465,131,356,2
0.277046,357,2800,7
0.298951,15000,1001243,66
0.199239,215,598,2
0.278631,234,435,1
0.168555,137,353,2
0.1122,15000,1227696,81
0.332875,1237,44928,36
0.291746,443,1915,4
0.108743,114,207,1
0.205563,401,3772,9
0.065078,1899,141603,74
0.149598,105,109,1
0.324815,15000,989020,65
0.346639,1593,35927,22
0.355254,2956,72711,24
0.319084,123,146,1
0.11769,1485,18491,12
0.089437,179,238,1
0.105816,401,22995,57
0.212401,1901,82217,43
0.066498,142,154,1
0.246617,15000,828108,55
0.331904,1216,23435,19
0.289286,644,8504,13
0.36695,6443,674286,104
0.277087,78,80,1
0.286096,15000,1318372,87
0.2768,1583,57950,36
0.252492,80,379,4
0.217529,163,336,2
0.055567,3852,181628,47
0.05508,171,543,3
0.356304,106,110,1
0.187187,15000,731456,48
0.236901,48,58,1
0.21433,163,249,1
0.197025,99,152,1
0.223785,6001,335186,55
0.118913,219,377,1
0.363846,15000,631232,42
0.232938,1065,14418,13
0.227158,489,3434,7
0.220684,8623,500922,58
0.242872,320,1863,5
0.318156,88,93,1
0.205236,245,643,2
0.109302,91,106,1
0.355694,15000,601944,40
0.284676,999,27442,27
0.217435,144,159,1
0.244445,6682,569245,85
0.184899,242,796,3
0.058483,2825,269174,95
0.322347,15000,1016913,67
0.329008,1079,14983,13
0.101073,103,106,1
0.072563,6276,292939,46
0.16049,15000,512037,34
0.309867,999,8725,8
0.275625,2348,113895,48
0.254717,98,106,1
0.258081,6669,360639,54
0.086119,122,208,1
0.063261,83,96,1
0.370268,579,1715,2
0.282128,448,3247,7
0.382341,151,818,5
0.304671,457,20845,45
0.240297,1571,37810,24
0.310216,106,109,1
0.172959,148,285,1
0.188123,99,108,1
0.234222,60,555,9
0.182408,1107,12846,11
0.228506,339,591,1
0.369372,15000,991406,66
0.074932,1457,122030,83
0.340216,584,5725,9
0.201514,15000,1212121,80
0.173735,1681,61392,36
0.299841,69,89,1
0.235247,162,288,1
0.398548,94,98,1
0.23433,1113,31179,28
0.219228,2272,38539,16
0.221784,94,110,1
0.158462,682,11952,17
0.333885,127,142,1
0.294688,173,186,1
0.276619,106,110,1
0.170389,816,5790,7
0.060129,98,109,1
0.07179,100,102,1
0.086872,60,80,1
0.248303,1512,11527,7
0.347982,86,88,1
0.187815,245,2034,8
0.2317,107,112,1
0.184934,123,291,2
0.05707,143,181,1
0.058518,1051,14806,14
0.267876,2401,44616,18
0.207486,15000,410863,27
0.179408,1901,141057,74
0.350112,6401,638248,99
0.293017,118,154,1
0.07696,401,11683,29
0.155848,92,120,1
0.351127,85,102,1
0.144673,7833,504564,64
0.212979,449,1975,4
0.15218,95,111,1
0.146994,8869,572286,64
0.399373,139,204,1
0.212124,15000,702142,46
0.147512,8328,835496,100
0.311076,88,99,1
0.370018,486,5693,11
0.07657,1765,90923,51
0.271464,109,113,1
0.296262,87,188,2
0.23435,408,569,1
0.248662,86,101,1
0.272706,15000,689523,45
0.293892,1036,38276,36
0.377841,132,236,1
0.131678,94,100,1
0.336338,15000,1141823,76
0.109309,106,113,1
0.119954,91,150,1
0.26537,82,90,1
0.328451,262,8752,33
0.162532,2076,143647,69
0.126505,495,1531,3
0.294282,988,9897,10
0.124378,9604,748521,77
0.229788,1648,142447,86
0.371207,5648,465694,82
0.142606,3558,311234,87
0.328512,15000,1007607,67
0.064111,1001,18274,18
0.233275,4509,257664,57
0.150457,102,111,1
0.051263,103,113,1
0.294584,574,2484,4
0.273281,15000,1024036,68
0.370254,2249,115112,51
0.11126,83,99,1
0.099156,84,100,1
0.371385,109,144,1
0.261139,15000,1346583,89
0.341949,1026,20462,19
0.184159,6368,472291,74
0.273824,15000,976233,65
0.076561,1846,49823,26
0.29244,484,3452,7
0.128724,244,434,1
0.217241,15000,781082,52
0.177945,1648,17696,10
0.229373,96,105,1
0.179298,98,107,1
0.052792,83,103,1
0.229961,1429,9527,6
0.305148,15000,886624,59
0.121508,1214,66506,54
0.062502,94,107,1
0.172121,85,94,1
0.088501,70,82,1
0.126569,9758,856902,87
0.216271,1272,36892,29
0.144166,136,156,1
0.348204,15000,1429423,95
0.25697,1366,45774,33
0.362505,5929,424209,71
0.144134,672,4240,6
0.246078,63,76,1
0.093143,148,2850,19
0.323938,82,99,1
0.381093,125,157,1
0.383272,178,200,1
0.108084,15000,707356,47
0.155252,1148,37047,32
0.238796,2944,126955,43
0.132599,147,199,1
0.061079,669,4943,7
0.31558,15000,1374424,91
0.36128,93,103,1
0.2929,312,1665,5
0.130128,82,87,1
0.232772,270,750,2
0.355198,384,1356,3
0.314381,15000,477255,31
0.204894,1298,22084,17
0.152299,85,111,1
0.260777,6739,637049,94
0.391229,91,98,1
0.057075,96,162,1
0.333779,215,293,1
0.120222,7332,869757,118
0.321708,77,92,1
0.092048,682,19046,27
0.249214,15000,1377825,91
0.356372,999,24765,24
0.218556,120,148,1
0.202097,161,205,1
0.180298,8144,1066284,130
0.323161,97,102,1
0.063688,2711,201467,74
0.129216,109,170,1
0.364844,115,1194,10
0.22022,294,743,2
0.074776,5849,296911,50
0.073286,99,102,1
0.328507,541,6038,11
0.200553,116,2117,18
0.072953,1736,72480,41
0.211525,287,350,1
0.323975,94,134,1
0.394725,499,6573,13
0.15974,1499,33409,22
0.198176,88,89,1
0.219041,999,7264,7
0.28343,211,452,2
0.052091,155,423,2
0.078799,160,347,2
0.093257,97,99,1
0.122973,15000,621831,41
0.127105,65,71,1
0.302186,55,60,1
0.233187,129,358,2
0.284754,104,108,1
0.283749,83,89,1
0.257697,118,139,1
0.195191,90,91,1
0.244395,131,150,1
0.233202,82,90,1
0.269272,499,2851,5
0.354153,15000,428874,28
0.10245,1845,151499,82
0.36047,100,104,1
0.178024,99,100,1
0.315239,88,104,1
0.240551,6641,657563,99
0.320459,46,49,1
0.147332,123,149,1
0.223017,101,139,1
0.297787,882,16753,18
0.255312,15000,1124263,74
0.113877,1389,66154,47
0.331445,126,150,1
0.258007,15000,431330,28
0.173908,3248,153480,47
0.230151,145,281,1
0.214847,4499,303551,67
0.109027,253,375,1
0.074503,2949,104824,35
0.314404,15000,685725,45
0.370701,1001,17395,17
0.211285,5316,274658,51
0.370363,136,167,1
0.078901,727,4548,6
0.054714,71,74,1
0.15325,1278,51586,40
0.097655,78,88,1
0.354653,99,105,1
0.300888,15000,424659,28
0.338675,81,94,1
0.357357,139,149,1
0.308028,92,94,1
0.102869,6798,416741,61
0.258418,15000,644668,42
0.067045,75,84,1
0.158956,205,1863,9
0.142668,194,252,1
0.236923,97,100,1
0.246067,86,95,1
0.233992,84,101,1
0.119125,5493,470799,85
0.225056,43,54,1
0.221561,103,154,1
0.322752,81,1197,14
0.257928,1337,30887,23
0.192363,5575,326189,58
0.356467,2309,84798,36
0.28994,15000,566013,37
0.062721,147,184,1
0.366789,140,251,1
0.201843,785,7311,9
0.162298,87,98,1
0.107247,1527,66136,43
0.321594,15000,833973,55
0.216911,1028,20927,20
0.05,2088,75090,35
0.199149,98,113,1
0.121103,1798,28206,15
0.17693,93,188,2
0.147442,138,854,6
0.203469,441,1870,4
0.239617,1613,29180,18
0.095828,209,302,1
0.088068,1377,26814,19
0.183296,224,788,3
0.349022,15000,496450,33
0.091124,1134,68018,59
0.381737,453,1835,4
0.385883,6637,687903,103
0.318338,15000,1233987,82
0.277347,1189,18735,15
0.354736,84,95,1
0.324211,100,176,1
0.38888,77,82,1
0.281346,128,136,1
0.342854,70,823,11
0.071213,1287,43742,33
0.380336,82,87,1
0.391565,87,98,1
0.242664,15000,527626,35
0.239054,1441,37156,25
0.371614,105,113,1
0.191688,77,87,1
0.384998,83,104,1
0.11225,441,7628,17
0.095369,132,146,1
0.384242,91,103,1
0.281313,82,98,1
0.176736,864,35546,41
0.174006,90,92,1
0.364983,84,148,1
0.318717,249,302,1
0.244088,441,14788,33
0.245819,83,138,1
0.193496,91,107,1
0.237536,15000,519692,34
0.087825,1221,17151,14
0.379501,99,105,1
0.070705,86,185,2
0.331276,1325,64726,48
0.341021,565,8247,14
0.278688,5266,251942,47
0.272629,6536,291472,44
0.176931,100,160,1
0.134386,74,103,1
0.101245,301,981,3
0.369674,7561,372162,49
0.307168,62,651,10
0.180004,128,182,1
0.167568,282,708,2
0.336372,152,592,3
0.184823,58,72,1
0.080865,775,4522,5
0.373133,15000,666582,44
0.321268,1156,20158,17
0.396909,183,742,4
0.253637,5571,585767,105
0.19749,15000,1169187,77
0.229552,243,301,1
0.292429,243,553,2
0.176561,526,2330,4
0.324673,449,5278,11
0.219578,15000,601584,40
0.241938,1467,31902,21
0.384102,2656,49679,18
0.345696,111,118,1
0.391103,168,266,1
0.204054,100,106,1
0.223976,15000,1162395,77
0.307048,1741,49664,28
0.110066,419,14468,34
0.228753,15000,869314,57
0.259489,1709,49315,28
0.220341,6711,587406,87
0.155022,77,94,1
0.294203,15000,871063,58
0.116471,117,322,2
0.319967,2656,224172,84
0.115322,6524,482438,73
0.150664,747,7810,10
0.331495,101,115,1
0.397503,15000,679497,45
0.232368,1396,24851,17
0.176224,97,140,1
0.258977,86,130,1
0.279235,90,99,1
0.292181,15000,482673,32
0.27065,1245,36253,29
0.270488,156,512,3
0.109314,94,155,1
0.39059,87,190,2
0.220306,355,3223,9
0.374488,999,9952,9
0.294774,3668,67155,18
0.221597,7999,469878,58
0.305344,15000,657096,43
0.315889,999,6482,6
0.068799,2737,179746,65
0.092463,259,540,2
0.364653,164,209,1
0.321002,90,96,1
0.254467,15000,706482,47
0.211207,2999,105656,35
0.341777,281,471,1
0.186833,70,114,1
0.370844,430,3178,7
0.09437,1392,84832,60
0.250951,92,99,1
0.109581,198,326,1
0.294586,15000,786619,52
0.199439,1502,30582,20
0.163021,136,196,1
0.172092,1342,28282,21
0.126738,112,119,1
0.171792,659,29937,45
0.309901,93,102,1
0.355422,405,778,1
0.236424,6736,343250,50
0.297729,15000,529127,35
0.115685,394,5773,14
0.227573,66,76,1
0.219555,90,143,1
0.168172,202,1122,5
0.201698,9154,1011883,110
0.291254,106,108,1
0.05602,264,305,1
0.253988,88,101,1
0.226049,335,7128,21
0.243517,5051,576962,114
0.231603,292,3721,12
0.210414,91,107,1
0.181303,89,96,1
0.314962,665,9692,14
0.066608,233,259,1
0.358921,91,103,1
0.091245,80,83,1
0.127402,915,22168,24
0.261868,15000,1044198,69
0.281895,1214,8435,6
0.325096,15000,875399,58
0.280565,1032,48168,46
0.208727,6277,629160,100
0.319133,15000,1012379,67
0.148946,2051,73684,35
0.119846,69,90,1
0.248712,326,379,1
0.133388,141,158,1
0.352965,15000,1182769,78
0.233385,1013,18212,17
0.165499,2731,14821,5
0.228895,141,162,1
0.374303,83,108,1
0.055766,108,300,2
0.276247,105,160,1
0.190297,8197,359283,43
0.171126,9316,379228,40
0.110045,67,88,1
0.197335,94,101,1
0.181575,100,107,1
0.17349,527,3165,6
0.277467,119,188,1
0.384749,15000,365533,24
0.107249,233,711,3
0.201884,96,98,1
0.222692,82,87,1
0.380914,191,239,1
0.141262,15000,655742,43
0.188585,56,83,1
0.06679,105,108,1
0.220091,6500,442868,68
0.364135,15000,741109,49
0.193312,197,334,1
0.156856,94,99,1
0.156077,198,547,2
0.379272,15000,878973,58
0.146207,62,115,1
0.361272,136,373,2
0.335205,100,110,1
0.230403,15000,1062081,70
0.366248,90,91,1
0.213067,641,16620,25
0.169375,6784,680708,100
0.390397,15000,1186320,79
0.297734,99,112,1
0.197604,105,108,1
0.149376,6000,351922,58
0.207518,7095,387519,54
0.399396,3239,188184,58
0.22704,302,587,1
0.152905,201,735,3
0.157279,88,109,1
0.225698,8623,471754,54
0.276982,88,96,1
0.294577,15000,611012,40
0.130574,2740,152561,55
0.138162,77,101,1
0.300278,15000,741185,49
0.051183,1647,139726,84
0.252727,262,738,2
0.172255,83,92,1
0.158809,389,814,2
0.263359,15000,1064784,70
0.072608,2534,109543,43
0.200572,109,302,2
0.051452,254,579,2
0.177324,78,94,1
0.375936,6234,308466,49
0.345808,8809,425818,48
0.200019,76,90,1
0.154222,190,240,1
0.200962,7075,343788,48
0.377626,8596,373559,43
0.162835,96,100,1
0.279445,167,237,1
0.179576,174,3446,19
0.267201,93,96,1
0.348831,15000,336956,22
0.193263,999,22549,22
0.37338,86,98,1
0.072123,91,97,1
0.055086,459,2133,4
0.103906,296,1036,3
0.240836,15000,525524,35
0.305008,999,22200,22
0.082797,440,2531,5
0.137972,62,70,1
0.075034,108,160,1
0.395987,179,309,1
0.057531,8984,823554,91
0.112269,15000,1052721,70
0.285457,999,17861,17
0.153583,99,121,1
0.202491,4999,179553,35
0.324862,6316,212794,33
0.066581,170,194,1
0.24334,910,11706,12
0.175757,7999,302435,37
0.363303,15000,351734,23
0.277778,5648,113171,20
0.112601,93,98,1
0.31955,15000,1050196,70
0.101968,1038,71035,68
0.30667,2648,50348,19
0.342409,194,624,3
0.057477,86,105,1
0.335745,64,91,1
0.212017,166,204,1
0.089628,148,2865,19
0.230185,165,540,3
0.162421,115,226,1
0.24497,657,20434,31
0.283925,352,9457,26
0.371815,80,101,1
0.188986,4995,253549,50
0.326996,118,145,1
0.129528,175,351,2
0.37675,452,6947,15
0.232808,91,97,1
0.39536,6347,257640,40
0.054001,137,143,1
0.24999,15000,490122,32
0.140036,111,183,1
0.202294,69,124,1
0.303677,97,105,1
0.153638,4499,245687,54
0.227725,15000,816199,54
0.19761,1104,15825,14
0.206289,199,381,1
0.282773,64,75,1
0.379111,177,358,2
0.130851,106,110,1
0.354441,82,86,1
0.371224,499,2953,5
0.330782,70,91,1
0.141757,66,87,1
0.311894,15000,384556,25
0.377772,999,17255,17
0.091994,86,97,1
0.243491,127,291,2
0.338548,103,107,1
0.259337,15000,1209823,80
0.153096,999,15305,15
0.126964,1999,77492,38
0.244866,143,148,1
0.075889,116,119,1
0.238282,15000,458424,30
0.182233,1140,25508,22
0.269891,79,80,1
0.264202,81,92,1
0.305041,15000,1094771,72
0.194252,999,4555,4
0.197255,2185,35188,16
0.289729,252,608,2
0.317118,322,792,2
0.282546,15000,947836,63
0.287773,1062,35350,33
0.07193,2085,154107,73
0.315886,499,2523,5
0.172577,179,198,1
0.27859,15000,1226336,81
0.103791,1091,40188,36
0.153815,2366,102150,43
0.159243,84,94,1
0.240819,190,265,1
0.368074,39,63,1
0.28281,15000,1106859,73
0.327987,1053,25552,24
0.077264,276,1366,4
0.178735,70,98,1
0.338506,15000,1383872,92
0.072548,1087,47662,43
0.291338,2465,69393,28
0.343504,209,538,2
0.158387,3740,313861,83
0.102941,264,9557,36
0.173906,209,284,1
0.292672,213,439,2
0.051833,366,661,1
0.200302,15000,1122967,74
0.38158,999,16826,16
0.206388,94,114,1
0.113256,184,611,3
0.353181,15000,636880,42
0.154751,1455,35045,24
0.373546,330,649,1
0.052604,151,271,1
0.233761,147,347,2
0.14132,111,155,1
0.074722,499,7872,15
0.236583,60,96,1
0.339889,233,391,1
0.27643,220,1336,6
0.150094,15000,604119,40
0.333781,999,15073,15
0.081643,2338,141370,60
0.343881,136,148,1
0.122512,301,477,1
0.054159,407,6450,15
0.099966,8092,787165,97
0.320301,15000,930699,62
0.306161,1200,32964,27
0.119384,107,240,2
0.07424,6499,362384,55
0.214092,15000,743141,49
0.175414,1845,27693,15
0.237306,3377,165454,48
0.166175,163,635,3
0.30119,467,1592,3
0.198493,105,111,1
0.138669,330,1621,4
0.273434,15000,913159,60
0.269927,999,24394,24
0.061166,85,101,1
0.14534,1279,24703,19
0.177177,999,29971,30
0.35363,2057,47456,23
0.212573,15000,1104223,73
0.149404,999,25675,25
0.351629,91,101,1
0.140002,9149,860983,94
0.261586,171,1993,11
0.139488,1296,48970,37
0.093446,97,102,1
0.265346,73,94,1
0.122885,6999,463351,66
0.24279,8705,506344,58
0.21099,110,166,1
0.147767,194,283,1
0.30165,253,3358,13
0.382062,88,92,1
0.367655,65,66,1
0.366452,91,97,1
0.218573,106,162,1
0.05819,106,165,1
0.111144,162,388,2
0.088775,9957,545318,54
0.099742,97,146,1
0.344162,91,103,1
0.306579,141,201,1
0.223072,104,856,8
0.294867,1404,10378,7
0.261996,63,78,1
0.262516,51,97,1
0.244336,95,105,1
0.055792,98,111,1
0.277523,197,897,4
0.165343,278,357,1
0.203168,440,2717,6
0.060913,299,1533,5
0.35882,1220,53080,43
0.352665,170,181,1
0.388058,194,311,1
0.103915,139,377,2
0.277088,112,119,1
0.126472,647,20711,32
0.202433,229,289,1
0.294476,15000,764543,50
0.060139,388,646,1
0.296398,15000,669454,44
0.065522,1498,149310,99
0.191086,97,98,1
0.108602,5910,638585,108
0.331001,15000,1033378,68
0.112621,87,153,1
0.068809,109,267,2
0.366436,100,102,1
0.389247,102,164,1
0.207349,102,220,2
0.332076,7881,272433,34
0.203465,6706,291903,43
0.335233,492,3761,7
0.060839,2108,46368,21
0.193548,1153,11155,9
0.170619,74,97,1
0.178973,55,92,1
0.170407,4103,165526,40
0.352997,15000,397001,26
0.136037,1495,49247,32
0.346348,3258,129363,39
0.060408,157,230,1
0.292649,15000,854531,56
0.287477,1119,43775,39
0.126789,214,298,1
0.378034,74,79,1
0.173197,8145,901170,110
0.302784,103,165,1
0.24168,1764,21621,12
0.084166,84,102,1
0.070198,142,229,1
0.106574,15000,324956,21
0.240541,999,5586,5
0.130308,105,113,1
0.311583,261,591,2
0.099625,104,106,1
0.313375,15000,649663,43
0.183736,999,24655,24
0.134652,84,86,1
0.298335,94,101,1
0.30565,1850,23825,12
0.212073,15000,948265,63
0.160423,999,26065,26
0.094136,2499,292548,117
0.188034,85,86,1
0.096683,915,81165,88
0.367213,78,101,1
0.318888,6954,931538,133
0.381069,15000,1289212,85
0.243711,999,17654,17
0.056594,100,104,1
0.284491,8192,696509,85
0.316668,15000,979012,65
0.358012,1518,49505,32
0.317845,91,104,1
0.311365,119,149,1
0.058151,62,78,1
0.114853,8111,785446,96
0.335346,15000,982375,65
0.220118,1088,75965,69
0.103967,124,152,1
0.150671,98,101,1
0.165531,127,152,1
0.246364,15000,1234093,82
0.070705,1107,83243,75
0.117403,83,89,1
0.262671,87,93,1
0.291503,15000,1338590,89
0.161858,1280,41774,32
0.102302,157,189,1
0.252793,15000,1124028,74
0.336053,1292,34309,26
0.200361,856,5673,6
0.379838,95,96,1
0.078418,167,495,2
0.127232,15000,515416,34
0.100558,1084,5855,5
0.097123,3499,193330,55
0.148512,92,146,1
0.263897,290,670,2
0.155928,15000,627738,41
0.211027,999,12541,12
0.054938,2374,132507,55
0.394747,91,98,1
0.209875,441,5643,12
0.156223,84,93,1
0.237446,15000,737862,49
0.177453,999,12639,12
0.087343,531,2548,4
0.286644,445,1998,4
0.11979,346,534,1
0.349263,119,265,2
0.223902,159,404,2
0.176515,1506,46427,30
0.276184,15000,1027296,68
0.185226,1517,117190,77
0.397849,96,102,1
0.29775,5207,407489,78
0.343067,115,160,1
0.326371,15000,888177,59
0.356287,1293,31599,24
0.060501,2990,238670,79
0.175982,124,197,1
0.27688,15000,1211112,80
0.171469,1293,56042,43
0.345835,94,99,1
0.256405,15000,1032813,68
0.067224,2626,76822,29
0.231679,195,459,2
0.163385,201,1108,5
0.178599,499,4413,8
0.065438,287,2610,9
0.33782,15000,529220,35
0.213409,1160,29222,25
0.116797,91,100,1
0.332543,5635,543876,96
0.284652,15000,1011004,67
0.191273,1605,42011,26
0.251074,204,443,2
0.146874,216,276,1
0.20934,15000,1152540,76
0.325897,1293,27777,21
0.098681,67,81,1
0.284793,86,98,1
0.199841,15000,559729,37
0.082382,1460,131183,89
0.297172,6459,815859,126
0.312189,15000,1229984,81
0.228509,90,99,1
0.293796,7601,488413,64
0.104717,107,134,1
0.262648,15000,619926,41
0.263111,1540,42733,27
0.328708,100,105,1
0.295693,86,94,1
0.29948,149,168,1
0.123481,8853,770814,87
0.216149,84,97,1
0.082731,130,149,1
0.09072,82,124,1
0.328273,24,288,12
0.286604,2115,85501,40
0.147037,552,13172,23
0.390848,7024,589683,83
0.297397,15000,951150,63
0.177654,76,80,1
0.243518,15000,419763,27
0.210391,1024,44883,43
0.221192,4352,189597,43
0.083204,186,480,2
0.348313,515,731,1
0.381918,91,147,1
0.378098,111,116,1
0.279051,15000,415882,27
0.059193,1257,50956,40
0.061381,112,124,1
0.348233,178,468,2
0.383335,809,6058,7
0.202943,15000,505106,33
0.254299,1999,23272,11
0.235487,83,92,1
0.110138,7218,331753,45
0.079778,147,238,1
0.153092,814,33859,41
0.054826,3145,288893,91
0.251115,242,645,2
0.394364,594,4027,6
0.330236,106,108,1
0.055873,895,49102,54
0.218832,1999,97723,48
0.148681,89,90,1
0.256394,496,13009,26
0.259101,8964,893375,99
0.207787,15000,961702,64
0.307757,999,42033,42
0.355523,1999,88419,44
0.204306,55,84,1
0.068061,99,100,1
0.25071,285,1523,5
0.195714,15000,948488,63
0.213679,999,43910,43
0.38435,79,87,1
0.308551,103,158,1
0.254297,59,149,2
0.125621,331,929,2
0.060734,70,100,1
0.302636,107,116,1
0.204988,7691,304520,39
0.21043,100,160,1
0.10855,75,77,1
0.10862,4053,144687,35
0.12899,6572,266700,40
0.238452,1354,43333,32
0.063838,151,209,1
0.192098,79,84,1
0.263566,15000,603517,40
0.360225,103,107,1
0.12595,443,3453,7
0.099178,7638,451132,59
0.227515,15000,667331,44
0.240116,1118,35383,31
0.39337,149,362,2
0.227564,369,771,2
0.371941,88,97,1
0.264177,15000,1104676,73
0.252501,1202,14867,12
0.230455,2319,66054,28
0.255189,3454,159657,46
0.228024,79,80,1
0.336307,316,706,2
0.113631,129,264,2
0.281557,245,524,2
0.396334,397,3746,9
0.055843,1781,142115,79
0.170594,103,107,1
0.182793,119,135,1
0.192366,15000,954211,63
0.288866,107,130,1
0.235789,5543,584888,105
0.188065,161,290,1
0.34863,15000,1112987,74
0.361997,1010,15928,15
0.242459,98,106,1
0.319848,89,100,1
0.258143,15000,1129491,75
0.175218,1183,45018,38
0.153686,511,3647,7
0.058299,333,2681,8
0.051043,7394,519615,70
0.106839,15000,690528,46
0.178423,1357,23062,16
0.2777,2402,94075,39
0.090916,86,103,1
0.245843,15000,1036855,69
0.175871,121,142,1
0.057369,2669,287774,107
0.227879,223,487,2
0.197094,2160,98865,45
0.117711,112,143,1
0.372906,805,12264,15
0.399169,1954,14071,7
0.192406,106,161,1
0.306161,96,108,1
0.122569,8288,529420,63
0.182625,15000,731404,48
0.338711,1033,9906,9
0.180982,459,1118,2
0.189085,441,1827,4
0.301306,9288,949697,102
0.213933,384,3855,10
0.250634,1454,39295,27
0.205305,243,340,1
0.095766,6920,780607,112
0.112065,975,53786,55
0.242008,305,352,1
0.32209,645,3994,6
0.346457,91,107,1
0.226021,15000,1234195,82
0.332902,83,98,1
0.345297,82,88,1
0.374461,83,241,2
0.286644,178,203,1
0.373759,85,87,1
0.11289,9475,537151,56
0.222572,1235,43115,34
0.08526,2498,150685,60
0.105978,63,64,1
0.144102,280,547,1
0.148192,149,207,1
0.260999,15000,586035,39
0.355301,1029,22040,21
0.29331,49,67,1
0.055454,499,2371,4
0.17235,15000,1339945,89
0.335292,774,2504,3
0.392165,441,2476,5
0.375195,104,211,2
0.294978,315,3340,10
0.346572,15000,775981,51
0.229388,1238,19519,15
0.169725,2368,75168,31
0.380131,5766,334612,58
0.142235,581,6714,11
0.170043,15000,543275,36
0.348144,86,97,1
0.115806,5473,340207,62
0.335966,87,100,1
0.217904,15000,631603,42
0.299308,1258,32505,25
0.15443,103,104,1
0.218413,117,146,1
0.322953,329,1153,3
0.393403,78,102,1
0.103239,268,1106,4
0.277015,85,154,1
0.311921,15000,836029,55
0.254873,1249,13184,10
0.171046,2499,160175,64
0.302425,15000,1127638,75
0.232032,999,35489,35
0.351245,134,151,1
0.306791,53,60,1
0.231962,634,15825,24
0.325885,751,8522,11
0.24405,535,3183,5
0.238784,380,780,2
0.15589,929,14606,15
0.069306,210,2228,10
0.380996,101,105,1
0.076323,327,529,1
0.131405,9407,569162,60
0.072425,499,23882,47
0.190025,1995,48469,24
0.149118,191,446,2
0.211665,611,16361,26
0.114669,8057,989454,122
0.148885,15000,1218590,81
0.317089,448,3360,7
0.331121,695,1496,2
0.236296,140,157,1
0.343175,70,86,1
0.105129,7233,641575,88
0.259286,94,105,1
0.062654,15000,787326,52
0.341099,1085,23571,21
0.380209,188,202,1
0.390212,100,104,1
0.346266,122,247,2
0.275326,15000,628570,41
0.137236,1875,91221,48
0.082986,161,301,1
0.316917,69,88,1
0.309085,102,166,1
0.240409,15000,837663,55
0.055973,1682,79038,46
0.270858,107,110,1
0.114113,6264,540175,86
0.266521,999,22135,22
0.322084,133,150,1
0.298246,15000,858067,57
0.371896,1257,27643,21
0.179536,102,103,1
0.365527,84,98,1
0.28787,300,473,1
0.196111,15000,867879,57
0.144137,2999,119492,39
0.296301,5499,320936,58
0.311391,90,101,1
0.142984,76,99,1
0.296016,214,769,3
0.289459,15000,470101,31
0.316105,999,36580,36
0.396601,107,118,1
0.180727,90,93,1
0.252936,8999,930434,103
0.320732,15000,1193414,79
0.222354,1376,42082,30
0.240267,94,113,1
0.382698,28,33,1
0.351863,15000,626562,41
0.305134,1499,13464,8
0.341036,15000,544031,36
0.155337,54,109,2
0.080483,84,103,1
0.360704,116,131,1
0.278363,15000,745789,49
0.230856,999,18014,18
0.192353,114,140,1
0.329544,78,82,1
0.202464,7167,745105,103
0.253847,15000,1030094,68
0.13062,999,54895,54
0.276279,56,86,1
0.113975,371,2489,6
0.227983,314,1077,3
0.312381,15000,1222712,81
0.246745,1769,87217,49
0.397099,384,1055,2
0.356312,163,236,1
0.317671,361,1281,3
0.315481,15000,1170195,78
0.197213,2868,117998,41
0.076375,95,110,1
0.257623,200,218,1
0.227543,256,2092,8
0.249533,2680,83443,31
0.123645,112,199,1
0.247216,1474,59687,40
0.342501,15000,535403,35
0.258623,999,16314,16
0.113122,105,158,1
0.064442,187,290,1
0.23072,125,141,1
0.373283,290,2041,7
0.210765,15000,564995,37
0.277903,1042,17220,16
0.272526,60,235,3
0.103934,107,277,2
0.367396,347,2650,7
0.081701,80,92,1
0.22787,99,103,1
0.383767,15000,1142769,76
0.054578,1385,112279,81
0.37027,93,113,1
0.371807,59,75,1
0.15629,75,94,1
0.367013,1294,96171,74
0.197579,163,416,2
0.23607,7001,694032,99
0.257896,15000,941804,62
0.167585,258,639,2
0.260652,121,162,1
0.273036,82,93,1
0.05459,705,17706,25
0.39883,237,3675,15
0.385469,2501,149583,59
0.122755,170,204,1
0.371055,387,3518,9
0.274146,15000,1319279,87
0.282523,1114,17604,15
0.169281,189,223,1
0.223862,135,145,1
0.248631,257,553,2
0.368754,15000,1393714,92
0.302876,1709,57757,33
0.128182,231,1303,5
0.363648,8001,445690,55
0.345933,15000,533397,35
0.2296,1001,39975,39
0.241717,95,98,1
0.392127,15000,1418578,94
0.35435,76,110,1
0.351418,128,175,1
0.055868,133,158,1
0.278036,15000,1032878,68
0.293421,1128,48045,42
0.271419,116,118,1
0.177186,94,145,1
0.22638,98,100,1
0.376597,95,104,1
0.175817,15000,1141806,76
0.202205,1501,16220,10
0.099176,82,95,1
0.154771,119,153,1
0.397017,190,207,1
0.32561,152,226,1
0.088691,8081,384345,47
0.278269,15000,463577,30
0.212167,1025,8371,8
0.358431,73,90,1
0.182087,501,29415,58
0.098214,92,108,1
0.323715,98,101,1
0.246135,112,163,1
0.241889,91,98,1
0.224274,303,7990,26
0.392291,224,377,1
0.101315,213,253,1
0.306567,90,102,1
0.395251,15000,1233096,82
0.05277,499,8048,16
0.197293,95,104,1
0.154215,6050,682513,112
0.094032,7392,811315,109
0.217531,86,99,1
0.184978,6047,444107,73
0.198265,4276,344449,80
0.302537,115,117,1
0.137672,15000,1020424,68
0.286735,1081,30790,28
0.2137,248,3856,15
0.360798,103,112,1
0.264192,15000,1131341,75
0.074498,191,751,3
0.215983,6261,331745,52
0.060659,188,492,2
0.30866,15000,613910,40
0.343349,1143,40181,35
0.334846,143,201,1
0.222817,92,94,1
0.195953,268,726,2
0.166279,112,174,1
0.366783,308,4269,13
0.349657,5968,233086,39
0.13785,594,13926,23
0.331517,15000,475987,31
0.142718,1047,21146,20
0.162147,2514,72480,28
0.320722,82,146,1
0.170328,190,298,1
0.058485,166,193,1
0.150174,15000,858023,57
0.18321,1060,53320,50
0.203776,2252,98703,43
0.123223,310,1669,5
0.290696,7573,299346,39
0.242099,128,169,1
0.294975,958,13717,14
0.085249,6122,283114,46
0.256984,99,110,1
0.213859,87,142,1
0.378894,781,10310,13
0.185839,102,104,1
0.374901,255,442,1
0.315733,174,313,1
0.298512,715,9100,12
0.259641,1849,61100,33
0.227135,90,100,1
0.101151,759,17346,22
0.196878,8724,517524,59
0.318207,15000,622518,41
0.060169,1236,38946,31
0.307023,77,93,1
0.087619,84,88,1
0.174084,194,314,1
0.263418,15000,1046249,69
0.281566,1065,22757,21
0.113038,2341,55520,23
0.338079,127,391,3
0.333657,135,148,1
0.134953,7326,396795,54
0.300038,15000,488287,32
0.325378,1163,18499,15
0.080017,94,106,1
0.327453,15000,615273,41
0.350729,143,241,1
0.352382,77,85,1
0.399853,361,642,1
0.132798,15000,921017,61
0.158904,1057,15557,14
0.152929,2176,106707,49
0.298845,4958,282579,56
0.291905,49,65,1
0.185897,88,93,1
0.191586,102,108,1
0.204564,118,150,1
0.286756,15000,939267,62
0.328895,999,8851,8
0.376801,271,565,2
0.33318,92,185,2
0.187707,784,5295,6
0.324303,679,14767,21
0.251162,15000,657168,43
0.185877,1230,23437,19
0.181703,2494,116422,46
0.074748,97,103,1
0.304136,15000,645730,43
0.193271,999,19188,19
0.314507,2499,41381,16
0.088163,365,971,2
0.225731,95,184,1
0.053004,182,553,3
0.199648,499,2055,4
0.292681,1705,37272,21
0.310574,79,100,1
0.246549,468,2669,5
0.291402,15000,590276,39
0.202733,1481,35690,24
0.125364,99,104,1
0.069021,243,323,1
0.08424,354,11201,31
0.103217,9493,926444,97
0.35159,498,4701,9
0.34278,1609,14219,8
0.159468,3999,253316,63
0.338707,446,1460,3
0.34158,78,93,1
0.311634,688,12414,18
0.295139,15000,739368,49
0.390909,2039,62344,30
0.184569,116,277,2
0.171168,499,2235,4
0.277451,15000,547547,36
0.057419,1601,96917,60
0.358527,87,121,1
0.176504,8965,589146,65
0.325638,15000,969665,64
0.054396,1107,25310,22
0.270356,60,85,1
0.0675,89,114,1
0.19269,98,117,1
0.249205,15000,684500,45
0.154199,1178,6057,5
0.312327,112,137,1
0.299098,5941,590458,99
0.237927,15000,1107170,73
0.159423,1499,57575,38
0.067713,168,404,2
0.119254,51,76,1
0.061144,79,96,1
0.125281,4350,444352,102
0.215973,353,11334,32
0.067287,1512,51580,34
0.239125,75,144,1
0.30743,130,205,1
0.158846,7764,662321,85
0.135277,50,125,2
0.181793,2831,148928,52
0.281761,376,1487,3
0.120937,7160,665637,92
0.131298,8216,643148,78
0.158652,139,155,1
0.184446,499,1494,2
0.355551,112,144,1
0.103721,294,1010,3
0.358194,15000,806794,53
0.208025,1087,33384,30
0.158088,94,143,1
0.080794,7139,551970,77
0.39532,224,294,1
0.338154,15000,1002690,66
0.220282,999,17974,17
0.283629,59,65,1
0.082797,206,289,1
0.304009,6130,183939,30
0.203468,88,94,1
0.091134,3905,175253,44
0.07845,86,149,1
0.245465,93,202,2
0.164279,92,106,1
0.128997,8571,363457,42
0.281304,84,98,1
0.31139,15000,386214,25
0.234983,1120,24821,22
0.095299,15000,1262807,84
0.056395,1049,16182,15
0.180672,412,912,2
0.11141,79,88,1
0.255455,7408,213580,28
0.187394,132,263,1
0.325402,15000,396368,26
0.271928,87,96,1
0.219501,15000,710617,47
0.375106,1994,67699,33
0.055425,128,153,1
0.156974,98,107,1
0.161952,154,209,1
0.329465,15000,676002,45
0.064464,2054,95027,46
0.370056,72,85,1
0.151827,6332,455208,71
0.127577,966,28952,29
0.299342,125,140,1
0.293173,175,430,2
0.299306,8240,603807,73
0.208299,89,96,1
0.292165,146,2146,14
0.305153,330,570,1
0.375563,87,109,1
0.389258,91,93,1
0.098173,203,794,3
0.234888,15000,420124,28
0.393345,92,98,1
0.083413,270,915,3
0.232002,999,34668,34
0.326549,1999,52511,26
0.248974,5635,271579,48
0.307439,165,261,1
0.10921,8339,530940,63
0.360399,98,103,1
0.151981,191,547,2
0.21892,196,3252,16
0.116862,2443,144654,59
0.159553,102,178,1
0.211726,169,199,1
0.255158,95,104,1
0.329452,15000,1127834,75
0.194376,1956,66569,34
0.351115,879,20018,22
0.1289,92,94,1
0.311613,7817,720589,92
0.169669,103,108,1
0.204022,141,179,1
0.377025,161,190,1
0.394933,252,2434,9
0.287121,1499,15226,10
0.326051,279,560,2
0.065127,86,90,1
0.141144,181,733,4
0.116103,6982,315055,45
0.309755,15000,555438,37
0.237647,999,26982,27
0.265215,104,152,1
0.348064,81,145,1
0.210245,4762,392647,82
0.101949,84,94,1
0.183665,184,237,1
0.345725,999,16535,16
0.306657,309,5066,16
0.236728,15000,928121,61
0.181646,126,201,1
0.179541,97,101,1
0.307365,15000,967831,64
0.244111,127,226,1
0.291087,104,115,1
0.266797,15000,1394885,92
0.19482,1693,16333,9
0.112926,3143,58546,18
0.21929,88,110,1
0.244944,98,106,1
0.310676,86,98,1
0.228216,354,2243,6
0.382647,181,395,2
0.125389,3397,99799,29
0.108443,137,159,1
0.22563,86,101,1
0.115427,72,109,1
0.304204,109,156,1
0.365328,15000,431609,28
0.20891,1173,19222,16
0.090238,79,90,1
0.122972,264,609,2
0.202167,544,1317,2
0.141871,15000,851230,56
0.074759,1144,45693,39
0.270239,4549,305650,67
0.256571,211,1677,7
0.262145,94,102,1
0.174481,5446,326135,59
0.266032,15000,667812,44
0.082089,1146,49152,42
0.243474,105,106,1
0.266027,6156,308764,50
0.089704,90,99,1
0.146035,85,94,1
0.073263,595,4617,7
0.130782,2264,207972,91
0.352005,137,167,1
0.208599,101,105,1
0.342613,15000,1411205,94
0.377187,97,98,1
0.240623,82,87,1
0.269419,91,97,1
0.179742,15000,1334967,88
0.268987,1471,62174,42
0.151057,156,205,1
0.152897,194,289,1
0.147504,102,105,1
0.062683,337,3369,9
0.180374,147,161,1
0.386954,15000,1127339,75
0.207965,1337,16257,12
0.123513,2985,115140,38
0.077471,297,1365,4
0.251566,96,99,1
0.163064,15000,458205,30
0.05981,1214,133139,109
0.054959,81,90,1
0.344662,208,755,3
0.37782,89,109,1
0.315711,95,150,1
0.12272,1014,68351,67
0.054587,73,78,1
0.329074,315,446,1
0.174464,6731,769577,114
0.272826,84,139,1
0.234952,1112,13614,12
0.151056,2542,54925,21
0.058566,96,103,1
0.135242,7337,276741,37
0.186653,15000,448712,29
0.170717,1004,20539,20
0.155609,3431,172502,50
0.18106,94,151,1
0.141665,7822,585026,74
0.260535,15000,1103111,73
0.053805,1173,35990,30
0.284292,282,345,1
0.232858,6837,522727,76
0.1576,70,81,1
0.130556,63,88,1
0.133837,87,150,1
0.323365,15000,980734,65
0.205699,1780,36944,20
0.284314,94,97,1
0.091918,5347,445231,83
0.297103,99,100,1
0.28213,15000,927721,61
0.198881,101,135,1
0.084187,68,78,1
0.343434,257,353,1
0.152547,129,192,1
0.079382,7541,337625,44
0.238848,106,118,1
0.354696,78,82,1
0.209301,105,107,1
0.31896,291,727,2
0.309471,89,105,1
0.336152,15000,511485,34
0.246322,1362,23046,16
0.283623,99,115,1
0.335393,499,10015,20
0.275553,249,700,2
0.159794,8051,521642,64
0.270279,83,101,1
0.357588,69,102,1
0.28091,249,403,1
0.080289,400,616,1
0.297753,15000,717431,47
0.189874,1226,67673,55
0.134415,183,806,4
0.294818,15000,903314,60
0.198106,999,26411,26
0.286054,281,745,2
0.136465,499,1581,3
0.162606,1534,38827,25
0.247596,348,11626,33
0.126342,1369,35574,25
0.382271,130,154,1
0.071071,71,74,1
0.106117,2482,45789,18
0.293834,15000,401885,26
0.119177,70,245,3
0.362208,1387,43832,31
0.069187,128,211,1
0.181824,6633,727693,109
0.326124,15000,1222191,81
0.311141,100,157,1
0.342152,162,187,1
0.348645,135,336,2
0.309218,165,223,1
0.384779,194,255,1
0.079774,501,27553,54
0.333415,108,153,1
0.304901,5501,285035,51
0.16988,449,1021,2
0.27795,15000,484456,32
0.137006,1501,46761,31
0.182073,1368,50121,36
0.223883,6658,373518,56
0.087304,87,89,1
0.217827,673,3195,4
0.162432,737,41937,56
0.099349,149,205,1
0.310014,77,87,1
0.2977,92,261,2
0.094268,7626,889694,116
0.349617,95,100,1
0.287968,15000,1229061,81
0.117498,141,154,1
0.29159,66,72,1
0.342446,93,98,1
0.377513,15000,997747,66
0.102316,87,107,1
0.195522,6623,603084,91
0.347794,110,113,1
0.372193,611,7889,12
0.316192,224,353,1
0.167605,119,143,1
0.353848,194,283,1
0.206261,178,620,3
0.210155,15000,1054828,70
0.394543,1035,14653,14
0.349679,98,101,1
0.083473,743,16618,22
0.377328,15000,501396,33
0.164513,153,197,1
0.301001,98,114,1
0.358845,96,97,1
0.08924,162,4697,28
0.121706,202,227,1
0.219677,5414,477560,88
0.266322,899,14786,16
0.360998,136,173,1
0.234434,300,6850,22
0.141291,289,2047,7
0.187348,6721,280120,41
0.205368,1456,34863,23
0.170205,6369,223607,35
0.110784,127,164,1
0.055724,3311,115662,34
0.338036,151,275,1
0.175175,6459,212308,32
0.069255,956,16510,17
0.164135,253,601,2
0.265229,119,159,1
0.136682,85,95,1
0.304705,15000,408153,27
0.241156,1181,20762,17
0.165722,2247,31816,14
0.116993,5722,396362,69
0.134708,1061,24268,22
0.26661,15000,654594,43
0.174151,2499,90405,36
0.174752,80,91,1
0.226448,7999,389924,48
0.092426,101,108,1
0.239481,15000,604499,40
0.207363,1078,46068,42
0.095846,232,756,3
0.272176,196,332,1
0.341407,102,106,1
0.164354,104,154,1
0.327044,499,26555,53
0.397896,448,2480,5
0.172302,89,104,1
0.299264,104,157,1
0.273123,613,13716,22
0.056337,1867,177550,95
0.362167,86,93,1
0.179724,15000,937734,62
0.26599,999,21938,21
0.144588,175,290,1
0.094669,3499,187843,53
0.134566,29,38,1
0.091151,147,365,2
0.08562,125,137,1
0.276874,83,140,1
0.286227,792,6253,7
0.10026,65,69,1
0.178506,8025,905624,112
0.201752,123,138,1
0.191597,268,5666,21
0.100803,2630,258704,98
0.331473,228,351,1
0.152614,94,97,1
0.156538,105,158,1
0.250232,343,778,2
0.323127,829,5467,6
0.077597,2688,176928,65
0.074163,195,368,1
0.06762,446,12756,28
0.281161,15000,664426,44
0.147634,5630,599801,106
0.22189,9130,972850,106
0.098406,70,116,1
0.111566,2412,223753,92
0.24949,15000,1098940,73
0.1389,499,4479,8
0.098283,2714,296356,109
0.360994,5499,639318,116
0.099616,121,182,1
0.198142,81,166,2
0.141473,88,100,1
0.289882,320,714,2
0.229162,1450,62750,43
0.151694,254,420,1
0.171649,88,193,2
0.224161,314,1617,5
0.347524,82,437,5
0.14872,53,66,1
0.166092,223,1023,4
0.10726,87,88,1
0.293477,114,115,1
0.1378,121,136,1
0.243633,15000,651835,43
0.090921,104,366,3
0.216798,97,160,1
0.354549,142,214,1
0.177138,330,3003,9
0.342017,550,6984,12
0.362969,248,2143,8
0.214035,1773,34792,19
0.353274,2999,70091,23
0.369895,100,102,1
0.117209,15000,822315,54
0.231119,1145,35565,31
0.344551,98,145,1
0.181998,1269,31197,24
0.348946,15000,790234,52
0.163687,999,21145,21
0.123593,2988,127608,42
0.385505,284,472,1
0.352998,101,106,1
0.239252,81,98,1
0.395702,999,9710,9
0.08411,83,138,1
0.217023,90,220,2
0.260112,2133,37992,17
0.3507,15000,784629,52
0.195886,999,23499,23
0.054025,2644,147438,55
0.197507,112,149,1
0.2956,15000,831756,55
0.241643,1051,43751,41
0.090479,74,100,1
0.168624,91,95,1
0.309955,361,738,2
0.098034,499,21053,42
0.089588,1795,107753,60
0.156353,782,6566,8
0.208405,322,1274,3
0.171921,999,24027,24
0.088882,175,222,1
0.168634,7474,579584,77
0.333084,15000,827730,55
0.091894,1051,8826,8
0.189645,327,1199,3
0.167354,5369,366118,68
0.163677,99,109,1
0.222234,15000,746427,49
0.21078,999,22378,22
0.21395,80,131,1
0.105446,144,223,1
0.213442,8519,917153,107
0.148466,224,452,2
0.110399,740,21782,29
0.300143,146,319,2
0.217598,15000,892372,59
0.325086,1212,7445,6
0.308004,95,107,1
0.302723,92,111,1
0.101354,7999,455547,56
0.246461,15000,675268,45
0.156023,999,14074,14
0.397741,106,111,1
0.294939,15000,1162804,77
0.344477,999,16850,16
0.24824,2409,81220,33
0.319239,123,135,1
0.224227,7738,807657,104
0.287114,15000,1202399,80
0.145358,999,16645,16
0.373622,104,105,1
0.255061,15000,742374,49
0.302579,92,141,1
0.227507,1170,55382,47
0.201402,5362,545034,101
0.258757,91,141,1
0.113977,123,150,1
0.274865,712,13827,19
0.168435,1712,21847,12
0.279896,80,82,1
0.119505,8758,597927,68
0.169672,15000,513354,34
0.095219,2598,147036,56
0.360805,107,112,1
0.204611,76,90,1
0.128378,15000,665490,44
0.200812,1133,20900,18
0.33082,99,100,1
0.235484,15000,957972,63
0.326925,1086,18223,16
0.222965,60,91,1
0.237833,252,698,2
0.36396,76,115,1
0.160083,143,225,1
0.180183,125,147,1
0.179912,60,449,7
0.295109,1212,18872,15
0.062623,124,135,1
0.335362,385,891,2
0.067026,6793,618245,91
0.216491,210,817,3
0.295453,82,92,1
0.134039,212,9150,43
0.186927,174,196,1
0.234549,91,96,1
0.252848,155,193,1
0.123598,89,97,1
0.341321,277,1123,4
0.306313,675,8060,11
0.252953,15000,416494,27
0.295979,1621,28259,17
0.223151,79,99,1
0.145644,4212,208500,49
0.275779,75,88,1
0.385884,271,988,3
0.247024,90,91,1
0.228632,15000,409100,27
0.324622,260,545,2
0.295472,95,198,2
0.351721,90,110,1
0.343882,955,19735,20
0.138284,2212,62918,28
0.084791,75,91,1
0.380365,76,95,1
0.289198,15000,1051459,70
0.373387,7340,905378,123
0.323263,15000,1368191,91
0.095152,1570,42315,26
0.273187,141,164,1
0.175147,233,1627,6
0.221162,101,114,1
0.162212,98,109,1
0.380848,593,2567,4
0.216897,1421,17931,12
0.151176,162,223,1
0.385823,133,145,1
0.345266,160,247,1
0.364506,207,634,3
0.111773,9433,848915,89
0.103097,788,20075,25
0.140897,2197,97389,44
0.088052,80,86,1
0.239783,6531,428192,65
0.151854,181,227,1
0.303183,98,99,1
0.370121,770,13661,17
0.211621,2767,54592,19
0.375385,350,1211,3
0.054045,298,2081,6
0.125858,15000,560927,37
0.331447,15000,1421421,94
0.097167,1282,112182,87
0.232782,2509,141587,56
0.236605,88,164,1
0.322643,431,843,1
0.151367,100,107,1
0.344184,76,98,1
0.240097,656,13012,19
0.280168,3089,216762,70
0.169164,15000,1007612,67
0.228423,1517,25930,17
0.196791,83,101,1
0.066556,1299,11640,8
0.389377,264,716,2
0.358896,168,387,2
0.095686,4499,167544,37
0.389231,2871,99033,34
0.36485,354,2602,7
0.29503,88,91,1
0.292807,990,22496,22
0.171677,2391,77423,32
0.263261,193,356,1
0.071732,74,115,1
0.216169,6974,398731,57
0.2532,15000,648502,43
0.274222,1725,18641,10
0.137271,82,87,1
0.18449,99,113,1
0.051638,7391,980487,132
0.243244,234,439,1
0.21982,184,212,1
0.32953,891,23978,26
0.143374,7496,739341,98
0.255413,8715,932363,106
0.280197,706,4170,5
0.390774,714,11896,16
0.118122,15000,913903,60
0.347905,214,373,1
0.055353,72,96,1
0.236659,98,101,1
0.087539,788,31312,39
0.071018,1975,170193,86
0.055209,77,94,1
0.265264,7641,509878,66
0.088655,440,2680,6
0.298641,15000,954375,63
0.344974,1225,25524,20
0.340244,171,435,2
0.062501,208,232,1
0.137434,90,93,1
0.052039,252,1512,6
0.287404,15000,752676,50
0.163708,97,99,1
0.065781,97,103,1
0.255234,76,150,1
0.117764,249,397,1
0.11906,77,86,1
0.066548,7800,507873,65
0.104223,240,1838,7
0.21928,364,691,1
0.396003,54,73,1
0.078621,67,91,1
0.246329,15000,899793,59
0.310866,1641,31869,19
0.050853,77,90,1
0.278454,81,114,1
0.159799,15000,983197,65
0.250608,999,11701,11
0.107754,2153,225674,104
0.227214,92,93,1
0.331299,15000,1365827,91
0.378927,383,5182,13
0.185883,15000,666287,44
0.135,2999,223167,74
0.368525,79,82,1
0.113502,81,101,1
0.256376,170,944,5
0.399167,499,6167,12
0.057355,455,1342,2
0.108754,3999,198046,49
0.222584,3632,185493,51
0.253551,226,410,1
0.125451,87,94,1
0.187406,15000,704661,46
0.308484,1041,13851,13
0.079528,2050,128198,62
0.085331,124,135,1
0.148512,1230,97636,79
0.282645,15000,931276,62
0.261095,247,550,2
0.224621,54,72,1
0.138799,128,142,1
0.148218,6500,282433,43
0.221002,15000,415539,27
0.304621,1224,12702,10
0.249941,119,164,1
0.322786,89,99,1
0.120749,67,90,1
0.321376,15000,1183462,78
0.235549,1474,42121,28
0.360055,50,71,1
0.185169,281,1057,3
0.230705,60,575,9
0.078404,1188,68909,58
0.114051,181,217,1
0.254904,111,212,1
0.215105,15000,1184827,78
0.180488,5724,226815,39
0.365101,941,11901,12
0.301896,999,3663,3
0.066188,4921,188227,38
0.258561,866,17703,20
0.261014,120,157,1
0.341888,15000,1208905,80
0.368634,2461,67779,27
0.185102,89,91,1
0.286137,340,1531,4
0.282947,15000,1137894,75
0.114908,1224,66936,54
0.224871,91,102,1
0.325461,182,214,1
0.200176,8360,449731,53
0.08032,2146,134299,62
0.180118,431,4937,11
0.212902,1809,62685,34
0.320174,4724,403953,85
0.122963,274,353,1
0.239292,140,156,1
0.393502,325,661,2
0.125002,94,872,9
0.061252,161,221,1
0.055017,6574,716650,109
0.312416,57,76,1
0.077829,68,275,4
0.259165,255,305,1
0.204516,329,1414,4
0.333501,15000,450459,30
0.058782,97,99,1
0.231722,7837,811463,103
0.328525,15000,1186052,79
0.067138,117,143,1
0.262056,211,255,1
0.068109,86,106,1
0.117066,89,113,1
0.232079,443,1015,2
0.34671,105,163,1
0.070522,15000,429814,28
0.273621,51,69,1
0.084874,1390,77357,55
0.050781,177,201,1
0.26147,15000,597651,39
0.266151,111,188,1
0.260169,196,241,1
0.197585,104,157,1
0.38493,15000,1037631,69
0.38303,102,186,1
0.159341,89,98,1
0.117054,3731,276399,74
0.308481,94,109,1
0.297021,382,523,1
0.322301,124,154,1
0.259094,2046,138449,67
0.386184,87,103,1
0.178993,68,85,1
0.217591,7154,633782,88
0.275515,15000,1045953,69
0.196599,214,1722,8
0.282395,6549,409897,62
0.363856,15000,628988,41
0.316941,1162,30461,26
0.206392,81,87,1
0.253156,90,150,1
0.359153,15000,692826,46
0.361525,1206,47065,39
0.164872,117,145,1
0.209413,1856,94621,50
0.088554,68,90,1
0.072041,119,149,1
0.352158,501,12318,24
0.076344,835,11943,14
0.354447,15000,468611,31
0.152311,87,101,1
0.169819,175,294,1
0.082998,82,137,1
0.339497,91,104,1
0.126337,90,2408,26
0.270466,2001,167845,83
0.09626,94,110,1
0.341337,139,251,1
0.174528,544,3089,5
0.164211,78,2028,26
0.292899,461,978,2
0.105215,101,109,1
0.189224,7084,809345,114
0.053527,564,22576,40
0.351918,86,93,1
0.265562,1001,49910,49
0.107182,93,184,1
0.151686,92,105,1
0.395143,215,337,1
0.286967,1,2,2
0.253526,15000,1236208,82
0.135607,91,167,1
0.24329,91,111,1
0.257232,309,463,1
0.152872,9934,659888,66
0.075242,450,5748,12
0.214965,164,1117,6
0.133608,7223,834391,115
0.237975,371,639,1
0.165383,114,213,1
0.178449,109,202,1
0.286337,85,94,1
0.071866,9109,987385,108
0.38451,15000,1171783,78
0.2164,999,22631,22
0.290903,75,95,1
0.330327,543,9194,16
0.327066,15000,1176876,78
0.343727,1183,18112,15
0.122499,334,771,2
0.260017,15000,1053354,70
0.364776,999,18026,18
0.095438,337,1259,3
0.129057,82,100,1
0.087988,108,211,1
0.286103,74,147,1
0.182922,99,107,1
0.323804,15000,766325,51
0.088644,999,27676,27
0.229332,103,108,1
0.074241,155,161,1
0.277852,15000,685187,45
0.088826,1219,17589,14
0.190503,2322,63560,27
0.238516,87,129,1
0.192991,252,1354,5
0.222223,15000,838244,55
0.056915,1740,93303,53
0.072017,101,108,1
0.278644,15000,630411,42
0.366701,245,286,1
0.125946,91,98,1
0.248197,90,105,1
0.262504,129,143,1
0.318124,15000,1216230,81
0.071313,1172,62697,53
0.092064,163,332,2
0.111055,649,10167,15
0.286058,447,753,1
0.302002,15000,1058816,70
0.269215,999,23457,23
0.137269,201,601,2
0.050099,318,2040,6
0.117246,15000,657110,43
0.260158,1283,29803,23
0.206833,85,99,1
0.074392,268,624,2
0.100649,15000,963055,64
0.23682,1080,33126,30
0.262952,79,85,1
0.078122,6148,317081,51
0.134882,7199,351766,48
0.110281,1835,44076,24
0.073507,111,214,1
0.369298,108,116,1
0.267977,9166,443874,48
0.399506,15000,655560,43
0.135899,95,105,1
0.214833,130,158,1
0.079967,235,1283,5
0.080431,153,621,4
0.291317,15000,1305441,87
0.178017,1822,45121,24
0.056456,97,204,2
0.291386,81,107,1
0.132085,6092,341078,55
0.108813,15000,564189,37
0.235886,1006,10580,10
0.056986,3983,357025,89
0.151785,91,146,1
0.275088,591,3988,6
0.252249,94,97,1
0.110119,89,143,1
0.127622,562,4469,7
0.188534,89,94,1
0.237624,402,2851,7
0.104872,56,67,1
0.260009,999,22079,22
0.389249,92,96,1
0.350673,66,888,13
0.322883,1238,32742,26
0.159794,2886,96630,33
0.107685,450,7486,16
0.287364,91,122,1
0.112915,1794,118222,65
0.111065,406,5104,12
0.204844,77,93,1
0.113536,117,204,1
0.152387,398,1644,4
0.356375,15000,1320942,88
0.343482,1175,29824,25
0.258982,15000,1161431,77
0.177072,774,2702,3
0.280846,120,149,1
0.339213,15000,818639,54
0.329396,1148,36086,31
0.050332,921,11976,13
0.202533,85,105,1
0.373297,15000,1256943,83
0.25189,1709,21506,12
0.327637,93,95,1
0.187926,451,3978,8
0.307015,7209,387292,53
0.148885,109,138,1
0.156414,15000,611642,40
0.240055,1084,31469,29
0.226759,130,153,1
0.213071,243,369,1
0.060989,96,111,1
0.312682,52,154,2
0.145073,15000,953796,63
0.069285,1915,96410,50
0.197982,133,153,1
0.149363,8217,603322,73
0.192717,58,90,1
0.304488,95,110,1
0.136877,8854,1105870,124
0.387603,102,166,1
0.056892,1001,116920,116
0.215542,116,220,1
0.099714,154,309,2
0.24138,15000,1266935,84
0.234483,1001,66821,66
0.359965,271,328,1
0.296932,6501,765737,117
0.073909,115,140,1
0.352564,15000,1228182,81
0.289806,2001,58777,29
0.371655,254,309,1
0.180409,7863,511394,65
0.146162,90,107,1
0.073309,1808,61929,34
0.179736,99,102,1
0.070148,202,770,3
0.346137,15000,572037,38
0.214373,1944,69654,35
0.093601,239,516,2
0.107348,89,102,1
0.079436,237,374,1
0.186551,8580,480317,55
0.228612,15000,555670,37
0.312473,108,112,1
0.107322,50,57,1
0.3443,84,90,1
0.363443,214,552,2
0.273451,944,7100,7
0.250458,855,3012,3
0.154458,356,581,1
0.230118,15000,1023256,68
0.075128,1553,96849,62
0.362329,99,109,1
0.069043,191,305,1
0.322761,15000,612328,40
0.239765,1168,23028,19
0.174612,107,157,1
0.222112,85,88,1
0.269334,225,264,1
0.330938,15000,703230,46
0.174024,1369,51053,37
0.383473,98,157,1
0.148704,131,138,1
0.075214,130,189,1
0.093573,462,947,2
0.099805,334,5519,16
0.240571,961,9343,9
0.080406,2583,66384,25
0.174518,5087,311123,61
0.186796,107,116,1
0.308426,15000,1212107,80
0.218761,1383,40867,29
0.325333,157,316,2
0.179555,15000,1025780,68
0.220951,1121,23302,20
0.094343,100,102,1
0.102831,189,630,3
0.192129,511,1469,2
0.225344,463,589,1
0.356147,97,104,1
0.186736,911,19771,21
0.051632,83,86,1
0.353283,199,585,2
0.12607,6923,568312,82
0.310515,15000,766491,51
0.188097,1360,72951,53
0.127336,15000,1426450,95
0.1132,77,94,1
0.206823,96,105,1
0.296781,805,11651,14
0.292637,15000,839960,55
0.272237,1251,19860,15
0.115391,5507,658384,119
0.074778,7858,861686,109
0.147015,214,640,2
0.289984,138,143,1
0.259674,155,200,1
0.055388,499,13797,27
0.169341,2138,103555,48
0.176459,5877,398308,67
0.233871,7300,428637,58
0.345551,90,93,1
0.386805,7954,486004,61
0.256895,40,57,1
0.194836,133,151,1
0.136754,843,4381,5
0.175908,15000,741652,49
0.210238,999,21531,21
0.099298,2099,71737,34
0.121306,1879,34277,18
0.379795,81,141,1
0.302422,98,107,1
0.230486,570,10650,18
0.156613,78,108,1
0.31267,15000,446381,29
0.085225,2990,212873,71
0.255088,86,99,1
0.182891,206,1399,6
0.290553,15000,882511,58
0.275042,999,29648,29
0.294713,160,295,1
0.399106,104,106,1
0.120392,660,18439,27
0.292494,136,177,1
0.324653,15000,691744,46
0.109229,2255,119230,52
0.113054,3583,34211,9
0.395506,78,91,1
0.118077,93,97,1
0.261461,15000,643475,42
0.228968,1322,42368,32
0.317022,89,95,1
0.388876,670,5999,8
0.313818,15000,665915,44
0.324008,999,11894,11
0.379742,75,89,1
0.277254,129,200,1
0.168639,698,22332,31
0.108514,15000,764369,50
0.229204,999,20140,20
0.336842,149,154,1
0.139874,9497,964203,101
0.057173,499,10738,21
0.245442,1547,42495,27
0.289564,100,104,1
0.392118,183,204,1
0.149525,128,153,1
0.177042,7251,375503,51
0.305005,15000,653546,43
0.35116,1039,18161,17
0.27943,93,106,1
0.092582,89,97,1
0.228961,132,159,1
0.169176,100,103,1
0.340265,148,949,6
0.393626,329,6980,21
0.163223,119,149,1
0.3884,63,97,1
0.2748,1499,38606,25
0.152348,6375,550412,86
0.253204,15000,741736,49
0.061396,1128,69544,61
0.055333,474,12874,27
0.323287,6999,447364,63
0.394673,235,3167,13
0.299599,15000,783660,52
0.097356,999,5770,5
0.383765,114,141,1
0.324744,118,148,1
0.212662,99,102,1
0.230047,15000,641855,42
0.398228,90,140,1
0.08002,6744,204113,30
0.31076,93,147,1
0.065192,93,193,2
0.269377,466,6818,14
0.230272,2778,281928,101
0.289441,160,187,1
0.324277,15000,1319923,87
0.228463,999,22744,22
0.197564,102,213,2
0.262116,5854,490284,83
0.083599,67,81,1
0.338402,69,83,1
0.163608,707,12761,18
0.15519,2434,174075,71
0.301718,254,633,2
0.245876,143,232,1
0.210914,15000,1061244,70
0.205768,2137,74959,35
0.266701,73,77,1
0.285744,282,1428,5
0.239717,15000,807227,53
0.230406,999,21066,21
0.368205,120,191,1
0.070181,91,151,1
0.051686,285,680,2
0.274317,8924,385803,43
0.288146,141,166,1
0.29888,669,5248,7
0.289173,477,4704,9
0.160514,979,8555,8
0.056372,190,250,1
0.093374,129,205,1
0.255447,145,545,3
0.222894,15000,655551,43
0.072395,1595,30716,19
0.164886,363,6286,17
0.246793,97,103,1
0.053868,98,195,1
0.35469,499,6276,12
0.191236,1943,24003,12
0.114021,58,135,2
0.331531,69,97,1
0.156129,108,117,1
0.261154,144,199,1
0.350633,627,9111,14
0.267542,15000,1121767,74
0.068597,1136,113412,99
0.221856,316,1124,3
0.142479,5740,539558,93
0.264045,121,148,1
0.316563,143,158,1
0.215267,91,101,1
0.27054,88,143,1
0.120702,79,98,1
0.283771,208,516,2
0.318498,445,12726,28
0.075215,238,733,3
0.237922,1,2,2
0.370719,1371,41175,30
0.194613,2996,381194,127
0.287602,249,440,1
0.13183,1830,195827,107
0.344484,15000,1101423,73
0.05417,144,261,1
0.260144,15000,1350268,90
0.205664,1101,25445,23
0.191537,104,159,1
0.170447,1016,19396,19
0.12582,15000,721135,48
0.25912,78,142,1
0.156536,845,4716,5
0.209746,106,111,1
0.380422,145,188,1
0.335126,83,84,1
0.231496,15000,744614,49
0.352224,91,94,1
0.267305,122,409,3
0.242918,15000,1263980,84
0.298999,6085,248367,40
0.065402,197,241,1
0.207825,72,105,1
0.309593,15000,489396,32
0.279032,143,152,1
0.386714,15000,879618,58
0.296187,6001,840433,140
0.278483,7223,903706,125
0.190879,45,51,1
0.054481,122,155,1
0.163854,91,96,1
0.158788,7568,796247,105
0.283868,127,146,1
0.288942,499,3263,6
0.093231,1648,93877,56
0.06307,98,100,1
0.366554,6499,405719,62
0.296081,15000,830640,55
0.399173,205,326,1
0.084005,372,1186,3
0.111906,499,15128,30
0.193974,1999,50673,25
0.328295,71,83,1
0.131787,8717,711508,81
0.327887,15000,811099,54
0.181858,1417,33973,23
0.19735,155,187,1
0.270502,101,209,2
0.217073,747,4304,5
0.068673,91,106,1
0.293394,142,155,1
0.311593,411,823,2
0.357817,15000,1156036,77
0.275237,999,24418,24
0.131515,103,258,2
0.366201,103,534,5
0.203522,15000,1252721,83
0.313017,999,23823,23
0.21383,528,5728,10
0.331001,99,102,1
0.261258,6231,648209,104
0.131398,3368,257366,76
0.364058,15000,1044806,69
0.094174,1190,39309,33
0.076235,592,7846,13
0.109999,96,154,1
0.220797,231,849,3
0.342474,84,138,1
0.339567,15000,364289,24
0.218022,197,248,1
0.299862,170,338,1
0.200026,75,96,1
0.241043,164,255,1
0.135934,147,206,1
0.345597,94,102,1
0.150554,15000,980811,65
0.360132,1043,9876,9
0.246538,2303,79294,34
0.074671,74,86,1
0.326083,15000,1131170,75
0.289693,104,160,1
0.306458,93,109,1
0.259488,209,337,1
0.323515,88,99,1
0.063812,602,7488,12
0.085134,2133,92668,43
0.138155,177,258,1
0.222468,551,3318,6
0.221899,93,98,1
0.294193,15000,416104,27
0.096189,2048,114644,55
0.183903,136,163,1
0.270721,117,144,1
0.123105,56,71,1
0.069688,3205,184284,57
0.395178,138,212,1
0.30067,9701,647841,66
0.329396,220,302,1
0.395678,77,86,1
0.108179,85,86,1
0.153869,658,4443,6
0.395383,448,3637,8
0.073821,1639,104334,63
0.30814,242,895,3
0.142221,1146,71436,62
0.135555,95,96,1
0.151501,15000,1016972,67
0.337415,1001,55264,55
0.104237,78,81,1
0.102433,5610,481543,85
0.1945,98,99,1
0.357003,70,93,1
0.352186,76,103,1
0.244755,15000,1158696,77
0.282327,232,1525,6
0.134885,390,908,2
0.060003,280,530,1
0.093577,290,1326,4
0.076551,84,183,2
0.149946,62,526,8
0.076304,1963,129997,66
0.263936,88,98,1
0.38182,80,87,1
0.260244,91,106,1
0.367443,89,92,1
0.37678,241,3287,13
0.268466,2117,53619,25
0.298434,214,396,1
0.105675,2111,78745,37
0.215068,15000,465336,31
0.074073,1204,68060,56
0.233465,3405,88778,26
0.280575,145,200,1
0.307982,67,79,1
0.25607,15000,741972,49
0.320654,1420,35738,25
0.273435,100,115,1
0.06037,130,155,1
0.097474,104,106,1
0.092562,8054,514089,63
0.232953,97,101,1
0.392113,139,205,1
0.167927,5290,286964,54
0.064125,3086,112889,36
0.058346,181,268,1
0.204256,689,15616,22
0.241021,92,104,1
0.125651,119,353,2
0.091261,7229,411356,56
0.091319,126,301,2
0.118266,588,5001,8
0.353158,7080,331554,46
0.135247,119,155,1
0.304347,15000,574477,38
0.370096,83,151,1
0.157042,230,263,1
0.302771,81,131,1
0.274698,1145,21133,18
0.116533,66,92,1
0.270666,742,13384,18
0.291397,420,718,1
0.299179,741,10723,14
0.342608,95,101,1
0.100276,193,259,1
0.068768,66,458,6
0.305487,1132,36987,32
0.132016,114,430,3
0.338463,141,158,1
0.230191,125,327,2
0.135954,64,96,1
0.311564,15000,528929,35
0.086475,1462,43993,30
0.226894,128,203,1
0.275156,189,343,1
0.310836,139,163,1
0.083068,8929,315741,35
0.269935,15000,413843,27
0.237179,99,104,1
0.221054,806,8912,11
0.226648,104,111,1
0.358239,235,415,1
0.137614,8835,404177,45
0.069959,201,247,1
0.360809,3966,176239,44
0.38366,130,159,1
0.258951,207,7702,37
0.203744,108,109,1
0.388986,294,413,1
0.092969,91,149,1
0.329588,15000,1298199,86
0.300517,2248,43062,19
0.340602,127,147,1
0.260322,6365,634228,99
0.348536,15000,1040444,69
0.37615,1039,13382,12
0.165058,2844,78978,27
0.243233,87,102,1
0.132456,5212,408106,78
0.38573,235,398,1
0.275759,124,141,1
0.349104,6067,326987,53
0.287445,15000,628031,41
0.273918,175,295,1
0.086706,82,107,1
0.092223,89,102,1
0.064688,99,108,1
0.14039,73,285,3
0.202825,1211,40569,33
0.128982,95,107,1
0.24258,97,100,1
0.228902,15000,1329923,88
0.083427,1501,128771,85
0.168843,91,103,1
0.36879,104,115,1
0.231567,15000,1294929,86
0.089923,1693,127354,75
0.205142,446,4527,10
0.383507,139,198,1
0.203316,179,550,3
0.208667,15000,933851,62
0.320676,162,368,2
0.275982,174,300,1
0.128307,30,34,1
0.260869,161,221,1
0.107787,2054,62208,30
0.129239,104,246,2
0.339875,131,241,1
0.389254,15000,471358,31
0.094703,1216,24333,20
0.093295,88,106,1
0.340225,83,92,1
0.111752,131,2043,15
0.064905,1966,71489,36
0.089227,108,113,1
0.161197,6054,420653,69
0.169009,98,103,1
0.385122,254,420,1
0.211783,6333,504949,79
0.126153,7192,559899,77
0.089077,110,144,1
0.151957,89,94,1
0.181201,15000,697704,46
0.382561,999,21145,21
0.113168,2759,223498,81
0.083199,89,99,1
0.24436,15000,1161420,77
0.287029,999,11390,11
0.084584,3831,162021,42
0.257077,125,154,1
0.245027,173,193,1
0.089809,6539,277887,42
0.366457,999,21058,21
0.085325,263,309,1
0.354571,134,147,1
0.167362,373,782,2
0.15621,499,17626,35
0.158793,1603,106800,66
0.345793,6470,669627,103
0.194658,1155,5641,4
0.264271,94,99,1
0.350361,273,4303,15
0.087164,1790,48633,27
0.251508,83,135,1
0.118413,67,70,1
0.051561,7148,207945,29
0.309553,142,599,4
0.08305,278,2493,8
0.224623,148,269,1
0.337583,860,19900,23
0.373985,145,155,1
0.140399,82,90,1
0.286191,96,186,1
0.095369,61,552,9
0.110776,842,3339,3
0.103759,3220,113036,35
0.261183,101,153,1
0.071609,128,156,1
0.284189,15000,590200,39
0.066902,1220,46050,37
0.265882,74,88,1
0.251695,86,171,1
0.237507,67,80,1
0.347899,15000,596867,39
0.372822,167,204,1
0.089077,91,103,1
0.138715,113,360,3
0.207247,363,1738,4
0.247602,149,181,1
0.181941,15000,1032582,68
0.357595,1091,17394,15
0.143649,7908,265886,33
0.280039,89,91,1
0.17101,134,154,1
0.21704,87,93,1
0.262375,137,264,1
0.150484,105,185,1
0.115058,1631,79192,48
0.137768,97,98,1
0.179319,355,683,1
0.257639,15000,667189,44
0.226192,1345,48699,36
0.083952,59,74,1
0.085,7245,426499,58
0.192813,372,6135,16
0.35328,93,104,1
0.208676,84,160,1
0.240326,15000,468110,31
0.282473,3443,229645,66
0.061193,89,91,1
0.2769,79,89,1
0.337113,195,290,1
0.218231,15000,859542,57
0.216422,1394,61368,44
0.299881,2488,67736,27
0.331049,3610,48160,13
0.218326,9725,1042436,107
0.057929,1443,58134,40
0.379303,136,149,1
0.240443,6838,506365,74
0.29604,15000,746042,49
0.078261,2239,66824,29
0.125508,80,91,1
0.239555,141,153,1
0.110053,7583,618281,81
0.077571,333,387,1
0.243825,331,1938,5
0.219729,7191,407823,56
0.272159,15000,604015,40
0.305523,1135,23121,20
0.286515,92,114,1
0.319255,201,394,1
0.170725,6943,378027,54
0.358995,83,141,1
0.188974,153,543,3
0.250357,443,4830,10
0.269084,2205,89923,40
0.111343,106,111,1
0.157861,15000,575909,38
0.203753,2550,82006,32
0.27269,5943,173210,29
0.206053,445,1721,3
0.312274,15000,325767,21
0.249711,1443,58378,40
0.313613,15000,1019912,67
0.176709,1225,25851,21
0.386635,84,90,1
0.100577,6780,535400,78
0.28478,255,316,1
0.150103,15000,636906,42
0.167645,1075,16928,15
0.098224,80,128,1
0.081313,3943,125551,31
0.245377,141,282,2
0.160615,6943,346642,49
0.229914,9604,594491,61
0.160678,105,114,1
0.210403,15000,654018,43
0.102056,103,113,1
0.171534,5974,672159,112
0.384005,1022,5446,5
0.125166,133,166,1
0.212947,1256,57978,46
0.173509,96,111,1
0.339399,198,264,1
0.070528,136,398,2
0.072985,76,183,2
0.292654,15000,641979,42
0.369424,1100,17953,16
0.23694,2796,145696,52
0.378041,93,111,1
0.298129,113,140,1
0.325338,76,141,1
0.284967,15000,710907,47
0.086194,3388,182932,53
0.225837,79,86,1
0.129194,6135,636292,103
0.196276,113,118,1
0.255488,157,300,1
0.27346,15000,935212,62
0.170357,1045,36471,34
0.09185,92,113,1
0.298919,15000,701161,46
0.164374,1256,18780,14
0.381978,83,98,1
0.141936,50,56,1
0.128917,80,90,1
0.255443,8013,535542,66
0.281065,103,113,1
0.231804,15000,660000,44
0.329886,1087,11723,10
0.173918,256,529,2
0.215226,99,111,1
0.128026,7269,253425,34
0.181578,15000,365366,24
0.054332,1608,201759,125
0.368318,210,398,1
0.264867,77,92,1
0.155508,6970,860955,123
0.364278,15000,1161979,77
0.269896,2769,99726,36
0.310316,161,243,1
0.205494,6527,349342,53
0.298775,15000,607763,40
0.274345,1072,21512,20
0.220187,122,355,2
0.07837,304,387,1
0.280171,259,416,1
0.113557,304,1774,5
0.157223,15000,845772,56
0.284915,82,99,1
0.05567,378,451,1
0.156444,296,1352,4
0.21472,282,591,2
0.197704,15000,1259059,83
0.387862,1269,13725,10
0.102267,91,96,1
0.333158,153,172,1
0.262224,15000,517779,34
0.08888,480,5060,10
0.207424,93,95,1
0.372341,671,2269,3
0.36436,95,107,1
0.256641,15000,1114930,74
0.09803,1611,51347,31
0.099662,443,2991,6
0.145118,8686,378271,43
0.094418,87,137,1
0.141255,998,26228,26
0.130868,71,108,1
0.092609,4229,196420,46
0.178412,950,3687,3
0.222352,502,1686,3
0.300425,15000,575767,38
0.195575,81,247,3
0.055898,3402,233051,68
0.192613,148,202,1
0.285062,88,101,1
0.184234,95,197,2
0.089266,505,6426,12
0.250262,231,10542,45
0.334776,6098,503020,82
0.110314,85,95,1
0.347354,15000,1135088,75
0.368022,1001,32665,32
0.320914,102,105,1
0.25722,115,211,1
0.269889,146,207,1
0.167679,7682,1009399,131
0.178141,112,115,1
0.339889,15000,1276078,85
0.174312,174,506,2
0.255965,103,112,1
0.056444,7611,452044,59
0.25698,15000,705483,47
0.338486,92,100,1
0.399416,5310,580499,109
0.236339,183,200,1
0.076068,3249,294942,90
0.379701,15000,1023646,68
0.096093,232,4388,18
0.224728,106,109,1
0.309497,15000,590863,39
0.05678,111,113,1
0.310058,362,886,2
0.172574,6897,536311,77
0.128877,82,92,1
0.118261,1,2,2
0.321891,1001,13598,13
0.11523,1245,29634,23
0.34429,107,162,1
0.089734,400,1349,3
0.190842,97,103,1
0.280754,84,91,1
0.138279,1112,29152,26
0.081954,388,11318,29
0.25852,1388,28203,20
0.252224,2888,58804,20
0.054277,88,96,1
0.113859,97,193,1
0.141326,1290,24963,19
0.084594,388,3215,8
0.213265,2484,97625,39
0.191767,95,157,1
0.351901,15000,829024,55
0.299381,1015,22956,22
0.302686,2388,66129,27
0.36151,80,93,1
0.127427,6888,409474,59
0.073544,89,100,1
0.252655,15000,643324,42
0.213571,1116,26422,23
0.145727,34,46,1
0.136367,5055,170069,33
0.304358,206,862,4
0.350972,114,115,1
0.282484,15000,516396,34
0.084668,1790,87645,48
0.068752,101,103,1
0.186457,104,107,1
0.137968,6178,377209,61
0.349577,98,158,1
0.243966,104,106,1
0.223747,388,3231,8
0.188298,3289,72173,21
0.183878,87,99,1
0.29863,903,7854,8
0.122614,55,75,1
0.329173,15000,798140,53
0.298583,1006,20466,20
0.081802,2330,176808,75
0.159314,4583,365585,79
0.065502,2111,125316,59
0.335979,219,519,2
0.226435,6781,690899,101
0.302994,15000,1064156,70
0.100566,194,482,2
0.396277,42,47,1
0.185674,105,113,1
0.2972,15000,911301,60
0.155143,1067,26988,25
0.358684,143,191,1
0.110912,125,206,1
0.285289,132,140,1
0.268118,15000,517576,34
0.156839,2632,171673,65
0.357851,110,142,1
0.07487,129,191,1
0.225359,464,3106,6
0.267977,81,151,1
0.370141,15000,1141386,76
0.085742,2070,216795,104
0.259515,250,346,1
0.162593,90,98,1
0.178702,96,223,2
0.23457,15000,1318885,87
0.253994,1029,45537,44
0.225498,6860,824451,120
0.378203,95,111,1
0.329832,174,257,1
0.299396,15000,1203935,80
0.079168,2013,175753,87
0.207671,6890,581931,84
0.224661,15000,971655,64
0.357124,1214,18904,15
0.355576,4214,203412,48
0.123662,370,1695,4
0.260909,66,83,1
0.349807,1407,27563,19
0.291393,281,538,1
0.226524,80,330,4
0.236919,43,98,2
0.143212,8254,376599,45
0.202065,5030,178381,35
0.126253,2178,59213,27
0.256788,98,104,1
0.065765,86,131,1
0.118073,5511,232442,42
0.382883,62,583,9
0.058877,1519,57339,37
0.174007,2737,177616,64
0.067153,134,282,2
0.349181,64,80,1
0.247314,102,107,1
0.29313,959,53711,56
0.243643,382,4750,12
0.061905,97,141,1
0.073713,79,93,1
0.388751,499,3504,7
0.067821,651,4839,7
0.394341,279,2034,7
0.088007,315,6194,19
0.191224,7232,366196,50
0.184686,98,104,1
0.284972,227,3027,13
0.172136,1727,58020,33
0.167127,151,192,1
0.256429,96,107,1
0.173508,15000,773767,51
0.095555,1111,47402,42
0.147464,91,96,1
0.260562,151,166,1
0.086503,92,102,1
0.276001,760,4793,6
0.378538,959,15181,15
0.194541,130,141,1
0.262687,561,10347,18
0.058089,8865,511473,57
0.184497,255,779,3
0.28374,5166,197564,38
0.087654,999,23620,23
0.365337,7867,336396,42
0.059472,85,105,1
0.294365,196,228,1
0.293791,9663,513595,53
0.298706,393,659,1
0.064167,643,15281,23
0.082102,92,107,1
0.286103,15000,623294,41
0.259314,3957,135318,34
0.316848,99,100,1
0.235649,15000,885767,59
0.349482,1017,26052,25
0.205102,93,94,1
0.224857,96,99,1
0.26539,135,156,1
0.134412,8664,491524,56
0.156615,119,156,1
0.077096,1146,20701,18
0.075254,178,217,1
0.371703,456,1856,4
0.195374,185,395,2
0.068157,107,217,2
0.225897,15000,586949,39
0.102891,1050,51308,48
0.123477,2688,137790,51
0.140967,4309,285697,66
0.225554,195,597,3
0.154992,172,313,1
0.158969,102,110,1
0.083875,219,4275,19
0.093772,2545,171561,67
0.334277,87,116,1
0.323425,244,477,1
0.115475,296,503,1
0.221418,15000,890699,59
0.248839,1001,18160,18
0.123835,7218,258905,35
0.291228,74,82,1
0.350797,15000,437169,29
0.264778,1670,61731,36
0.29342,142,157,1
0.333508,100,147,1
0.221366,76,90,1
0.207043,79,83,1
0.255492,15000,894997,59
0.336052,1034,23780,22
0.24906,349,1441,4
0.278913,294,409,1
0.124843,271,379,1
0.062408,123,146,1
0.126921,85,96,1
0.194748,1006,30173,29
0.253036,1234,40771,33
0.09193,106,114,1
0.106895,89,100,1
0.284851,86,95,1
0.075127,15000,1065018,71
0.053375,1567,73564,46
0.293103,101,216,2
0.098652,93,103,1
0.221917,7927,413531,52
0.336686,15000,540705,36
0.140545,1456,34245,23
0.373368,94,102,1
0.291452,210,259,1
0.135577,7636,388693,50
0.355538,162,172,1
0.311249,15000,551092,36
0.165286,1059,15321,14
0.073812,87,92,1
0.074853,61,64,1
0.395891,95,105,1
0.241853,562,12090,21
0.161204,101,103,1
0.224029,7689,701556,91
0.218613,87,101,1
0.260374,91,861,9
0.274233,1095,20058,18
0.073793,2456,105067,42
0.222034,66,97,1
0.232293,77,98,1
0.236263,695,14718,21
0.387852,1219,6914,5
0.236619,15000,459687,30
0.382417,1205,37832,31
0.198999,76,211,2
0.238545,84,94,1
0.179386,105,112,1
0.234596,73,84,1
0.192705,96,104,1
0.375051,9001,414792,46
0.068246,109,144,1
0.190237,87,100,1
0.154737,138,205,1
0.338544,104,106,1
0.26445,15000,413955,27
0.271673,336,874,2
0.059349,93,105,1
0.195694,94,96,1
0.295614,15000,428053,28
0.197695,1958,77672,39
0.218665,15000,963758,64
0.092978,2232,100275,44
0.279522,76,86,1
0.089879,166,315,1
0.132916,15000,862523,57
0.209393,499,1322,2
0.266576,83,93,1
0.101047,164,240,1
0.267872,183,248,1
0.348202,68,73,1
0.385109,100,107,1
0.288147,189,1392,7
0.338753,1458,40292,27
0.300109,3958,226632,57
0.347077,182,223,1
0.354241,82,92,1
0.391353,159,216,1
0.108844,15000,1071654,71
0.063296,101,102,1
0.250975,125,150,1
0.332065,122,145,1
0.086177,195,264,1
0.162084,93,155,1
0.356522,103,248,2
0.314997,145,206,1
0.178126,2350,49191,20
0.150498,92,95,1
0.111255,728,9576,13
0.221911,1814,61891,34
0.261134,93,148,1
0.325817,140,255,1
0.302919,399,2153,5
0.354416,15000,1115807,74
0.182982,2998,124119,41
0.378615,55,63,1
0.235626,847,17427,20
0.069577,62,89,1
0.281932,15000,694950,46
0.178626,1502,33587,22
0.167729,82,103,1
0.271275,15000,564979,37
0.171197,1498,29344,19
0.107691,74,95,1
0.302796,7320,304608,41
0.331902,15000,491713,32
0.190379,1094,8035,7
0.180345,173,571,3
0.300142,69,86,1
0.312675,62,550,8
0.365073,1178,32337,27
0.215169,79,130,1
0.299922,382,3244,8
0.087491,47,48,1
0.311194,15000,1032455,68
0.068972,1603,81994,51
0.095703,85,142,1
0.27567,7870,797691,101
0.274501,316,884,2
0.22761,15000,1164247,77
0.243046,125,164,1
0.197294,125,218,1
0.084407,83,113,1
0.084998,73,96,1
0.259495,15000,1110710,74
0.073867,1094,21964,20
0.084761,2963,196283,66
0.186776,231,259,1
0.088846,92,100,1
0.08638,7551,725772,96
0.059071,83,92,1
0.154574,96,111,1
0.38984,448,4356,9
0.244218,97,278,2
0.337605,120,254,2
0.358807,15000,817389,54
0.398446,85,100,1
0.323848,332,475,1
0.140663,8240,401435,48
0.31204,135,242,1
0.389892,140,150,1
0.268588,5516,270304,49
0.08319,7913,414967,52
0.08405,147,254,1
0.206715,2165,98040,45
0.176563,464,11425,24
0.335994,15000,1235731,82
0.091689,1289,103153,80
0.140426,2304,174486,75
0.202692,79,86,1
0.26747,27,33,1
0.157868,135,161,1
0.070551,829,49547,59
0.34439,964,17281,17
0.202054,2213,48682,21
0.318143,90,95,1
0.105751,161,669,4
0.279657,15000,888375,59
0.18109,76,83,1
0.309656,181,198,1
0.162469,7510,305745,40
0.399285,402,3032,7
0.328703,15000,445490,29
0.143871,222,413,1
0.154291,54,81,1
0.163969,252,857,3
0.154964,92,98,1
0.155779,507,3869,7
0.196935,15000,1073857,71
0.388694,1284,57143,44
0.062158,2294,51239,22
0.062792,80,85,1
0.175935,98,150,1
0.164834,15000,1051667,70
0.179529,1029,47191,45
0.236567,4752,418958,88
0.291738,15000,1209126,80
0.379872,217,251,1
0.104745,119,224,1
0.371783,95,105,1
0.19907,15000,547633,36
0.186249,1719,31737,18
0.110374,91,133,1
0.340213,381,1399,3
0.272647,408,2743,6
0.19921,141,259,1
0.209078,499,2762,5
0.256757,189,384,2
0.097242,101,157,1
0.136086,299,1944,6
0.361879,1820,43730,24
0.244391,15000,936677,62
0.308605,57,65,1
0.149121,85,88,1
0.161366,133,142,1
0.089537,93,107,1
0.087223,8907,803208,90
0.26492,15000,979835,65
0.166672,1115,21292,19
0.235057,85,90,1
0.350758,142,166,1
0.398886,403,6775,16
0.2673,15000,746653,49
0.073571,2175,113934,52
0.292129,325,7279,22
0.103344,590,2101,3
0.211862,15000,663208,44
0.187875,1480,99763,67
0.373156,15000,1213166,80
0.358485,1577,24371,15
0.256308,308,723,2
0.385812,142,162,1
0.240357,380,8891,23
0.206081,15000,539729,35
0.071327,1368,109950,80
0.356804,105,240,2
0.379521,499,5413,10
0.184633,15000,1009388,67
0.165031,1150,26581,23
0.242952,370,7364,19
0.284997,15000,895948,59
0.185831,1543,63028,40
0.312624,15000,834145,55
0.177888,1532,20811,13
0.129036,2808,171219,60
0.355684,172,305,1
0.373216,274,475,1
0.163738,7830,453135,57
0.320581,15000,760160,50
0.383428,1232,19567,15
0.109872,94,101,1
0.11309,54,85,1
0.053807,728,7882,10
0.332658,15000,554383,36
0.270895,1390,30094,21
0.148357,110,160,1
0.39422,305,1149,3
0.386566,100,162,1
0.325316,139,324,2
0.389858,84,90,1
0.101779,249,451,1
0.194985,56,59,1
0.358444,126,216,1
0.248497,226,365,1
0.141729,15000,631544,42
0.344965,1197,15894,13
0.170249,93,97,1
0.082884,499,20803,41
0.214527,64,83,1
0.053087,555,5974,10
0.124137,15000,919066,61
0.172755,1424,50014,35
0.212952,101,261,2
0.363952,15000,1324172,88
0.320591,98,200,2
0.291454,103,113,1
0.191088,390,869,2
0.093382,394,17489,44
0.059263,113,154,1
0.309939,1001,12641,12
0.096604,2101,106909,50
0.201591,78,92,1
0.154035,141,168,1
0.134481,139,226,1
0.275593,76,91,1
0.330116,15000,672999,44
0.382615,85,87,1
0.111834,78,95,1
0.091393,100,104,1
0.270078,90,98,1
0.207519,15000,1228550,81
0.204364,1001,23032,23
0.21571,102,150,1
0.092492,8001,598652,74
0.087151,1501,69170,46
0.102576,704,5303,7
0.333534,5967,343316,57
0.293621,78,84,1
0.378491,463,936,2
0.348591,15000,966444,64
0.254883,143,149,1
0.28654,15000,1014943,67
0.14454,1059,10329,9
0.204354,58,60,1
0.214717,202,1328,6
0.353895,442,2352,5
0.157267,92,93,1
0.265924,15000,486583,32
0.368087,1139,17736,15
0.173857,55,56,1
0.325496,7157,486177,67
0.241268,6199,401010,64
0.387847,15000,682845,45
0.257223,999,19284,19
0.298462,2051,136739,66
0.120648,8585,913148,106
0.177928,109,113,1
0.183822,1123,10842,9
0.144694,2590,129941,50
0.207711,80,99,1
0.283313,98,145,1
0.135649,86,95,1
0.309693,15000,1156494,77
0.322521,1086,48771,44
0.159436,74,81,1
0.141797,15000,826560,55
0.344522,1012,14663,14
0.085766,2987,312823,104
0.058212,271,1529,5
0.223248,6694,544053,81
0.228987,8580,732266,85
0.381116,95,98,1
0.257235,82,152,1
0.254754,193,1816,9
0.384206,8521,938656,110
0.102716,1972,102732,52
0.100104,105,106,1
0.060462,685,12599,18
0.055192,1984,106404,53
0.290216,113,144,1
0.352284,129,144,1
0.088013,80,135,1
0.112813,95,1313,13
0.231679,119,144,1
0.11924,93,102,1
0.082588,713,25331,35
0.315517,15000,1013716,67
0.086634,187,684,3
0.24346,4255,289687,68
0.118582,146,159,1
0.211976,97,108,1
0.242519,98,259,2
0.287284,199,468,2
0.297813,110,111,1
0.102173,950,26064,27
0.062519,397,3124,7
0.115102,99,101,1
0.344373,84,100,1
0.094616,499,3079,6
0.304281,397,1621,4
0.316195,15000,765780,51
0.324365,1312,49058,37
0.33143,15000,824750,54
0.228565,999,4691,4
0.251787,15000,1004908,66
0.283324,999,23159,23
0.222549,3900,306851,78
0.288696,15000,904737,60
0.196114,999,19677,19
0.075498,100,108,1
0.136135,15000,662083,44
0.342293,2999,94937,31
0.236976,59,65,1
0.298783,66,99,1
0.398645,128,154,1
0.184414,1183,20524,17
0.254869,104,108,1
0.154136,96,99,1
0.201356,691,17183,24
0.133048,150,208,1
0.307777,104,140,1
0.254316,7968,684920,85
0.287149,15000,885394,59
0.322075,1060,27612,26
0.090693,90,102,1
0.111007,835,37287,44
0.23531,15000,1319438,87
0.304187,999,30139,30
0.31003,6162,727176,118
0.379172,70,93,1
0.263367,15000,1313298,87
0.146604,1499,34224,22
0.316374,93,107,1
0.300719,7273,606154,83
0.314402,15000,983361,65
0.285606,1728,35780,20
0.187108,129,137,1
0.12343,6641,436747,65
0.270123,87,103,1
0.1812,15000,637778,42
0.210016,999,33028,33
0.176266,1999,97173,48
0.24262,15000,1325457,88
0.177432,1499,34554,23
0.34919,88,98,1
0.10853,148,212,1
0.342429,106,115,1
0.101176,221,295,1
0.116423,9233,672494,72
0.292824,44,50,1
0.350587,154,207,1
0.164371,252,1426,5
0.234036,92,93,1
0.399679,15000,751727,50
0.330293,1017,21533,21
0.221392,2591,143999,55
0.079895,132,156,1
0.346058,73,206,2
0.228363,15000,575384,38
0.32369,1169,24928,21
0.214151,6542,630541,96
0.084909,412,1913,4
0.216235,253,280,1
0.122968,272,351,1
0.209417,477,15478,32
0.274395,15000,1162558,77
0.165218,1220,43067,35
0.315372,90,91,1
0.362785,820,29955,36
0.171186,15000,1003020,66
0.158144,1173,37256,31
0.33619,77,99,1
0.271989,101,106,1
0.387751,336,935,2
0.051768,3400,288105,84
0.225179,15000,845441,56
0.153626,999,27458,27
0.341622,126,141,1
0.076479,4743,270476,57
0.05492,2302,197730,85
0.353177,242,510,2
0.375914,370,969,2
0.251707,15000,1057757,70
0.054073,1412,12654,8
0.263686,51,76,1
0.337726,137,145,1
0.295499,146,162,1
0.206701,149,236,1
0.203388,96,105,1
0.073608,897,16767,18
0.176553,89,92,1
0.271096,15000,433245,28
0.207184,1106,21872,19
0.132043,94,141,1
0.064662,197,1104,5
0.227083,5658,228942,40
0.292708,129,164,1
0.257164,124,151,1
0.053251,93,137,1
0.347256,542,5553,10
0.217121,87,96,1
0.231585,282,316,1
0.191773,9952,371702,37
0.337575,150,199,1
0.054471,500,5953,11
0.169607,992,7817,7
0.094009,74,83,1
0.2809,85,103,1
0.181789,76,135,1
0.379637,110,119,1
0.284602,92,96,1
0.370431,130,163,1
0.185372,67,76,1
0.317421,15000,403963,26
0.10964,1640,100358,61
0.127191,132,153,1
0.298119,15000,934326,62
0.378533,1043,11958,11
0.3565,77,337,4
0.348126,65,85,1
0.10914,96,98,1
0.05704,64,69,1
0.235582,15000,601658,40
0.121444,96,155,1
0.179011,324,614,1
0.084619,689,2942,4
0.095373,398,568,1
0.388623,99,105,1
0.189958,9059,740723,81
0.106454,165,185,1
0.302458,119,144,1
0.350318,456,985,2
0.081035,4919,390219,79
0.362865,100,111,1
0.337498,374,3552,9
0.373512,3486,77197,22
0.164486,87,99,1
0.395143,96,152,1
0.068044,219,1216,5
0.246314,15000,444025,29
0.380423,1197,16897,14
0.133346,2746,115404,42
0.250121,271,762,2
0.335579,101,104,1
0.285694,15000,473310,31
0.333127,1173,7664,6
0.339319,88,101,1
0.179141,6156,578625,93
0.331399,34,40,1
0.315965,385,633,1
0.118149,393,5651,14
0.156186,1893,42538,22
0.291377,3090,158197,51
0.131471,178,882,4
0.250602,89,98,1
0.116384,89,91,1
0.30918,15000,1079928,71
0.116922,152,235,1
0.124514,185,539,2
0.259853,6117,293235,47
0.117496,97,206,2
0.100127,48,49,1
0.370213,792,2408,3
0.050802,112,114,1
0.214339,515,3083,5
0.235589,694,9781,14
0.362945,79,150,1
0.117957,285,363,1
0.198749,161,667,4
0.093795,94,105,1
0.310301,86,88,1
0.135306,15000,413170,27
0.23699,999,37439,37
0.187543,100,101,1
0.398803,181,352,1
0.295498,5817,507765,87
0.261333,400,1402,3
0.324436,467,1013,2
0.071369,8712,812773,93
0.387911,15000,1088139,72
0.187134,1073,11666,10
0.145127,283,2193,7
0.280267,622,36073,57
0.28845,85,88,1
0.321712,136,184,1
0.346875,15000,1347787,89
0.304406,999,26084,26
0.063948,3905,437733,112
0.236348,93,94,1
0.056336,89,93,1
0.073935,7499,920737,122
0.261418,292,1868,6
0.155322,828,7593,9
0.397323,85,101,1
0.341107,1037,17678,17
0.380757,95,101,1
0.174414,346,1096,3
0.069202,499,697,1
0.179373,7393,344260,46
0.265024,93,103,1
0.231563,15000,505920,33
0.242092,1113,19260,17
0.349968,107,142,1
0.195325,7241,625555,86
0.375612,69,70,1
0.36812,15000,881548,58
0.347293,85,106,1
0.336074,81,99,1
0.364979,877,6221,7
0.270842,499,2510,5
0.22358,15000,1101404,73
0.252155,1105,20761,18
0.153193,463,1616,3
0.245665,203,937,4
0.165327,6741,629024,93
0.177845,212,754,3
0.085269,398,3777,9
0.098428,499,21486,43
0.143816,1585,138550,87
0.155303,76,94,1
0.199013,536,2232,4
0.127114,1310,107678,82
0.260435,15000,1421294,94
0.28043,1225,26321,21
0.310889,15000,526039,35
0.155637,999,27512,27
0.087257,440,4516,10
0.359771,15000,478998,31
0.087709,1188,45512,38
0.085586,2960,80159,27
0.058192,102,107,1
0.331475,15000,467886,31
0.359462,1163,18322,15
0.098957,2469,240280,97
0.287622,83,86,1
0.222714,15000,1110952,74
0.208836,1249,39579,31
0.190128,2557,223469,87
0.306276,4324,288408,66
0.146115,95,102,1
0.109527,72,88,1
0.25292,72,742,10
0.287844,1499,42157,28
0.095672,243,480,1
0.373246,104,109,1
0.122704,137,149,1
0.277023,232,625,2
0.363716,15000,1123755,74
0.304446,1176,11873,10
0.170969,91,148,1
0.126842,72,101,1
0.369125,81,95,1
0.399888,259,785,3
0.120663,15000,761677,50
0.192104,1128,12253,10
0.313778,3999,198725,49
0.141326,174,1948,11
0.362463,293,970,3
0.338997,149,211,1
0.2146,257,1200,4
0.136077,337,2021,5
0.050598,71,108,1
0.282139,15000,447873,29
0.385823,83,92,1
0.054334,723,7447,10
0.156467,74,81,1
0.206709,3218,164515,51
0.096019,168,345,2
0.232916,99,204,2
0.30275,15000,506595,33
0.119419,1030,17592,17
0.207525,202,1418,7
0.25208,94,160,1
0.130678,85,95,1
0.385614,15000,386442,25
0.353133,1305,26508,20
0.365082,2705,71355,26
0.242651,2466,197503,80
0.350473,15000,929012,61
0.251806,1944,69826,35
0.093745,198,356,1
0.267568,15000,1138320,75
0.34757,154,392,2
0.399409,15000,564050,37
0.336678,82,90,1
0.216454,265,311,1
0.324953,710,2394,3
0.263756,58,70,1
0.131681,15000,596038,39
0.074096,1554,81097,52
0.06903,97,112,1
0.291658,214,2393,11
0.132483,15000,779159,51
0.314065,229,416,1
0.216586,814,4706,5
0.270892,364,482,1
0.170505,15000,405282,27
0.129983,1808,19340,10
0.35123,102,113,1
0.107821,6947,283809,40
0.366681,15000,453199,30
0.37555,77,138,1
0.09505,89,102,1
0.069875,5482,401449,73
0.121748,86,100,1
0.329303,217,996,4
0.205186,205,1590,7
0.286897,1205,22641,18
0.142158,4705,248963,52
0.272669,15000,706239,47
0.212895,999,19289,19
0.205034,6455,786786,121
0.271991,1136,18214,16
0.249677,15000,1128541,75
0.070988,220,408,1
0.355014,120,155,1
0.05241,5829,241376,41
0.155422,144,168,1
0.399661,15000,465056,31
0.310858,1749,36081,20
0.292141,70,94,1
0.353009,121,200,1
0.130596,452,1657,3
0.195129,234,282,1
0.238905,15000,894711,59
0.359811,90,97,1
0.30514,99,103,1
0.206198,92,95,1
0.206358,335,639,1
0.282617,1119,48786,43
0.144753,1089,33126,30
0.209722,4205,438835,104
0.146574,88,104,1
0.075063,74,87,1
0.093855,175,198,1
0.327046,111,1353,12
0.097057,1396,87324,62
0.23315,83,87,1
0.324727,260,334,1
0.187906,106,144,1
0.360483,116,139,1
0.229528,15000,502542,33
0.268835,72,101,1
0.34181,252,462,1
0.3687,60,97,1
0.145544,227,293,1
0.129828,499,3625,7
0.316296,100,114,1
0.208063,158,213,1
0.350173,753,22041,29
0.283623,106,109,1
0.094108,175,275,1
0.200371,15000,839616,55
0.365525,159,620,3
0.33186,83,95,1
0.366932,72,94,1
0.197163,257,3163,12
0.373949,92,95,1
0.390812,1390,58487,42
0.125896,114,131,1
0.266798,15000,842071,56
0.22161,1212,55812,46
0.256346,1053,3952,3
0.386309,7782,926571,119
0.21594,382,1750,4
0.195761,1,2,2
0.106215,1316,84512,64
0.39919,125,151,1
0.213201,6399,749788,117
0.180037,15000,1203752,80
0.05312,2637,332130,125
0.208647,195,294,1
0.212785,454,1228,2
0.145052,147,198,1
0.203989,15000,1362461,90
0.104997,2888,178888,61
0.297465,104,109,1
0.154197,259,3152,12
0.092269,855,39733,46
0.31857,1653,198897,120
0.077135,1,2,2
0.173423,1606,134198,83
0.276763,108,143,1
0.285732,99,198,2
0.36771,92,97,1
0.331595,73,92,1
0.070086,97,105,1
0.31313,134,197,1
0.256963,146,420,2
0.337269,88,90,1
0.361534,126,149,1
0.065498,139,163,1
0.321296,15000,907084,60
0.293754,1288,24701,19
0.212589,214,319,1
0.060321,142,159,1
0.331701,7688,349609,45
0.320984,15000,460371,30
0.157862,1806,106344,58
0.353669,124,139,1
0.147891,7333,386252,52
0.066852,299,344,1
0.266606,15000,546725,36
0.272045,1084,38771,35
0.075262,109,119,1
0.282725,7295,914335,125
0.219714,15000,1209093,80
0.122964,1378,27141,19
0.122178,91,93,1
0.155234,131,384,2
0.080899,91,238,2
0.23422,132,218,1
0.320894,15000,952355,63
0.295993,1594,59441,37
0.375652,79,107,1
0.304208,125,152,1
0.217281,81,98,1
0.173306,94,103,1
0.310452,15000,897076,59
0.249598,1286,34468,26
0.203985,95,146,1
0.183706,90,100,1
0.183665,84,96,1
0.387314,848,25512,30
0.140455,1848,107431,58
0.172457,85,96,1
0.292932,277,881,3
0.241913,92,95,1
0.162513,15000,1154347,76
0.295097,1848,27376,14
0.360008,87,97,1
0.168393,137,160,1
0.196925,126,207,1
0.252503,176,222,1
0.289447,15000,1120827,74
0.169421,1348,13088,9
0.368518,140,201,1
0.090306,6092,260050,42
0.293508,97,99,1
0.131906,100,104,1
0.235319,539,12064,22
0.268495,15000,495090,33
0.271852,1466,27948,19
0.365745,303,671,2
0.264184,5254,228955,43
0.125224,91,204,2
0.057616,4941,202036,40
0.12788,179,355,1
0.318868,87,119,1
0.156933,1190,21646,18
0.323213,15000,522555,34
0.068205,1082,43244,39
0.342662,264,842,3
0.211953,112,154,1
0.225017,8059,1052237,130
0.203425,15000,1198682,79
0.115236,266,604,2
0.071953,100,104,1
0.073698,15000,711256,47
0.262443,1105,17577,15
0.233955,2263,68483,30
0.315014,91,112,1
0.071123,85,86,1
0.257702,15000,1015217,67
0.38655,1311,24620,18
0.054685,83,101,1
0.231487,541,5202,9
0.100503,8007,459721,57
0.24236,15000,749398,49
0.063251,301,1234,4
0.260524,93,95,1
0.296672,471,2918,6
0.15589,15000,509406,33
0.083236,454,11621,25
0.353608,72,131,1
0.064755,112,193,1
0.271104,256,766,2
0.066657,8177,646167,79
0.13215,108,190,1
0.116685,1071,47357,44
0.110269,82,129,1
0.362428,98,241,2
0.353954,161,989,6
0.311528,6634,381589,57
0.118759,89,112,1
0.050831,89,144,1
0.18026,1442,12624,8
0.188949,283,523,1
0.376887,747,10381,13
0.169178,2714,110071,40
0.347536,96,99,1
0.301674,1764,40020,22
0.11666,101,110,1
0.094854,86,92,1
0.275294,91,95,1
0.055616,8189,445699,54
0.165613,15000,537594,35
0.336135,183,400,2
0.342194,91,92,1
0.166033,7836,322593,41
0.261164,15000,433301,28
0.303405,1114,15936,14
0.050527,67,78,1
0.273301,94,104,1
0.375946,108,1055,9
0.111153,1392,82075,58
0.354158,84,98,1
0.160676,499,822,1
0.108786,107,195,1
0.131078,107,115,1
0.311849,958,19373,20
0.101785,402,2873,7
0.177033,236,910,3
0.067607,2615,100064,38
0.287441,15000,444737,29
0.279325,1439,14988,10
0.142585,50,54,1
0.327277,104,140,1
0.192649,69,89,1
0.191336,206,1070,5
0.33531,8121,740555,91
0.066541,398,1765,4
0.315013,1478,35456,23
0.296805,3656,54454,14
0.313869,454,938,2
0.178691,112,138,1
0.307908,15000,1224859,81
0.260366,1929,58490,30
0.332882,50,72,1
0.233841,199,353,1
0.128516,94,104,1
0.155572,8989,916158,101
0.292013,15000,1142747,76
0.359263,1429,39444,27
0.309844,2929,51620,17
0.202264,145,167,1
0.364618,128,150,1
0.081205,388,3271,8
0.262414,15000,1042906,69
0.068103,1539,143805,93
0.134815,82,90,1
0.313835,86,110,1
0.163163,135,144,1
0.13679,15000,1101600,73
0.336584,94,200,2
0.26799,1501,32529,21
0.286537,99,113,1
0.343745,217,1275,5
0.105879,15000,874293,58
0.112398,86,99,1
0.076462,3501,175930,50
0.314329,229,601,2
0.328855,166,226,1
0.180168,8501,400193,47
0.358058,87,93,1
0.356252,91,99,1
0.254597,15000,446214,29
0.272756,1404,39070,27
0.075739,7319,407239,55
0.065932,433,14366,33
0.14127,92,100,1
0.302839,78,191,2
0.073387,2057,82313,40
0.291475,15000,676535,45
0.393454,99,110,1
0.171632,92,94,1
0.370278,358,1682,4
0.134766,310,399,1
0.068267,83,90,1
0.146547,8565,386072,45
0.167041,224,256,1
0.383582,4343,198069,45
0.109788,178,455,2
0.087707,185,198,1
0.104072,85,162,1
0.159664,15000,454371,30
0.106192,1771,88887,50
0.16967,198,215,1
0.082992,192,372,1
0.334796,97,108,1
0.285653,15000,601191,40
0.092775,1630,139564,85
0.323251,153,369,2
0.17303,203,311,1
0.367515,93,102,1
0.223276,696,10110,14
0.144902,2271,234499,103
0.156997,80,89,1
0.37923,80,82,1
0.291508,76,91,1
0.154682,68,86,1
0.254902,15000,1195197,79
0.142784,1999,100127,50
0.35766,103,106,1
0.174587,15000,700784,46
0.345861,1374,28262,20
0.139101,4771,369526,77
0.144761,96,176,1
0.185647,7093,516181,72
0.149103,63,97,1
0.256388,97,191,1
0.372146,2460,79829,32
0.328992,86,103,1
0.194,143,204,1
0.321288,15000,578453,38
0.281319,1830,33947,18
0.12547,99,110,1
0.162249,248,484,1
0.334201,103,119,1
0.215304,15000,678107,45
0.112543,1531,88368,57
0.380191,416,768,1
0.12803,47,63,1
0.390477,163,258,1
0.28863,602,8867,14
0.338742,15000,640150,42
0.325977,184,1009,5
0.118029,75,102,1
0.054385,88,96,1
0.247346,109,110,1
0.318512,15000,390594,26
0.236985,5962,460837,77
0.215684,15000,921134,61
0.343524,2059,46434,22
0.25959,4771,142609,29
0.201136,90,148,1
0.348632,263,1009,3
0.214717,644,18443,28
0.353826,1771,23383,13
0.365101,83,90,1
0.365732,237,556,2
0.280477,100,107,1
0.363621,15000,855815,57
0.189738,1986,153128,77
0.055927,84,97,1
0.310768,87,93,1
0.14633,745,14320,19
0.395134,149,288,1
0.399402,1122,18751,16
0.395182,2359,85357,36
0.35364,389,2270,5
0.088786,6631,817584,123
0.381017,15000,1225833,81
0.270283,1619,29140,17
0.050116,2729,94364,34
0.12939,99,112,1
0.056152,7810,296782,38
0.115407,9722,479106,49
0.293676,351,3605,10
0.301153,451,3222,7
0.230607,609,13018,21
0.108835,244,1103,4
0.373496,15000,493021,32
0.299675,1499,44017,29
0.334935,499,1758,3
0.380472,324,956,2
0.328264,306,732,2
0.310813,15000,848228,56
0.139951,1930,100589,52
0.158643,248,294,1
0.21909,15000,644932,42
0.361584,999,13332,13
0.127006,352,941,2
0.236139,893,9053,10
0.202519,8778,851826,97
0.091044,7616,624627,82
0.240526,7898,683508,86
0.243845,124,243,1
0.345419,15000,1158584,77
0.317728,999,12148,12
0.274061,108,110,1
0.186939,279,766,2
0.272616,54,64,1
0.176178,499,5785,11
0.063991,1928,127858,66
0.222561,5499,366544,66
0.185947,279,2545,9
0.310662,123,176,1
0.324232,15000,840877,56
0.2102,999,22246,22
0.365208,57,96,1
0.218565,77,101,1
0.26133,94,104,1
0.117869,15000,477964,31
0.292976,999,17512,17
0.084156,3452,238033,68
0.153111,7192,542658,75
0.219836,211,328,1
0.055274,235,1706,7
0.254028,243,339,1
0.310448,133,141,1
0.396828,403,650,1
0.117146,8499,568228,66
0.086119,84,134,1
0.206215,788,32123,40
0.15469,95,102,1
0.078616,213,440,2
0.117648,405,794,1
0.348561,171,352,2
0.371168,15000,1262294,84
0.055861,1693,77771,45
0.353036,217,439,2
0.368064,141,239,1
0.08142,188,540,2
0.077435,499,5352,10
0.339532,2890,49630,17
0.381904,92,96,1
0.371788,400,1164,2
0.332255,15000,706624,47
0.360405,1010,26404,26
0.109751,2040,53178,26
0.234101,269,290,1
0.102361,9554,304510,31
0.279153,363,1333,3
0.334519,843,24068,28
0.134632,2113,71131,33
0.102289,93,131,1
0.34264,59,67,1
0.055906,134,214,1
0.13706,146,156,1
0.398867,343,5510,16
0.204568,104,139,1
0.084456,886,6317,7
0.183135,399,3267,8
0.065224,1078,43496,40
0.174025,15000,973615,64
0.073761,1177,49243,41
0.21538,4302,132177,30
0.332524,89,100,1
0.311535,100,106,1
0.321347,15000,678163,45
0.163275,2056,97005,47
0.213322,3302,106159,32
0.386222,380,470,1
0.258004,15000,1293465,86
0.205225,1354,26646,19
0.263008,228,278,1
0.221554,446,1297,2
0.299382,15000,484406,32
0.292298,1143,13090,11
0.176234,91,98,1
0.313892,203,453,2
0.268313,6565,503682,76
0.31013,15000,866774,57
0.180743,82,99,1
0.151983,77,100,1
0.387574,55,81,1
0.322945,1351,8390,6
0.356486,15000,701900,46
0.061594,1498,100795,67
0.288679,6976,586170,84
0.368429,15000,877637,58
0.149651,1076,39412,36
0.174452,7067,778306,110
0.332017,15000,1251612,83
0.0523,1146,41821,36
0.181417,108,142,1
0.310935,73,96,1
0.102734,166,216,1
0.238553,15000,349657,23
0.315308,1214,16020,13
0.32789,79,97,1
0.068434,7501,556730,74
0.260799,15000,812429,54
0.186405,1092,33046,30
0.194372,62,236,3
0.276836,500,1882,3
0.100359,334,581,1
0.304182,160,742,4
0.123985,106,150,1
0.065168,149,169,1
0.318226,304,1327,4
0.139164,15000,661385,44
0.078685,1001,113581,113
0.066502,89,108,1
0.192246,93,107,1
0.302871,15000,1402083,93
0.399413,1428,35520,24
0.110078,2611,200503,76
0.154234,97,101,1
0.338726,9541,766234,80
0.220879,954,21774,22
0.083634,5337,583063,109
0.369812,105,117,1
0.320508,15000,993519,66
0.375512,114,160,1
0.088758,131,161,1
0.245291,113,227,2
0.393851,8001,320996,40
0.367437,100,115,1
0.159667,276,349,1
0.111265,158,168,1
0.336994,152,211,1
0.308483,15000,443587,29
0.230723,2017,36954,18
0.081593,93,149,1
0.153724,72,101,1
0.337269,15000,533809,35
0.231212,999,23627,23
0.324547,107,108,1
0.321943,15000,631080,42
0.102751,999,34468,34
0.398089,98,103,1
0.275058,182,203,1
0.381747,267,350,1
0.242888,135,197,1
0.338797,15000,733321,48
0.313495,999,12511,12
0.375206,87,147,1
0.377799,63,76,1
0.147302,15000,623594,41
0.132201,1233,47552,38
0.265505,181,539,2
0.088223,86,94,1
0.366635,15000,570735,38
0.226865,94,95,1
0.124082,101,107,1
0.196799,90,155,1
0.103974,150,256,1
0.192191,254,554,2
0.274083,15000,770069,51
0.258807,1460,26378,18
0.068872,107,159,1
0.114257,6876,312796,45
0.294148,105,111,1
0.201648,15000,438721,29
0.157379,1185,51376,43
0.160291,172,1348,7
0.211826,5235,562292,107
0.261051,15000,1060148,70
0.370487,1558,20027,12
0.296048,98,163,1
0.086891,564,736,1
0.321302,15000,834753,55
0.239952,1499,55364,36
0.146146,186,210,1
0.300964,104,166,1
0.383739,101,253,2
0.240587,15000,833927,55
0.145754,1211,26480,21
0.259379,2594,193756,74
0.096516,96,99,1
0.229818,85,98,1
0.3259,15000,1181511,78
0.361271,999,32978,33
0.221033,2386,155017,64
0.312848,5486,604832,110
0.274827,101,112,1
0.320077,15000,1276667,85
0.305299,999,13662,13
0.051278,103,147,1
0.179046,5312,401176,75
0.320589,263,500,1
0.247028,89,101,1
0.067334,6627,559074,84
0.153085,103,104,1
0.19114,390,15208,38
0.267649,95,99,1
0.31301,15000,1037780,69
0.218927,1387,20066,14
0.256388,79,100,1
0.187859,286,1138,3
0.120213,7462,317923,42
0.053926,2100,71360,33
0.29061,81,455,5
0.173932,1268,24820,19
0.18094,82,97,1
0.190015,98,196,2
0.321931,571,15596,27
0.180084,103,153,1
0.305024,166,284,1
0.251717,387,2446,6
0.110471,499,1960,3
0.31829,8887,409817,46
0.08399,15000,393389,26
0.143025,1108,26613,24
0.338719,149,165,1
0.158605,159,181,1
0.352025,454,1008,2
0.338617,15000,1219453,81
0.248093,1236,22101,17
0.070646,157,478,3
0.096695,6092,565703,92
0.259496,275,1086,3
0.095548,461,996,2
0.290465,291,333,1
0.30346,15000,1018430,67
0.322898,1009,6717,6
0.161467,156,210,1
0.339337,131,186,1
0.109895,88,96,1
0.337379,15000,827804,55
0.183014,1113,32726,29
0.230842,207,282,1
0.080269,104,106,1
0.313778,838,30846,36
0.33972,63,538,8
0.303527,1070,23527,21
0.342618,2546,77163,30
0.365814,234,271,1
0.236336,337,1914,5
0.352852,96,109,1
0.260627,8807,727012,82
0.287255,15000,839179,55
0.384042,67,74,1
0.086708,91,101,1
0.24222,1925,96941,50
0.115902,74,85,1
0.108136,739,16785,22
0.348664,15000,1125455,75
0.050673,2063,63466,30
0.091331,3074,268342,87
0.26731,82,95,1
0.233203,7598,497907,65
0.302176,15000,880134,58
0.281277,1851,36952,19
0.288678,135,147,1
0.148142,92,105,1
0.13918,1240,20398,16
0.206491,54,61,1
0.287838,202,395,1
0.256225,138,216,1
0.220884,1210,34210,28
0.281198,15000,918470,61
0.155137,4336,329174,75
0.294056,113,202,1
0.219693,7382,634510,85
0.383756,79,108,1
0.267348,15000,620329,41
0.311366,72,111,1
0.268198,5667,575732,101
0.263066,15000,1083567,72
0.084976,2197,144911,65
0.259658,99,111,1
0.161201,15000,876566,58
0.109905,1110,27374,24
0.372545,4356,152207,34
0.190235,1416,13071,9
0.231803,15000,582116,38
0.295858,1266,35094,27
0.10134,2751,192125,69
0.300643,223,4256,19
0.128424,144,158,1
0.32724,700,18634,26
0.310118,370,11247,30
0.162197,1887,58485,30
0.368331,86,92,1
0.111906,15000,567545,37
0.184344,87,89,1
0.115593,279,1939,6
0.176242,99,104,1
0.309349,265,437,1
0.295168,15000,1039210,69
0.231546,1106,36320,32
0.091348,6257,651708,104
0.214921,2364,76713,32
0.228125,15000,1098002,73
0.221764,1351,29099,21
0.199833,6697,454313,67
0.287899,250,1998,7
0.189905,61,95,1
0.318914,1197,15978,13
0.271055,2851,107323,37
0.282652,15000,1022690,68
0.202215,1049,26268,25
0.219298,192,248,1
0.139623,173,245,1
0.082514,8383,795166,94
0.375002,105,199,1
0.216874,302,656,2
0.173901,134,207,1
0.058485,92,108,1
0.339752,82,95,1
0.307269,15000,1214798,80
0.155358,1001,34100,34
0.10999,6001,435129,72
0.050559,118,127,1
0.176725,171,266,1
0.15366,228,567,2
0.068413,1,2,2
0.062357,80,106,1
0.096434,140,265,1
0.061776,896,27634,30
0.390929,15000,1155038,77
0.094089,112,260,2
0.317046,138,205,1
0.319055,78,86,1
0.327018,96,97,1
0.202688,102,2303,22
0.328335,116,133,1
0.10366,692,24603,35
0.315818,137,160,1
0.204486,188,8885,47
0.136097,636,5173,8
0.184701,105,143,1
0.342162,61,66,1
0.271053,3977,279869,70
0.171275,100,165,1
0.202973,6999,718235,102
0.321634,293,930,3
0.143971,108,113,1
0.204923,999,15056,15
0.340636,1999,43521,21
0.275026,519,12712,24
0.352689,15000,908399,60
0.365444,999,10906,10
0.054002,168,274,1
0.166713,163,527,3
0.236648,1439,35671,24
0.117542,450,1500,3
0.183823,1849,53428,28
0.299473,15000,388911,25
0.297578,999,22590,22
0.255734,5415,250513,46
0.190095,6433,242915,37
0.291037,113,329,2
0.315817,382,4098,10
0.112119,272,1103,4
0.321548,423,2974,7
0.173686,1999,79311,39
0.264615,735,3030,4
0.353231,15000,1148762,76
0.135786,1429,84234,58
0.281032,15000,950835,63
0.124705,1444,78799,54
0.384412,143,187,1
0.333251,15000,546489,36
0.097209,1213,36258,29
0.167827,78,90,1
0.374329,349,10392,29
0.126974,406,2509,6
0.307847,15000,889839,59
0.309744,1090,20975,19
0.344388,2838,46424,16
0.122177,216,410,1
0.281216,8339,777681,93
0.289833,15000,971495,64
0.231148,999,9267,9
0.153261,2145,77998,36
0.336081,76,87,1
0.355805,168,478,2
0.185703,61,660,10
0.120589,1629,69552,42
0.313818,82,148,1
0.393388,127,144,1
0.204934,8281,530299,64
0.236075,15000,753855,50
0.292692,999,12731,12
0.382212,153,441,2
0.263142,5293,265092,50
0.362923,81,87,1
0.209536,2911,197730,67
0.070997,106,112,1
0.1735,741,5057,6
0.159336,127,164,1
0.285194,15000,712088,47
0.226781,15000,711791,47
0.376594,111,113,1
0.087835,74,84,1
0.345713,108,183,1
0.165104,9367,325798,34
0.299956,367,9829,26
0.207778,1452,16194,11
0.37453,341,399,1
0.06041,100,108,1
0.097156,96,214,2
0.230788,94,115,1
0.149071,367,11239,30
0.096122,1614,119953,74
0.357801,107,110,1
0.318292,111,131,1
0.272928,318,502,1
0.145821,3750,389246,103
0.18818,867,12444,14
0.260787,1867,80617,43
0.124305,232,311,1
0.210651,450,13222,29
0.356599,119,450,3
0.060757,855,3491,4
0.273081,334,2800,8
0.230111,1402,28364,20
0.069135,2719,148583,54
0.360341,130,146,1
0.346737,79,104,1
0.173052,83,89,1
0.275609,136,925,6
0.252472,15000,584359,38
0.074666,61,75,1
0.190002,568,4425,7
0.120344,1142,46012,40
0.257293,277,443,1
0.364877,15000,1068914,71
0.338994,1060,28342,26
0.154632,91,137,1
0.176475,150,382,2
0.142671,266,425,1
0.196216,15000,666117,44
0.112645,1090,47519,43
0.161634,3245,170113,52
0.08032,78,102,1
0.26022,423,4086,9
0.077501,200,219,1
0.339476,15000,594679,39
0.228056,1867,64230,34
0.112013,394,692,1
0.37827,107,159,1
0.135213,126,202,1
0.305732,15000,733337,48
0.336735,2797,96016,34
0.168606,177,530,2
0.249635,122,138,1
0.130596,97,106,1
0.396061,119,159,1
0.112578,367,6353,17
0.258019,1367,36969,27
0.337554,201,276,1
0.178732,15000,1353856,90
0.234703,1367,44167,32
0.053937,83,97,1
0.185621,5627,317295,56
0.235823,81,96,1
0.289727,103,168,1
0.200644,717,13443,18
0.358391,120,1254,10
0.074916,85,110,1
0.160021,404,770,1
0.222763,199,253,1
0.324731,15000,1267391,84
0.248427,123,157,1
0.296683,384,1138,2
0.081948,97,101,1
0.380207,15000,447628,29
0.204904,1192,7719,6
0.145956,153,270,1
0.090719,7018,455086,64
0.257177,8996,624675,69
0.38867,103,104,1
0.063376,999,22563,22
0.257521,367,3624,9
0.224562,15000,765204,51
0.286737,90,97,1
0.352037,88,94,1
0.230187,993,25115,25
0.092032,287,376,1
0.32131,316,3717,11
0.205032,15000,1275308,85
0.168308,5545,458911,82
0.22513,6869,545830,79
0.36113,176,260,1
0.150046,168,196,1
0.131725,101,108,1
0.209168,6647,377735,56
0.399808,168,253,1
0.111543,171,211,1
0.259327,467,9647,20
0.221319,9999,655323,65
0.212825,94,106,1
0.35111,930,13811,14
0.095256,2004,198344,98
0.100388,83,99,1
0.372353,124,138,1
0.256803,98,101,1
0.160402,15000,1225023,81
0.102487,1735,55657,32
0.160147,148,209,1
0.232531,93,104,1
0.188887,7939,521175,65
0.153467,474,2632,5
0.2467,6086,328651,54
0.131022,76,84,1
0.288953,15000,592270,39
0.19933,1050,18767,17
0.147886,2473,95675,38
0.118988,8297,655173,78
0.279312,96,335,3
0.092979,305,1499,4
0.303529,172,306,1
0.063757,807,13379,16
0.338541,7083,366446,51
0.080108,152,206,1
0.20876,290,4690,16
0.085075,2373,171781,72
0.120886,6441,396284,61
0.355548,15000,717891,47
0.180656,95,108,1
0.354687,225,302,1
0.163982,7244,810613,111
0.223153,15000,1285239,85
0.2698,249,906,3
0.320957,86,111,1
0.107576,89,93,1
0.390837,262,743,2
0.115518,15000,1224213,81
0.38065,1324,23040,17
0.276116,85,86,1
0.321696,106,119,1
0.134964,499,5684,11
0.198508,15000,723252,48
0.121688,498,7905,15
0.198853,591,7595,12
0.356284,280,791,2
0.079866,88,95,1
0.244487,15000,1046334,69
0.34902,999,11515,11
0.357935,2499,120529,48
0.348785,77,101,1
0.110243,72,88,1
0.162652,251,901,3
0.177392,15000,1262101,84
0.232466,1071,15556,14
0.125976,5499,452042,82
0.09208,108,171,1
0.163677,37,42,1
0.191792,15000,861849,57
0.253386,1055,16318,15
0.241051,87,107,1
0.198449,104,111,1
0.083189,15000,419985,27
0.176876,999,11156,11
0.147635,144,185,1
0.340525,177,317,1
0.130021,226,487,2
0.256278,15000,734598,48
0.083301,1058,23975,22
0.131089,2499,127024,50
0.156709,137,204,1
0.192904,6999,678670,96
0.20657,8544,936726,109
0.07548,77,106,1
0.095195,845,22654,26
0.242403,135,481,3
0.170913,8695,712262,81
0.128786,229,293,1
0.159406,112,183,1
0.086789,433,12399,28
0.172933,1614,83864,51
0.309163,6997,447899,64
0.371131,95,98,1
0.32758,15000,766111,51
0.262084,1275,28183,22
0.106701,84,100,1
0.28113,15000,1168479,77
0.352919,1325,41608,31
0.241107,107,115,1
0.242833,100,102,1
0.392838,762,4376,5
0.093986,302,1191,3
0.274707,15000,1146347,76
0.243055,135,205,1
0.330621,15000,918099,61
0.337192,1034,16166,15
0.298029,146,188,1
0.253718,15000,1362068,90
0.143336,1093,26731,24
0.3275,88,109,1
0.357594,106,107,1
0.245806,7302,366979,50
0.140597,89,95,1
0.398055,104,112,1
0.169993,116,159,1
0.199648,111,258,2
0.328444,15000,531915,35
0.073042,1153,86621,75
0.305982,91,97,1
0.150654,332,635,1
0.24678,511,7979,15
0.079406,96,102,1
0.290794,725,18230,25
0.174982,292,395,1
0.119536,836,12905,15
0.352447,15000,691270,46
0.132282,116,138,1
0.120476,90,94,1
0.162232,157,245,1
0.081978,1091,36626,33
0.354669,83,86,1
0.296415,15000,544802,36
0.085327,1017,32416,31
0.325901,124,152,1
0.331062,74,93,1
0.140386,15000,1218093,81
0.107619,94,148,1
0.053733,86,97,1
0.325782,15000,741680,49
0.207484,2040,71265,34
0.208462,110,115,1
0.314888,214,368,1
0.325039,15000,1016227,67
0.296688,72,92,1
0.267689,84,94,1
0.164353,15000,862941,57
0.191801,1183,56102,47
0.18983,253,1219,4
0.300738,8262,670476,81
0.378743,15000,851833,56
0.392381,1709,27186,15
0.388052,290,1014,3
0.240937,144,219,1
0.305278,8262,698539,84
0.380068,15000,1118867,74
0.230166,1262,16279,12
0.241451,84,86,1
0.358245,408,796,1
0.335264,15000,477117,31
0.215908,1014,16142,15
0.314022,85,86,1
0.385924,174,202,1
0.355427,91,104,1
0.117385,345,6302,18
0.235527,94,153,1
0.337056,15000,982568,65
0.050845,1262,82655,65
0.32191,6762,407983,60
0.122946,111,135,1
0.23165,388,13086,33
0.18327,2363,178097,75
0.115482,84,86,1
0.2958,15000,1005587,67
0.222086,401,1137,2
0.21287,91,93,1
0.154387,76,86,1
0.394312,67,104,1
0.214466,15000,801343,53
0.363827,1259,18438,14
0.365718,355,490,1
0.327318,262,7492,28
0.098999,1320,44402,33
0.292839,6571,274984,41
0.28574,384,4593,11
0.157912,9432,354067,37
0.241832,7843,384801,49
0.18068,112,204,1
0.306708,867,11815,13
0.242,1952,79452,40
0.198413,109,174,1
0.093202,97,103,1
0.171365,92,93,1
0.384609,952,30223,31
0.220172,6674,809517,121
0.203826,336,1284,3
0.338107,15000,1269905,84
0.088534,1373,19578,14
0.068384,94,148,1
0.123957,90,91,1
0.054212,400,2517,6
0.119568,89,135,1
0.319391,743,8492,11
0.093277,2164,119924,55
0.162871,99,147,1
0.231392,125,156,1
0.268988,8690,508369,58
0.195514,15000,600682,40
0.254573,1066,26796,25
0.174762,2771,217070,78
0.086721,366,4725,12
0.282953,15000,638783,42
0.167992,1108,30722,27
0.223023,111,126,1
0.20819,96,107,1
0.228098,96,104,1
0.054883,932,35055,37
0.341154,2395,61380,25
0.329968,127,149,1
0.125121,70,101,1
0.094263,7952,847059,106
0.256825,168,456,2
0.338121,2077,74010,35
0.294336,392,3357,8
0.057383,373,5663,15
0.10868,103,221,2
0.326052,57,569,9
0.332484,1127,36298,32
0.122769,3173,165198,52
0.189705,154,169,1
0.13198,6300,539369,85
0.182691,8316,656646,78
0.050136,90,262,2
0.286108,233,352,1
0.058581,84,90,1
0.094383,482,2161,4
0.352731,15000,1039495,69
0.119464,89,90,1
0.185474,5873,570167,97
0.27606,215,1481,6
0.330838,15000,958386,63
0.207739,1788,115508,64
0.145154,86,96,1
0.096888,999,84478,84
0.274539,15000,1161622,77
0.181751,89,98,1
0.371318,15000,722375,48
0.199749,1979,129760,65
0.305104,412,1530,3
0.168874,90,92,1
0.337694,15000,1119874,74
0.3124,150,207,1
0.066943,141,553,3
0.05261,5817,563079,96
0.350036,97,113,1
0.303116,815,36507,44
0.156608,321,1922,5
0.291206,15000,521551,34
0.079559,236,2672,11
0.158021,6093,735654,120
0.112471,86,94,1
0.21191,15000,1180599,78
0.255496,1001,82517,82
0.078183,91,196,2
0.254609,80,87,1
0.137317,88,154,1
0.135518,149,599,4
0.257414,15000,870925,58
0.304734,2324,113232,48
0.060333,318,4768,14
0.287784,77,86,1
0.28311,15000,633558,42
0.235067,97,108,1
0.273208,88,91,1
0.293445,77,101,1
0.234659,94,96,1
0.196805,108,116,1
0.122121,79,90,1
0.338279,15000,879095,58
0.319811,1341,78664,58
0.324045,15000,1314247,87
0.374636,1391,35668,25
0.172462,92,113,1
0.363062,130,154,1
0.398987,245,1168,4
0.156941,543,11926,21
0.380606,15000,488201,32
0.155116,1011,20464,20
0.050312,102,107,1
0.263868,93,102,1
0.397405,461,760,1
0.053995,301,398,1
0.326926,15000,471342,31
0.38058,96,106,1
0.244813,194,1711,8
0.238003,305,4402,14
0.385319,94,100,1
0.074213,115,134,1
0.332653,131,270,2
0.304114,15000,1303270,86
0.245022,1222,8308,6
0.12533,2301,241577,104
0.262075,108,110,1
0.261977,156,200,1
0.297396,168,269,1
0.181806,393,4579,11
0.146407,490,19911,40
0.178273,239,786,3
0.170563,447,2416,5
0.199121,7359,335364,45
0.187037,615,4163,6
0.178833,684,13172,19
0.052636,1861,131602,70
0.313534,91,103,1
0.30438,87,107,1
0.385693,209,1024,4
0.226284,959,5179,5
0.356292,15000,765905,51
0.124703,1094,92070,84
0.157875,2301,156339,67
0.18903,147,163,1
0.396297,131,199,1
0.20442,92,103,1
0.163543,100,107,1
0.284743,741,20084,27
0.178565,105,109,1
0.200397,118,277,2
0.060871,861,23486,27
0.056949,294,739,2
0.206411,8801,1124305,127
0.063544,2064,165444,80
0.167207,80,92,1
0.059417,393,1583,4
0.323616,42,49,1
0.071279,8088,782244,96
0.280063,94,95,1
0.316067,15000,1077074,71
0.315982,1101,24586,22
0.058129,94,194,2
0.356097,145,2093,14
0.174983,3999,94886,23
0.244584,15000,563918,37
0.348382,1618,69923,43
0.267656,190,248,1
0.336452,15000,1125871,75
0.284556,1520,38824,25
0.101918,3966,299680,75
0.113963,7791,769965,98
0.28658,236,603,2
0.176529,114,120,1
0.192409,70,129,1
0.223396,88,96,1
0.36544,232,357,1
0.100452,128,150,1
0.165038,272,410,1
0.28696,15000,436376,29
0.060691,1163,77768,66
0.091889,145,157,1
0.152459,81,106,1
0.384761,218,293,1
0.212474,143,211,1
0.27814,15000,701475,46
0.142589,1120,10699,9
0.242416,84,85,1
0.205098,3999,156504,39
0.178252,95,99,1
0.115623,92,94,1
0.07487,8999,392543,43
0.261262,99,111,1
0.316597,127,189,1
0.152526,15000,427959,28
0.177915,1002,17662,17
0.358582,103,116,1
0.219364,62,532,8
0.150651,1357,21557,15
0.329376,311,573,1
0.052176,118,146,1
0.186385,499,9223,18
0.208168,303,1022,3
0.384278,192,426,2
0.245205,445,12095,27
0.195483,7459,497982,66
0.351048,15000,708831,47
0.33145,999,7587,7
0.164876,2831,82817,29
0.314329,98,165,1
0.361285,115,129,1
0.275324,101,213,2
0.198046,404,868,2
0.325216,9944,293850,29
0.26814,397,1555,3
0.38769,138,306,2
0.067571,6042,204362,33
0.293909,439,2980,6
0.218243,15000,359690,23
0.269927,999,18658,18
0.058133,128,141,1
0.316551,90,92,1
0.281497,116,195,1
0.312152,999,18669,18
0.138858,2074,80487,38
0.121552,8231,703633,85
0.281315,15000,971407,64
0.360388,1499,31026,20
0.306252,68,88,1
0.190213,8235,568097,68
0.37001,149,1030,6
0.248711,135,144,1
0.118599,91,141,1
0.204769,93,105,1
0.352245,15000,761950,50
0.125619,1806,64729,35
0.189066,385,7638,19
0.220544,485,6897,14
0.316147,7772,346828,44
0.255665,15000,539882,35
0.171083,999,25904,25
0.276914,266,310,1
0.327987,107,173,1
0.293556,15000,950766,63
0.263391,999,12286,12
0.356177,129,246,1
0.182248,97,154,1
0.110366,322,9644,29
0.330903,15000,1032320,68
0.314721,999,16361,16
0.174033,308,502,1
0.311362,109,143,1
0.366853,15000,337750,22
0.329822,1499,85305,56
0.286669,101,177,1
0.188063,289,925,3
0.095603,7999,825133,103
0.106286,149,645,4
0.327598,15000,910628,60
0.390975,999,16132,16
0.285952,72,235,3
0.375206,4209,308705,73
0.161892,98,102,1
0.221683,210,1840,8
0.39926,15000,797711,53
0.328107,1189,50198,42
0.175351,82,100,1
0.092404,127,148,1
0.372013,85,205,2
0.310515,310,1172,3
0.337205,15000,975554,65
0.107087,94,198,2
0.105376,88,98,1
0.080468,187,305,1
0.174378,110,164,1
0.270005,15000,544393,36
0.352981,1557,51142,32
0.19559,97,108,1
0.097063,190,574,3
0.335564,7001,403963,57
0.150039,3202,110194,34
0.173412,248,986,3
0.308756,1331,41141,30
0.237816,228,371,1
0.356107,1516,13915,9
0.231102,134,149,1
0.294439,15000,690156,46
0.22193,8049,775622,96
0.313104,15000,1062772,70
0.281853,136,141,1
0.177145,85,88,1
0.199438,165,395,2
0.192895,172,457,2
0.112558,79,97,1
0.370273,87,143,1
0.39842,106,156,1
0.287984,215,358,1
0.084633,165,215,1
0.098827,748,61837,82
0.166363,2115,83748,39
0.368399,82,93,1
0.069951,5907,313689,53
0.315305,15000,917822,61
0.063999,97,110,1
0.10663,4001,209827,52
0.243653,105,114,1
0.311328,123,142,1
0.054053,253,9509,37
0.283972,15000,1499152,99
0.107215,1156,55693,48
0.32585,15000,812968,54
0.051812,1095,43348,39
0.269261,7274,296529,40
0.130902,1551,31819,20
0.381404,96,102,1
0.205885,6861,383341,55
0.278332,9763,511591,52
0.131876,3259,158126,48
0.117801,318,803,2
0.319672,72,100,1
0.103225,1405,9447,6
0.349014,74,89,1
0.188284,621,13935,22
0.264616,50,52,1
0.166171,95,98,1
0.240743,297,986,3
0.089885,106,336,3
0.21234,88,90,1
0.107527,15000,1098592,73
0.289676,15000,623198,41
0.139009,2273,102501,45
0.274899,82,93,1
0.149859,1384,52544,37
0.308811,88,111,1
0.187363,64,713,11
0.168815,214,714,3
0.229302,264,539,2
0.316869,15000,827274,55
0.106249,2875,110433,38
0.331603,78,107,1
0.150497,274,940,3
0.139714,8944,459803,51
0.100239,245,341,1
0.23776,1072,21815,20
0.165313,656,12243,18
0.305622,8444,743527,88
0.290549,550,8615,15
0.216603,499,5419,10
0.374011,307,809,2
0.134815,106,111,1
0.068493,296,1506,5
0.178207,27,32,1
0.172617,306,842,2
0.329337,15000,752875,50
0.36507,83,113,1
0.207639,126,138,1
0.128873,8036,622354,77
0.270793,15000,871712,58
0.305128,1281,10804,8
0.080265,103,105,1
0.068153,4444,191963,43
0.082329,452,7233,16
0.203963,7101,299698,42
0.054466,1779,67044,37
0.126033,172,668,3
0.361077,102,105,1
0.313456,15000,515089,34
0.368585,1498,32522,21
0.194043,4308,260501,60
0.305916,66,80,1
0.116245,70,148,2
0.22062,28,31,1
0.25202,15000,1330238,88
0.098884,1654,121896,73
0.349127,129,198,1
0.172922,536,2945,5
0.168695,15000,1091920,72
0.081997,1220,30289,24
0.346412,265,325,1
0.380736,585,13060,22
0.397047,87,103,1
0.202366,498,8238,16
0.272625,606,10749,17
0.222088,224,794,3
0.273928,81,99,1
0.285513,97,148,1
0.214573,15000,710123,47
0.158191,1203,31686,26
0.070626,6230,835547,134
0.19083,295,429,1
0.104501,347,1137,3
0.349386,107,824,7
0.114276,1107,22003,19
0.238394,147,167,1
0.182605,7861,664010,84
0.165732,216,2035,9
0.203161,911,14132,15
0.350565,85,90,1
0.272364,588,13097,22
0.306636,15000,856459,57
0.153659,1140,63014,55
0.297808,15000,1194102,79
0.272076,55,71,1
0.151314,146,201,1
0.265906,15000,471123,31
0.168354,2291,52934,23
0.176397,718,1802,2
0.235174,107,111,1
0.387008,317,999,3
0.231922,15000,1264493,84
0.20728,1221,31752,26
0.171288,3857,326407,84
0.203206,145,515,3
0.322822,15000,1269670,84
0.167553,1215,24083,19
0.251851,2316,96548,41
0.151293,235,280,1
0.251025,7590,648167,85
0.127298,2440,124367,50
0.353434,498,5985,12
0.380643,83,95,1
0.24055,92,216,2
0.188592,439,2569,5
0.072804,740,7454,10
0.280408,343,6258,18
0.089323,1498,73352,48
0.106762,86,93,1
0.237968,580,16392,28
0.232395,15000,1045941,69
0.097031,1192,21736,18
0.082229,2647,131017,49
0.062545,89,98,1
0.080058,149,385,2
0.176862,6451,327826,50
0.345989,958,3535,3
0.083371,2999,104808,34
0.099217,498,4801,9
0.085191,1994,147905,74
0.115406,251,539,2
0.306123,15000,984785,65
0.35355,1160,33484,28
0.13641,2941,321741,109
0.347555,72,81,1
0.193629,7559,756063,100
0.243112,15000,1012021,67
0.314668,1279,44610,34
0.329824,99,118,1
0.354218,92,102,1
0.188108,545,1434,2
0.175078,6682,749458,112
0.35568,264,2101,7
0.066769,1998,96368,48
0.174053,94,113,1
0.126505,345,683,1
0.086257,480,3876,8
0.138175,8424,549640,65
0.148097,117,208,1
0.273553,684,9114,13
0.130495,100,142,1
0.285684,113,187,1
0.381211,148,160,1
0.06844,86,105,1
0.200979,15000,1350680,90
0.165333,1498,37248,24
0.336014,84,91,1
0.236747,93,410,4
0.273903,1105,8369,7
0.318446,15000,979923,65
0.292002,1001,37039,37
0.122778,446,1600,3
0.186023,665,15367,23
0.238265,15000,607404,40
0.067981,393,1984,5
0.222788,95,109,1
0.24196,99,106,1
0.369196,171,3020,17
0.239434,88,134,1
0.293803,87,102,1
0.183415,101,109,1
0.201771,501,5968,11
0.050791,109,113,1
0.277003,249,386,1
0.204469,86,114,1
0.274838,15000,1147807,76
0.075384,1001,82002,81
0.080519,142,187,1
0.371905,165,244,1
0.25602,5501,508069,92
0.377285,88,112,1
0.236418,15000,975242,65
0.234399,80,102,1
0.062066,145,165,1
0.106007,136,258,1
0.115665,6158,696404,113
0.235607,607,2322,3
0.194926,106,113,1
0.303782,345,1065,3
0.069488,439,549,1
0.266919,102,148,1
0.386884,166,492,2
0.050515,7149,701055,98
0.1546,79,98,1
0.374243,77,79,1
0.080295,184,604,3
0.085984,3501,224967,64
0.398201,222,1769,7
0.206527,87,97,1
0.27702,125,151,1
0.326721,15000,1212387,80
0.377441,334,477,1
0.097236,894,22571,25
0.079095,293,649,2
0.06688,155,619,3
0.288046,15000,961203,64
0.179483,94,105,1
0.150337,97,99,1
0.238896,148,4719,31
0.223022,87,89,1
0.230443,39,40,1
0.169059,74,87,1
0.159148,15000,910469,60
0.246909,138,158,1
0.337753,4419,375733,85
0.101715,6501,618228,95
0.094803,641,2891,4
0.351299,169,405,2
0.381391,114,312,2
0.325872,15000,1089156,72
0.063044,1327,119815,90
0.28393,171,198,1
0.295849,101,157,1
0.360705,75,1164,15
0.263382,453,5536,12
0.175224,166,282,1
0.128369,7698,432388,56
0.36569,99,100,1
0.102545,72,100,1
0.139837,79,106,1
0.394829,264,1188,4
0.258067,15000,838882,55
0.352743,999,12375,12
0.252148,1999,60665,30
0.070255,91,99,1
0.390941,90,98,1
0.050762,104,205,1
0.209537,95,99,1
0.222465,783,3385,4
0.114112,2812,161368,57
0.121066,94,100,1
0.208431,93,96,1
0.13201,7890,914852,115
0.103639,2499,205281,82
0.382633,499,11062,22
0.178328,1919,45614,23
0.371091,89,95,1
0.328685,416,6733,16
0.1302,82,139,1
0.156252,15000,640385,42
0.240863,2201,61483,27
0.238028,5819,375723,64
0.23,80,84,1
0.280205,331,877,2
0.203758,102,108,1
0.180205,8231,714175,86
0.326065,231,1903,8
0.107952,2999,172947,57
0.368602,15000,812167,54
0.123887,98,156,1
0.244271,97,148,1
0.36085,1009,28937,28
0.180481,15000,1281331,85
0.15385,1355,31959,23
0.12212,2578,257456,99
0.370473,80,97,1
0.278064,6628,583205,87
0.318322,15000,1040855,69
0.178608,1143,13383,11
0.066597,91,107,1
0.380227,89,90,1
0.394044,81,97,1
0.395593,96,98,1
0.337834,15000,1234477,82
0.284293,1128,28209,25
0.250419,101,103,1
0.251654,90,99,1
0.076998,118,162,1
0.303358,7244,684949,94
0.285456,15000,1106886,73
0.22054,186,510,2
0.081684,233,699,3
0.221689,197,257,1
0.111821,6893,553809,80
0.096587,15000,855044,57
0.139024,75,168,2
0.09323,2686,131868,49
0.37048,3427,237191,69
0.148773,117,118,1
0.186504,160,296,1
0.23256,97,111,1
0.310932,50,56,1
0.313281,444,9786,22
0.220423,1490,29254,19
0.134342,3176,229900,72
0.144847,15000,846095,56
0.165241,1001,42609,42
0.301025,2079,33411,16
0.071889,448,1733,3
0.184145,98,102,1
0.292934,15000,879225,58
0.064272,1151,91473,79
0.185322,106,129,1
0.180346,4965,458016,92
0.318236,15000,1246291,83
0.233564,1133,32000,28
0.177659,97,155,1
0.201135,159,316,1
0.142664,15000,1009181,67
0.080393,252,889,3
0.063996,2493,97203,38
0.291744,154,289,1
0.316684,15000,439310,29
0.228448,1444,25313,17
0.274029,629,3578,5
0.284861,15000,655013,43
0.057124,1129,66982,59
0.382994,328,1016,3
0.069259,70,86,1
0.273374,106,163,1
0.32397,15000,1090901,72
0.127236,1387,47045,33
0.103504,70,71,1
0.351923,162,312,1
0.310012,93,97,1
0.196727,9317,774630,83
0.399113,373,6327,16
0.051663,110,111,1
0.292565,98,104,1
0.145144,92,104,1
0.194507,8444,565563,66
0.140402,106,208,1
0.126753,658,19533,29
0.14232,2944,162198,55
0.210872,132,148,1
0.327957,89,136,1
0.328171,15000,727866,48
0.177208,3570,218668,61
0.174502,418,4097,9
0.2575,1250,98227,78
0.325152,15000,1160968,77
0.178435,1149,23658,20
0.22113,452,651,1
0.211663,6944,523252,75
0.36115,90,106,1
0.154346,144,2451,17
0.258553,251,1601,6
0.120405,4444,140912,31
0.348288,106,108,1
0.076625,144,208,1
0.257854,15000,596306,39
0.243781,232,759,3
0.074783,3548,119861,33
0.245229,464,1988,4
0.262543,5000,199918,39
0.376216,67,112,1
0.298349,596,9023,15
0.253665,6096,353253,57
0.195974,123,133,1
0.29326,15000,571103,38
0.106362,100,114,1
0.099628,619,12786,20
0.238901,113,151,1
0.245676,64,156,2
0.202282,90,94,1
0.314399,104,212,2
0.107694,9467,451330,47
0.299122,101,108,1
0.231064,5486,316427,57
0.075782,56,67,1
0.260187,138,301,2
0.112099,90,106,1
0.082433,98,101,1
0.168989,69,89,1
0.367683,892,18884,21
0.27285,2127,61141,28
0.135254,6133,687824,112
0.2248,15000,1170853,78
0.278427,1016,24679,24
0.056938,2669,256566,96
0.210724,15000,1115839,74
0.351406,1193,28783,24
0.092568,50,104,2
0.235428,81,137,1
0.207175,137,195,1
0.113014,15000,892309,59
0.235178,1392,36358,26
0.265932,152,222,1
0.170155,15000,447501,29
0.224624,3392,219101,64
0.3919,101,102,1
0.182707,15000,1167765,77
0.206877,252,2143,8
0.161654,83,99,1
0.168539,99,153,1
0.353035,15000,1138379,75
0.280938,1460,37062,25
0.313355,232,430,1
0.187465,135,245,1
0.187414,434,6037,13
0.305919,15000,429429,28
0.224225,1018,28394,27
0.309702,15000,483184,32
0.19429,1392,19940,14
0.268791,5177,91955,17
0.091991,6307,699557,110
0.074339,91,275,3
0.173969,392,2937,7
0.249654,2318,38949,16
0.157003,91,148,1
0.109844,406,798,1
0.394002,7996,415901,52
0.348157,15000,601500,40
0.076665,2592,72503,27
0.263838,402,825,2
0.152405,356,817,2
0.343305,15000,354724,23
0.356869,313,2255,7
0.116928,82,91,1
0.13499,9516,366140,38
0.277404,642,6082,9
0.121385,1892,118276,62
0.301707,68,85,1
0.092502,85,162,1
0.311347,15000,1136076,75
0.164392,1494,41822,27
0.195676,2528,85803,33
0.353149,129,154,1
0.359052,56,83,1
0.076717,224,327,1
0.125898,15000,903823,60
0.18748,1019,26436,25
0.108109,670,9067,13
0.221591,319,1566,4
0.069416,85,137,1
0.23099,15000,1093591,72
0.314656,1892,30567,16
0.201782,88,98,1
0.098012,88,101,1
0.153632,1322,89404,67
0.314873,15000,1094724,72
0.125425,1094,84860,77
0.275506,94,150,1
0.191805,15000,1345147,89
0.282659,1525,35181,23
0.115445,76,144,1
0.369971,88,92,1
0.08162,222,273,1
0.166217,302,599,1
0.323396,15000,1130833,75
0.061757,1094,99542,90
0.300931,2574,50439,19
0.233107,112,298,2
0.331906,906,5882,6
0.15446,83,94,1
0.347313,15000,1200921,80
0.129954,2118,123828,58
0.372281,133,197,1
0.216499,287,3413,11
0.163012,1189,28107,23
0.35566,15000,707274,47
0.163653,1444,37916,26
0.087368,99,110,1
0.061411,155,381,2
0.065171,304,2748,9
0.258242,15000,826474,55
0.267648,98,118,1
0.191641,7174,861028,120
0.284674,15000,1305063,87
0.314026,1130,19401,17
0.219158,4392,210242,47
0.261395,137,295,2
0.257488,120,157,1
0.296045,15000,1080040,72
0.247382,1081,23467,21
0.120033,119,156,1
0.194619,507,14797,29
0.34494,32,33,1
0.088092,82,89,1
0.323087,15000,991830,66
0.07345,1177,53264,45
0.30028,93,101,1
0.155574,5837,313174,53
0.06012,342,963,2
0.33966,15000,580901,38
0.281673,1892,34425,18
0.196217,158,166,1
0.114562,15000,474164,31
0.061664,1445,47677,32
0.343699,82,132,1
0.18295,15000,568274,37
0.20817,1392,13607,9
0.229511,2735,174920,63
0.192303,86,108,1
0.206458,225,330,1
0.240782,197,339,1
0.254938,15000,1164874,77
0.205047,121,144,1
0.373128,71,90,1
0.129048,165,403,2
0.095485,7392,388053,52
0.388739,268,960,3
0.297367,15000,497643,33
0.204327,921,13951,15
0.231286,95,97,1
0.257026,93,100,1
0.316866,15000,533857,35
0.220799,1253,15224,12
0.280015,1058,39227,37
0.08694,193,260,1
0.121295,128,135,1
0.330964,15000,1132035,75
0.237404,1287,22823,17
0.070887,182,278,1
0.315039,186,315,1
0.301714,105,111,1
0.290147,96,159,1
0.113745,8592,424435,49
0.086492,9892,545050,55
0.203235,103,114,1
0.348071,15000,556727,37
0.065672,1040,33323,32
0.187067,100,110,1
0.127684,121,148,1
0.152109,108,141,1
0.246529,500,1730,3
0.194112,279,1298,4
0.286893,83,90,1
0.187853,1817,166097,91
0.127689,135,314,2
0.317819,15000,1137556,75
0.344074,138,165,1
0.257645,115,201,1
0.364356,9695,522330,53
0.113784,244,724,2
0.198694,499,5562,11
0.135217,77,84,1
0.375687,15000,1191389,79
0.374451,999,13080,13
0.324669,113,194,1
0.288798,7559,407870,53
0.207837,441,5801,13
0.315664,15000,645128,43
0.139905,399,1497,3
0.056444,103,105,1
0.309932,302,703,2
0.240182,8209,599357,73
0.326351,15000,772843,51
0.269375,999,27777,27
0.208239,107,114,1
0.141431,94,105,1
0.201004,243,1625,6
0.092065,15000,552855,36
0.299433,999,25531,25
0.337137,101,153,1
0.188713,6978,575430,82
0.220712,15000,906867,60
0.236018,1550,37740,24
0.177953,90,93,1
0.195254,4499,213503,47
0.261701,44,47,1
0.148908,7116,288918,40
0.122892,87,94,1
0.133317,307,409,1
0.142054,81,95,1
0.205883,85,247,2
0.152042,100,108,1
0.283062,638,9437,14
0.25489,99,145,1
0.081078,162,5887,36
0.188703,1189,59269,49
0.080929,93,96,1
0.119524,109,110,1
0.194607,15000,1099329,73
0.278388,511,3130,6
0.309027,87,106,1
0.272917,76,93,1
0.34306,687,15184,22
0.337574,15000,642452,42
0.181753,1116,49652,44
0.388541,105,159,1
0.058231,499,7095,14
0.361182,97,100,1
0.279016,15000,746105,49
0.39798,1827,71900,39
0.233562,264,517,1
0.273792,8826,1271675,144
0.345915,364,706,1
0.275923,15000,1545221,103
0.086768,1406,90541,64
0.320945,97,104,1
0.130456,6978,522530,74
0.065408,105,109,1
0.148584,15000,731482,48
0.206717,76,94,1
0.213682,15000,457391,30
0.265592,999,15566,15
0.126098,90,142,1
0.193037,256,573,2
0.135777,85,97,1
0.099848,94,163,1
0.140674,758,7099,9
0.357102,15000,532977,35
0.104771,1223,85671,70
0.180072,77,92,1
0.162358,626,11447,18
0.126499,67,96,1
0.256123,15000,1103738,73
0.310971,2005,41030,20
0.199227,82,90,1
0.322828,15000,645812,43
0.17377,1009,25609,25
0.317715,115,193,1
0.089384,3223,171542,53
0.330096,568,14675,25
0.176065,142,149,1
0.313078,83,101,1
0.240494,15000,977341,65
0.099483,1536,38213,24
0.150424,81,89,1
0.142681,15000,386128,25
0.227727,1413,97985,69
0.259019,15000,1084101,72
0.387915,1031,20214,19
0.143227,316,1503,4
0.299064,80,90,1
0.215989,135,157,1
0.265678,15000,1122726,74
0.311941,1088,36333,33
0.105808,284,670,2
0.138154,234,1207,5
0.257061,101,112,1
0.352422,15000,867466,57
0.248715,1243,41912,33
0.086487,2549,191509,75
0.367949,329,629,1
0.132382,8941,878362,98
0.369704,432,997,2
0.287611,1223,20743,16
0.156423,2280,181379,79
0.073801,94,105,1
0.220192,307,2019,6
0.346386,96,158,1
0.078211,102,107,1
0.10955,9223,1001179,108
0.106488,223,3797,17
0.264712,1223,19326,15
0.18388,115,163,1
0.060888,109,171,1
0.321573,255,865,3
0.395423,6366,268465,42
0.399224,131,244,1
0.238197,15000,452676,30
0.379363,1369,28084,20
0.323569,98,105,1
0.289103,61,77,1
0.072059,85,192,2
0.27915,15000,1112284,74
0.236853,102,106,1
0.250313,4939,378510,76
0.358519,118,139,1
0.32753,546,3038,5
0.204754,84,102,1
0.295058,62,104,1
0.118204,652,25385,38
0.379116,15000,941660,62
0.199294,999,25469,25
0.180226,6690,323919,48
0.39896,82,91,1
0.116618,4150,258408,62
0.295515,76,97,1
0.292613,101,118,1
0.322817,97,1056,10
0.313635,1393,32641,23
0.235443,115,139,1
0.063537,1113,44293,39
0.340615,15000,1044267,69
0.10483,1270,60956,47
0.124393,104,108,1
0.168934,82,95,1
0.237437,7999,360130,45
0.216782,689,5363,7
0.204322,187,248,1
0.292927,15000,440262,29
0.299024,59,75,1
0.051151,114,119,1
0.374343,110,452,4
0.106326,7999,690331,86
0.183297,15000,848825,56
0.311708,999,21966,21
0.150676,2551,149136,58
0.192466,15000,1058596,70
0.295442,999,20026,20
0.183091,281,840,2
0.081805,71,85,1
0.372975,89,101,1
0.226859,6611,411433,62
0.149438,79,107,1
0.328503,15000,724244,48
0.273744,999,9551,9
0.359769,170,250,1
0.126052,5481,218721,39
0.087629,3172,71313,22
0.182637,94,98,1
0.31389,979,15030,15
0.300871,15000,402714,26
0.174338,1548,20553,13
0.378989,90,117,1
0.067097,95,103,1
0.29791,882,7880,8
0.279582,15000,620162,41
0.327004,1048,18440,17
0.373794,170,206,1
0.21568,58,82,1
0.206068,226,1843,8
0.194138,96,103,1
0.272032,125,147,1
0.069228,139,218,1
0.268529,489,3961,8
0.207435,1675,53876,32
0.206008,123,147,1
0.207779,165,260,1
0.326365,84,87,1
0.343429,369,5122,13
0.139803,1832,76839,41
0.157522,103,107,1
0.207109,4435,173955,39
0.151705,692,15938,23
0.266748,226,373,1
0.143809,143,1282,8
0.297294,1489,16929,11
0.35684,76,102,1
0.145762,774,23072,29
0.094076,8032,505014,62
0.114096,108,121,1
0.241102,489,4018,8
0.144957,92,100,1
0.350813,101,109,1
0.271507,80,92,1
0.189942,810,4180,5
0.250924,9403,698022,74
0.343491,489,14916,30
0.34969,1730,25778,14
0.055879,70,83,1
0.086541,5989,638432,106
0.254303,7254,729330,100
0.106916,81,82,1
0.279669,15000,1016996,67
0.054876,1627,145464,89
0.389022,128,172,1
0.139012,87,94,1
0.145743,8552,946276,110
0.256338,15000,1123671,74
0.073115,2536,32190,12
0.246266,156,264,1
0.131257,71,73,1
0.075909,267,1032,3
0.288401,15000,766468,51
0.345089,89,103,1
0.360919,99,105,1
0.069085,93,98,1
0.25574,86,104,1
0.236569,187,235,1
0.183872,82,113,1
0.135477,276,368,1
0.071918,318,3579,11
0.087952,770,36907,47
0.374932,15000,903744,60
0.056008,999,37775,37
0.238695,7699,368156,47
0.280887,175,202,1
0.36421,45,61,1
0.260087,15000,490867,32
0.296657,1342,19453,14
0.296219,99,107,1
0.105576,68,81,1
0.117347,99,106,1
0.248127,204,258,1
0.173923,8559,908885,106
0.060844,226,412,1
0.131042,817,61972,75
0.238732,78,97,1
0.188476,89,92,1
0.081547,93,104,1
0.347398,15000,1091231,72
0.299021,1075,13127,12
0.327358,2499,57617,23
0.179866,7049,740932,105
0.118988,182,707,3
0.058368,66,219,3
0.169376,95,267,2
0.053869,2328,159617,68
0.148528,100,114,1
0.393465,4546,278137,61
0.20124,227,427,1
0.078303,85,100,1
0.064909,499,1849,3
0.158374,8034,513089,63
0.252173,57,80,1
0.076634,15000,533548,35
0.059586,194,419,2
0.248106,92,156,1
0.31456,109,114,1
0.127686,331,3385,10
0.220907,111,242,2
0.096752,7480,258138,34
0.273685,15000,405858,27
0.110316,348,730,2
0.30746,6460,666911,103
0.05642,2354,266064,113
0.351249,15000,1219234,81
0.255673,1098,14282,13
0.084608,2333,167331,71
0.137314,116,310,2
0.317934,417,1120,2
0.392809,250,299,1
0.297631,204,1529,7
0.362129,460,8346,18
0.081114,1784,95684,53
0.25466,140,168,1
0.203035,8806,910901,103
0.345436,15000,944888,62
0.111806,107,111,1
0.154728,117,170,1
0.291944,124,305,2
0.175835,15000,1123456,74
0.326964,1273,28466,22
0.18468,3674,296289,80
0.319695,73,81,1
0.297735,277,5650,20
0.284838,293,916,3
0.365281,960,3427,3
0.288259,2110,129450,61
0.336653,103,109,1
0.387416,2433,134729,55
0.258365,15000,991240,66
0.249776,1230,34078,27
0.29371,448,881,1
0.18573,460,3711,8
0.17218,3637,127612,35
0.169521,85,103,1
0.38737,73,99,1
0.324781,106,118,1
0.119657,87,97,1
0.280168,311,2735,8
0.268875,550,5608,10
0.153463,1762,35202,19
0.253115,387,9810,25
0.080931,104,192,1
0.336191,2222,78023,35
0.385391,116,197,1
0.071395,83,93,1
0.14926,15000,378319,25
0.394265,1351,13812,10
0.295867,79,88,1
0.096477,110,159,1
0.143589,360,5692,15
0.126448,7881,316066,40
0.32888,15000,420957,28
0.338701,1050,29867,28
0.212723,15000,942442,62
0.359865,58,60,1
0.247251,171,222,1
0.110701,7079,707914,100
0.149493,604,3113,5
0.264888,15000,1106682,73
0.348725,95,96,1
0.375701,2615,135443,51
0.16224,1961,47168,24
0.38065,4160,200918,48
0.078018,88,94,1
0.328067,450,2008,4
0.199106,6052,324327,53
0.263918,123,139,1
0.315789,15000,574165,38
0.339221,1727,60364,34
0.14977,290,450,1
0.100246,95,107,1
0.342025,15000,607916,40
0.22848,1034,27836,26
0.142877,109,110,1
0.166274,5990,453123,75
0.292355,77,92,1
0.2177,15000,748359,49
0.182336,1221,31392,25
0.164442,104,192,1
0.25419,6314,295562,46
0.340904,84,101,1
0.355744,15000,449781,29
0.31484,1034,19141,18
0.248308,151,178,1
0.399613,83,90,1
0.221695,8391,905364,107
0.240056,15000,1085384,72
0.341534,83,133,1
0.152547,873,11186,12
0.289103,15000,1104278,73
0.2761,183,1510,8
0.119696,209,841,4
0.09284,84,100,1
0.182366,83,88,1
0.146993,205,722,3
0.133642,15000,528350,35
0.360233,1094,9860,9
0.200059,118,185,1
0.148142,75,98,1
0.287516,118,130,1
0.264181,6758,643085,95
0.120022,129,147,1
0.236563,412,1549,3
0.085414,2020,85157,42
0.069844,130,152,1
0.066725,9034,434107,48
0.129075,290,1206,4
0.213886,4728,195852,41
0.191923,92,100,1
0.117437,84,99,1
0.100498,91,102,1
0.23894,129,202,1
0.292722,15000,520804,34
0.209689,1859,71909,38
0.338646,529,3838,7
0.141277,90,94,1
0.101907,148,198,1
0.326903,15000,451550,30
0.076777,102,107,1
0.196606,4752,185363,39
0.222342,5660,232022,40
0.231616,1768,44917,25
0.218084,77,107,1
0.225467,100,147,1
0.180324,2855,81025,28
0.338326,97,194,2
0.316425,15000,335757,22
0.154078,706,7951,11
0.237927,9135,880344,96
0.076282,143,2006,14
0.058626,100,102,1
0.385496,326,483,1
0.108659,134,164,1
0.324455,97,141,1
0.188332,552,21505,38
0.353597,3830,225778,58
0.390621,92,103,1
0.366767,242,609,2
0.158573,961,54560,56
0.261203,15000,1158898,77
0.105184,1586,63376,39
0.197954,7444,491468,66
0.373084,476,9328,19
0.26829,9398,672134,71
0.24006,9740,726192,74
0.062243,88,97,1
0.349435,15000,766884,51
0.346011,1685,43953,26
0.20273,51,80,1
0.224584,143,369,2
0.256015,351,1559,4
0.292714,15000,1324563,88
0.245748,1296,38968,30
0.237062,128,184,1
0.243304,15000,753348,50
0.310004,1761,53972,30
0.220451,140,243,1
0.216843,8229,416227,50
0.127312,246,408,1
0.335866,186,398,2
0.341118,73,83,1
0.209695,15000,514611,34
0.361287,1346,17712,13
0.171662,3346,122377,36
0.19891,6056,387886,64
0.111813,2499,148303,59
0.342753,573,4477,7
0.31588,902,13223,14
0.348275,846,22715,26
0.147915,101,102,1
0.192044,188,241,1
0.160046,692,17447,25
0.309258,147,164,1
0.256371,103,910,8
0.297566,1126,19440,17
0.149839,3132,154369,49
0.147532,150,179,1
0.242887,15000,924595,61
0.062972,1030,33548,32
0.212342,710,5450,7
0.359696,133,155,1
0.322222,312,1181,3
0.161946,96,168,1
0.12609,8346,556263,66
0.296266,15000,685308,45
0.236872,1207,17549,14
0.119751,2302,221018,96
0.056663,77,93,1
0.167558,826,9009,10
0.373595,189,344,1
0.053014,137,176,1
0.257514,81,102,1
0.235224,98,111,1
0.16958,15000,1028409,68
0.083452,118,153,1
0.392424,94,106,1
0.10603,6834,675670,98
0.056794,651,14288,21
0.270612,15000,997192,66
0.25807,1156,27628,23
0.103424,96,102,1
0.373939,243,471,1
0.312171,15000,1033370,68
0.227606,91,247,2
0.329284,145,158,1
0.390416,147,171,1
0.261387,1499,5127,3
0.173504,8751,1009981,115
0.308157,15000,1332650,88
0.132268,1001,127022,126
0.118386,99,109,1
0.091763,82,199,2
0.148018,81,98,1
0.155683,114,127,1
0.082837,94,100,1
0.369177,15000,1388734,92
0.230311,1699,150773,88
0.174616,103,106,1
0.103992,170,188,1
0.295356,516,10193,19
0.343706,72,87,1
0.374676,5501,271807,49
0.29982,122,389,3
0.385282,15000,1245845,83
0.168996,192,300,1
0.31984,91,107,1
0.384423,131,200,1
0.160242,15000,712821,47
0.175774,304,1106,3
0.061901,1098,65028,59
0.128409,15000,1338214,89
0.290567,1451,67359,46
0.358132,124,142,1
0.151053,73,102,1
0.232606,444,2475,5
0.359675,15000,1355911,90
0.180633,173,986,5
0.245705,291,521,1
0.098596,143,154,1
0.292508,15000,411258,27
0.143868,1239,38220,30
0.321839,161,217,1
0.393848,108,191,1
0.0643,74,82,1
0.086314,216,418,1
0.171929,2627,63582,24
0.27374,15000,826921,55
0.241012,87,101,1
0.261906,155,193,1
0.166832,8460,516823,61
0.102282,1208,51376,42
0.109702,866,33126,38
0.384209,124,495,3
0.163598,97,98,1
0.396008,205,323,1
0.30176,90,101,1
0.153663,3374,159835,47
0.175336,8083,468723,57
0.292664,15000,531574,35
0.148773,1499,22574,15
0.065157,263,457,1
0.230616,301,344,1
0.093991,293,425,1
0.143398,488,5101,10
0.121184,458,2366,5
0.347343,15000,552076,36
0.21429,1098,20382,18
0.237899,301,478,1
0.222284,77,86,1
0.325679,7987,616357,77
0.368308,64,97,1
0.05129,97,172,1
0.345928,113,294,2
0.265423,15000,814554,54
0.272775,1051,38402,36
0.137793,8057,866578,107
0.135675,561,22155,39
0.177781,168,378,2
0.281284,397,1177,2
0.258184,88,93,1
0.207141,51,81,1
0.181356,248,356,1
0.242018,15000,1195784,79
0.253731,999,13596,13
0.210557,100,112,1
0.313981,88,102,1
0.074193,8043,640396,79
0.353764,152,172,1
0.340999,499,10986,22
0.205115,1639,25959,15
0.12247,177,245,1
0.20722,15000,380853,25
0.31929,999,40864,40
0.162838,2019,121265,60
0.152847,103,109,1
0.112172,8127,696440,85
0.13272,15000,945782,63
0.328241,999,21435,21
0.07269,2129,164705,77
0.274324,15000,1193388,79
0.073431,1346,13666,10
0.156111,85,95,1
0.182755,6499,297621,45
0.144446,86,94,1
0.275506,449,2103,4
0.268259,83,87,1
0.39886,15000,478739,31
0.334224,1058,13651,12
0.051193,794,4482,5
0.092532,200,352,1
0.153109,68,93,1
0.113453,90,94,1
0.298859,126,143,1
0.202228,262,7840,29
0.074468,1292,58139,44
0.235612,190,458,2
0.321757,221,313,1
0.163931,7605,614929,80
0.367719,133,147,1
0.071755,114,148,1
0.133225,15000,693737,46
0.182723,999,21224,21
0.159519,2099,62909,29
0.383579,83,95,1
0.389045,134,231,1
0.133125,7999,914068,114
0.202347,15000,1211573,80
0.251494,999,3306,3
0.122915,2974,205792,69
0.152603,8499,1012948,119
0.225334,15000,1402556,93
0.190773,999,13464,13
0.274131,185,676,3
0.199818,60,87,1
0.11651,240,612,2
0.298728,98,218,2
0.145516,451,2110,4
0.257261,563,5215,9
0.245659,70,128,1
0.065705,91,103,1
0.258672,15000,417159,27
0.20558,72,92,1
0.296948,101,134,1
0.172519,15000,891581,59
0.094479,1107,45077,40
0.207741,109,110,1
0.16257,91,101,1
0.050816,82,110,1
0.179683,15000,847453,56
0.188446,1163,13092,11
0.185169,6767,309139,45
0.371937,2999,93250,31
0.319952,107,1839,17
0.39251,2492,93547,37
0.352995,6277,289257,46
0.391062,98,160,1
0.149908,263,367,1
0.349083,92,97,1
0.245997,981,29670,30
0.143926,9181,412140,44
0.202763,1602,70789,44
0.355256,92,106,1
0.121128,81,89,1
0.12822,280,352,1
0.239989,155,160,1
0.286989,15000,1225622,81
0.254737,100,152,1
0.16283,46,49,1
0.06393,6881,250374,36
0.209193,85,136,1
0.282012,15000,426937,28
0.112813,1334,79829,59
0.367367,102,109,1
0.100202,138,148,1
0.347866,15000,1082677,72
0.180437,1216,17504,14
0.070637,89,106,1
0.119537,279,1876,6
0.219095,146,281,1
0.342356,15000,449941,29
0.264204,1115,10531,9
0.13089,318,6895,21
0.112686,9003,781032,86
0.162033,62,580,9
0.134442,1123,51053,45
0.29278,118,137,1
0.321198,15000,791945,52
0.263888,1343,9402,7
0.323653,2969,76035,25
0.133888,85,95,1
0.270473,3841,98700,25
0.08506,91,106,1
0.387812,243,446,1
0.061418,499,4400,8
0.238389,15000,556512,37
0.389961,1026,6238,6
0.311539,104,155,1
0.339713,87,100,1
0.185925,135,153,1
0.05994,716,23642,33
0.363053,101,118,1
0.131515,234,306,1
0.129971,375,3365,8
0.083515,66,252,3
0.061061,317,595,1
0.331019,101,104,1
0.295922,107,111,1
0.331334,15000,504332,33
0.179004,1324,54603,41
0.06524,99,108,1
0.12348,155,237,1
0.221383,100,160,1
0.179913,15000,561317,37
0.193429,118,152,1
0.186413,154,168,1
0.309238,15000,589021,39
0.218702,1199,37487,31
0.289204,15000,1379697,91
0.139717,163,254,1
0.3058,124,153,1
0.245762,247,293,1
0.351143,489,1277,2
0.234045,15000,599251,39
0.127552,6187,464799,75
0.266329,864,14245,16
0.080263,213,465,2
0.247744,98,163,1
0.1943,15000,697000,46
0.311032,1170,43373,37
0.321669,6136,338781,55
0.172241,251,1429,5
0.325675,15000,695658,46
0.332454,999,22401,22
0.202365,123,158,1
0.133661,283,1255,4
0.329411,15000,730479,48
0.215389,1870,82097,43
0.366086,15000,613394,40
0.205232,109,205,1
0.359261,440,11907,27
0.331338,4987,191091,38
0.320421,234,319,1
0.277198,178,217,1
0.305267,908,7797,8
0.365654,2086,29083,13
0.312299,4999,203591,40
0.121627,247,348,1
0.15354,94,108,1
0.343444,8795,708317,80
0.314151,15000,627250,41
0.131922,1392,61153,43
0.129346,100,104,1
0.252396,330,755,2
0.378466,15000,827081,55
0.375263,999,12214,12
0.331605,271,452,1
0.184959,316,1012,3
0.130355,6277,293575,46
0.306844,15000,448153,29
0.161714,1134,26839,23
0.322145,104,105,1
0.159304,74,87,1
0.177262,106,107,1
0.225544,15000,1063528,70
0.283379,999,29456,29
0.198843,3839,192972,50
0.131057,78,82,1
0.246072,92,100,1
0.101863,499,22772,45
0.110807,2417,205695,85
0.389892,89,148,1
0.174996,8152,946386,116
0.32212,15000,1215888,81
0.205916,999,6758,6
0.17629,4748,293313,61
0.383207,89,92,1
0.150284,103,111,1
0.258505,261,1926,7
0.067784,1265,103456,81
0.246105,410,1824,4
0.139847,4999,355180,71
0.15285,129,311,2
0.265911,15000,1112762,74
0.097572,105,112,1
0.185419,154,336,2
0.064511,99,101,1
0.284818,15000,1000165,66
0.057989,1559,89106,57
0.335703,6499,231448,35
0.232883,84,93,1
0.285296,71,91,1
0.130039,71,567,7
0.129722,1958,69967,35
0.297286,1165,13685,11
0.063353,71,104,1
0.253713,98,135,1
0.277683,15000,461823,30
0.299214,999,19938,19
0.330948,114,209,1
0.361371,610,7039,11
0.395901,306,1073,3
0.208465,15000,655418,43
0.237387,71,86,1
0.198028,7102,302192,42
0.056443,1505,53557,35
0.34867,15000,467675,31
0.054509,1942,150631,77
0.278765,137,151,1
0.22017,90,111,1
0.094883,7218,766529,106
0.167936,15000,907738,60
0.383174,1117,23273,20
0.190887,2229,191468,85
0.164146,79,84,1
0.111534,396,1545,3
0.304494,86,92,1
0.173481,15000,1145558,76
0.187021,1999,54346,27
0.35436,79,95,1
0.351806,55,64,1
0.099498,115,528,4
0.076602,8155,609538,74
0.157969,15000,721894,48
0.351597,999,17192,17
0.102846,2093,104223,49
0.133288,536,18257,34
0.301346,15000,735821,49
0.203343,999,18581,18
0.216097,2169,57181,26
0.114025,114,135,1
0.224731,6274,496502,79
0.374565,92,169,1
0.331467,15000,1007189,67
0.349344,1131,33108,29
0.112513,183,328,1
0.21224,90,113,1
0.316367,120,251,2
0.050943,861,6990,8
0.302776,78,80,1
0.058272,3542,267975,75
0.122546,240,890,3
0.199333,91,93,1
0.090298,8742,646087,73
0.331784,7641,527898,69
0.082277,88,110,1
0.054934,3696,299230,80
0.134532,99,100,1
0.318467,8703,728494,83
0.250846,127,142,1
0.135655,86,107,1
0.330451,137,192,1
0.351068,71,93,1
0.11457,105,340,3
0.274526,15000,1029426,68
0.269495,2039,49821,24
0.169214,3452,107542,31
0.318597,2442,83454,34
0.050018,8889,306538,34
0.057423,148,660,4
0.122153,111,117,1
0.247961,15000,382454,25
0.193979,999,23268,23
0.208984,88,89,1
0.218541,93,109,1
0.106819,351,2096,5
0.187391,15000,398303,26
0.142868,1086,16920,15
0.249891,173,211,1
0.237922,5691,307401,54
0.363717,15000,589930,39
0.287423,999,3723,3
0.245711,57,58,1
0.248379,94,109,1
0.069012,335,2049,6
0.11642,15000,645538,43
0.067703,1195,74127,62
0.198348,313,4115,13
0.279349,109,114,1
0.167727,15000,872909,58
0.177702,1103,32598,29
0.376794,3017,58016,19
0.250045,83,112,1
0.050289,7185,436151,60
0.283662,108,254,2
0.331921,15000,657760,43
0.358483,1211,35852,29
0.250967,176,207,1
0.281928,107,108,1
0.333169,107,109,1
0.276765,139,308,2
0.319036,110,111,1
0.140614,9455,986447,104
0.082135,499,18709,37
0.371939,1499,35840,23
0.153779,103,110,1
0.099512,201,273,1
0.301736,15000,744941,49
0.055986,2499,257443,103
0.373487,94,143,1
0.183777,157,174,1
0.221163,90,150,1
0.218647,15000,1026719,68
0.195278,119,141,1
0.261766,130,236,1
0.233296,351,1637,4
0.304876,451,4273,9
0.291013,302,4513,14
0.20264,135,142,1
0.250185,239,576,2
0.270406,96,99,1
0.391366,86,90,1
0.372094,15000,671803,44
0.063763,1517,92596,61
0.07112,96,111,1
0.235519,238,699,2
0.214635,106,191,1
0.374538,416,8744,21
0.225415,2482,168051,67
0.060851,98,108,1
0.165606,96,105,1
0.324535,15000,1209197,80
0.225041,1147,10300,8
0.231777,62,170,2
0.379541,114,118,1
0.193747,4859,274293,56
0.095264,1732,89351,51
0.300446,15000,698050,46
0.066547,1784,141238,79
0.058204,85,142,1
0.056441,72,94,1
0.210311,362,1784,4
0.051022,380,10941,28
0.245461,146,276,1
0.245559,334,1805,5
0.341481,99,109,1
0.199325,74,108,1
0.31836,1,2,2
0.249518,1466,35192,24
0.2155,118,171,1
0.232709,370,1640,4
0.178512,15000,704869,46
0.298443,88,106,1
0.385627,81,88,1
0.179917,173,510,2
0.135752,8297,400904,48
0.386659,15000,502319,33
0.185856,1250,110243,88
0.269621,59,61,1
0.209278,68,86,1
0.104495,4951,372254,75
0.088017,54,67,1
0.246469,15000,942159,62
0.26165,1701,46549,27
0.206079,94,263,2
0.14017,7501,391251,52
0.210692,301,2194,7
0.278693,392,1489,3
0.327436,15000,503141,33
0.217583,97,99,1
0.300157,609,3854,6
0.053367,5146,172101,33
0.059896,904,26507,29
0.197724,2640,58334,22
0.272118,95,109,1
0.329774,83,91,1
0.377196,15000,456491,30
0.213382,313,816,2
0.108077,94,103,1
0.310577,129,196,1
0.193062,85,791,9
0.305041,1098,18284,16
0.06699,175,212,1
0.330961,126,141,1
0.203129,128,159,1
0.220072,96,97,1
0.251817,745,11030,14
0.390107,105,111,1
0.180423,339,1683,4
0.286302,101,172,1
0.12453,416,9687,23
0.259145,15000,1031534,68
0.13536,85,90,1
0.399257,253,412,1
0.100769,7945,519629,65
0.09934,103,127,1
0.312756,60,447,7
0.144673,1093,24992,22
0.323372,2095,60820,29
0.378519,174,205,1
0.357019,296,1545,5
0.335346,15000,963204,64
0.09468,1232,79321,64
0.076797,88,105,1
0.056558,89,106,1
0.232471,15000,915605,61
0.064325,1012,37844,37
0.239899,135,157,1
0.139228,263,518,1
0.307079,866,6094,7
0.117425,83,97,1
0.332741,844,13361,15
0.085418,2309,105049,45
0.064455,81,95,1
0.328404,94,106,1
0.193851,15000,698458,46
0.131746,2398,199638,83
0.340396,95,143,1
0.195284,7288,695776,95
0.266118,15000,838158,55
0.119934,1851,113374,61
0.166912,94,105,1
0.352838,5951,367311,61
0.103028,42,45,1
0.229031,15000,877845,58
0.189458,1951,82629,42
0.296422,911,6571,7
0.224031,7175,444938,62
0.378723,15000,590103,39
0.304589,2672,96182,35
0.176087,3693,266000,72
0.307822,75,92,1
0.158863,6801,703963,103
0.254303,1191,3693,3
0.30222,15000,1138346,75
0.132783,1089,12822,11
0.1229,2431,147459,60
0.098533,585,17406,29
0.121417,99,111,1
0.307662,15000,741550,49
0.066197,1060,48703,45
0.385119,42,47,1
0.10011,6451,171273,26
0.14723,121,147,1
0.284892,15000,359903,23
0.356989,89,97,1
0.313122,6951,321110,46
0.317529,15000,517265,34
0.050781,2594,112103,43
0.314805,97,205,2
0.294287,268,939,3
0.293305,99,100,1
0.195249,15000,527786,35
0.190413,1365,110677,81
0.236146,106,164,1
0.318132,76,81,1
0.131758,8620,925130,107
0.348759,15000,1037278,69
0.307555,1053,13015,12
0.235583,81,96,1
0.233037,79,95,1
0.340362,44,51,1
0.338296,15000,1150544,76
0.247891,1115,28772,25
0.136191,3809,270263,70
0.284205,98,100,1
0.213296,258,349,1
0.200635,15000,992567,66
0.164775,2801,67118,23
0.316714,256,552,2
0.289503,1091,41440,37
0.307753,164,1828,11
0.265802,1422,31230,21
0.174914,3494,247568,70
0.308474,15000,1243444,82
0.208136,1037,11863,11
0.116675,72,94,1
0.399924,117,183,1
0.361157,154,334,2
0.103985,451,7428,16
0.070785,1868,76335,40
0.292849,84,91,1
0.135316,86,100,1
0.170162,101,104,1
0.122216,132,155,1
0.193878,15000,403010,26
0.316178,1067,20205,18
0.379129,83,102,1
0.392789,265,344,1
0.165302,7019,592530,84
0.24594,15000,920577,61
0.312775,1736,74958,43
0.209841,4219,409740,97
0.355574,727,2063,2
0.317712,351,1189,3
0.328675,15000,1177433,78
0.066939,88,98,1
0.073104,115,116,1
0.23367,88,100,1
0.180551,335,2293,6
0.360611,93,100,1
0.291004,9504,662045,69
0.202091,723,13396,18
0.182885,2558,60386,23
0.261927,108,153,1
0.219298,7558,303216,40
0.315643,15000,478981,31
0.191458,1534,27043,17
0.110507,2809,227307,80
0.280518,86,102,1
0.088706,257,474,1
0.178749,93,100,1
0.294874,451,10010,22
0.053357,88,102,1
0.15306,91,107,1
0.264748,264,700,2
0.28449,90,145,1
0.053594,1261,25328,20
0.348282,15000,561305,37
0.162514,1621,166255,102
0.297611,268,991,3
0.262895,15000,1117318,74
0.284671,1072,28388,26
0.188757,92,141,1
0.287719,129,156,1
0.166964,78,90,1
0.184513,468,1861,3
0.216662,15000,819663,54
0.166927,1125,16003,14
0.125577,2326,97758,42
0.095989,86,96,1
0.109734,88,102,1
0.072249,831,5514,6
0.260203,15000,590008,39
0.228329,1843,26767,14
0.287797,94,112,1
0.100721,49,51,1
0.365797,15000,715625,47
0.131125,1160,41281,35
0.264031,54,58,1
0.252542,82,87,1
0.392427,126,138,1
0.061185,7554,703193,93
0.336227,15000,1091137,72
0.266927,62,143,2
0.303453,1991,122083,61
0.206252,2127,132877,62
0.325978,452,1171,2
0.205885,501,9220,18
0.266357,1724,79121,45
0.339885,4339,130448,30
0.374107,335,919,2
0.276977,7744,685765,88
0.171349,91,99,1
0.257926,1144,56538,49
0.280168,204,350,1
0.3216,15000,925547,61
0.084442,87,88,1
0.346622,214,613,2
0.110735,86,87,1
0.134501,96,100,1
0.173023,255,395,1
0.384985,264,1504,5
0.172755,6965,446109,64
0.269906,15000,672881,44
0.1046,303,850,2
0.262809,77,84,1
0.086744,96,142,1
0.321887,15000,480050,32
0.310451,1026,19734,19
0.357047,2109,84145,39
0.21893,361,983,2
0.259008,268,13747,51
0.242809,15000,1087617,72
0.276534,156,190,1
0.208103,4990,338578,67
0.240501,88,89,1
0.352246,15000,864926,57
0.233374,1320,19111,14
0.391535,80,100,1
0.268189,178,207,1
0.125282,8820,966840,109
0.2039,140,172,1
0.274244,1063,13900,13
0.284917,2868,104314,36
0.25728,83,106,1
0.11058,93,99,1
0.227788,15000,748656,49
0.226601,1340,16281,12
0.104015,499,3282,6
0.080382,294,5928,20
0.188766,741,13767,18
0.112385,15000,1382078,92
0.322412,313,462,1
0.318426,98,161,1
0.297833,98,143,1
0.060481,107,112,1
0.086186,72,101,1
0.094401,7820,496843,63
0.174931,15000,731811,48
0.155834,1586,107369,67
0.224107,100,198,1
0.196317,4612,490423,106
0.183582,89,90,1
0.130322,98,103,1
0.074942,184,456,2
0.248728,64,420,6
0.309358,1560,45653,29
0.166188,4320,164176,38
0.145887,112,139,1
0.31456,131,166,1
0.277702,15000,735820,49
0.360803,1064,9472,8
0.192922,2958,104058,35
0.177901,102,198,1
0.19467,15000,782696,52
0.254924,1003,17635,17
0.237198,3320,193190,58
0.099981,87,104,1
0.325795,8820,538691,61
0.220965,373,1289,3
0.102555,1799,28783,15
0.313622,59,62,1
0.391645,102,144,1
0.368516,90,91,1
0.271536,15000,413544,27
0.124163,1314,26304,20
0.181723,2844,96375,33
0.100767,94,99,1
0.281198,8767,491802,56
0.34771,15000,543064,36
0.296938,159,192,1
0.124331,189,457,2
0.1514,15000,1163905,77
0.197496,1022,27506,26
0.167523,93,105,1
0.195182,7377,620100,84
0.158111,93,94,1
0.320815,15000,908506,60
0.106488,1130,63570,56
0.13819,103,109,1
0.059308,77,233,3
0.175056,319,832,2
0.069833,686,8591,12
0.076004,66,70,1
0.296577,15000,861983,57
0.15704,1413,55164,39
0.374802,92,98,1
0.330065,163,196,1
0.357589,174,238,1
0.385264,128,361,2
0.087562,88,97,1
0.303037,1092,27827,25
0.163984,2463,88292,35
0.3599,112,116,1
0.162367,15000,1302855,86
0.269878,1963,19199,9
0.065551,3449,142918,41
0.06023,933,11459,12
0.375709,168,294,1
0.329982,7963,377267,47
0.06507,109,110,1
0.179136,2542,61811,24
0.161368,932,35952,38
0.120643,136,231,1
0.385229,99,102,1
0.089147,95,98,1
0.256679,8627,678305,78
0.14499,681,11236,16
0.271872,93,94,1
0.105854,499,1288,2
0.263312,87,92,1
0.217342,15000,773241,51
0.204133,1899,54071,28
0.2785,4450,165008,37
0.138889,98,105,1
0.12992,142,250,1
0.183308,4936,436438,88
0.26762,6050,495595,81
0.237003,89,104,1
0.284866,210,409,1
0.195489,688,20894,30
0.162831,237,348,1
0.100398,2374,178749,75
0.349803,15000,829542,55
0.306305,1167,22388,19
0.177871,74,87,1
0.101018,108,134,1
0.392477,69,83,1
0.221786,15000,424515,28
0.102666,1082,88650,81
0.216926,125,164,1
0.090572,5937,674476,113
0.149387,603,2318,3
0.311438,15000,1320491,88
0.167983,1575,88831,56
0.209305,87,94,1
0.159394,598,11963,20
0.299195,101,112,1
0.330928,15000,1217218,81
0.240787,1022,20543,20
0.309623,148,300,2
0.206235,6522,785270,120
0.17497,90,94,1
0.263491,15000,1419066,94
0.112751,79,101,1
0.124804,443,7582,17
0.135958,110,131,1
0.347367,15000,835417,55
0.340348,134,162,1
0.31794,15000,1192888,79
0.274675,4522,326884,72
0.220791,499,937,1
0.149722,82,103,1
0.196951,15000,760090,50
0.097822,107,161,1
0.29524,334,950,2
0.345305,930,3609,3
0.173609,1530,35430,23
0.369379,15000,694798,46
0.143414,128,149,1
0.331182,102,172,1
0.158621,70,85,1
0.204079,354,4249,12
0.197478,6382,671907,105
0.304026,15000,1307998,87
0.323574,1227,20685,16
0.150533,103,109,1
0.149121,131,257,1
0.26872,15000,764226,50
0.387597,1022,16111,15
0.290348,213,492,2
0.265058,5217,285425,54
0.299132,307,3392,11
0.336071,522,1383,2
0.292575,229,316,1
0.192363,8321,575327,69
0.268894,15000,715279,47
0.277153,1378,15243,11
0.267811,111,113,1
0.295997,86,91,1
0.121807,5273,467699,88
0.361464,100,129,1
0.337664,15000,945140,63
0.378718,95,187,1
0.070566,755,7214,9
0.333502,6522,506124,77
0.101821,223,338,1
0.285372,87,97,1
0.351723,15000,729174,48
0.130108,2333,276071,118
0.291553,458,1342,2
0.200591,5757,688208,119
0.117328,89,94,1
0.33435,9727,780559,80
0.286753,6842,687875,100
0.255758,74,180,2
0.363728,139,452,3
0.054946,108,110,1
0.195176,4501,180768,40
0.227797,1786,15693,8
0.287601,15000,409112,27
0.34929,182,447,2
0.302739,132,171,1
0.146925,6049,408026,67
0.265841,93,100,1
0.21968,15000,688687,45
0.314347,311,811,2
0.081148,132,157,1
0.169036,15000,1032441,68
0.38183,1168,14519,12
0.284455,206,334,1
0.347014,318,799,2
0.270356,15000,564034,37
0.310042,7501,600323,80
0.316009,54,59,1
0.397593,15000,815998,54
0.069739,384,1187,3
0.105185,98,103,1
0.339207,15000,1566889,104
0.132478,1377,37084,26
0.15793,4790,410293,85
0.054238,499,5158,10
0.087208,706,21986,31
0.139212,15000,844354,56
0.172409,1560,107438,68
0.082674,5177,375647,72
0.355646,179,684,3
0.334799,15000,898535,59
0.175208,77,85,1
0.325462,15000,610489,40
0.308448,163,172,1
0.295821,810,6769,8
0.170789,806,36703,45
0.14905,354,650,1
0.298565,1,2,2
0.229346,1086,39399,36
0.124362,137,156,1
0.221473,2038,150826,74
0.345013,127,164,1
0.332685,793,8804,11
0.094434,86,99,1
0.389054,156,310,1
0.283332,86,95,1
0.342078,103,213,2
0.220812,6295,522695,83
0.271523,15000,667675,44
0.115586,88,136,1
0.27393,344,1098,3
0.057843,97,105,1
0.139694,45,81,1
0.066637,7501,435489,58
0.078721,95,113,1
0.353991,107,156,1
0.252637,142,1523,10
0.175172,1243,23598,18
0.259287,363,464,1
0.084174,290,312,1
0.092704,147,161,1
0.315434,499,6813,13
0.197582,140,257,1
0.100221,15000,348965,23
0.068378,1919,123859,64
0.285466,386,967,2
0.397164,89,91,1
0.222708,8867,1087681,122
0.241983,15000,1157141,77
0.065632,1095,60424,55
0.245736,5522,439096,79
0.39906,411,2022,4
0.262709,88,103,1
0.35403,106,981,9
0.165128,1275,17301,13
0.088841,2555,266397,104
0.13863,378,928,2
0.151409,8243,974429,118
0.277181,15000,1185422,79
0.289499,1743,8386,4
0.391861,91,138,1
0.078706,127,150,1
0.259105,9129,576557,63
0.293794,97,98,1
0.211365,15000,641889,42
0.064519,1316,78946,59
0.183296,146,274,1
0.230344,860,26372,30
0.060423,111,115,1
0.242972,15000,1109863,73
0.240812,1159,20902,18
0.387009,83,110,1
0.120608,93,107,1
0.381087,106,108,1
0.075621,7561,393659,52
0.163639,106,109,1
0.391524,219,1595,7
0.189154,2150,88993,41
0.296371,3897,141075,36
0.16131,5549,405888,73
0.225804,123,143,1
0.274041,15000,832328,55
0.191074,2383,128271,53
0.294109,93,106,1
0.362964,570,6954,12
0.375285,303,2774,9
0.099752,9824,868494,88
0.1522,1063,18583,17
0.051326,111,143,1
0.084216,457,8151,17
0.200862,1143,15405,13
0.209291,160,250,1
0.135428,8471,596299,70
0.099222,15000,707168,47
0.06191,1341,50343,37
0.389621,15000,898149,59
0.216202,1080,19478,18
0.346894,730,2966,4
0.267279,1002,12797,12
0.050826,2229,156424,70
0.318631,65,98,1
0.232067,180,202,1
0.074906,286,838,2
0.18383,15000,975957,65
0.173583,1499,81883,54
0.131979,102,109,1
0.328798,101,154,1
0.054436,815,30238,37
0.220409,80,89,1
0.131953,70,99,1
0.322509,15000,1078688,71
0.06717,1416,34861,24
0.388568,86,103,1
0.088383,89,108,1
0.168932,1344,8513,6
0.228233,88,98,1
0.357246,15000,458601,30
0.181255,268,495,1
0.11092,2702,132354,48
0.144337,96,111,1
0.068926,7247,383538,52
0.249981,15000,566987,37
0.186218,2290,65840,28
0.149628,202,318,1
0.291661,344,806,2
0.135513,82,99,1
0.135288,15000,891557,59
0.264567,4911,262850,53
0.234914,195,668,3
0.312818,15000,535928,35
0.34444,1242,26819,21
0.368159,160,247,1
0.238573,121,153,1
0.127725,135,148,1
0.276761,15000,723240,48
0.158563,1082,5901,5
0.188429,95,97,1
0.248112,515,2668,5
0.065474,452,2967,6
0.166762,15000,594700,39
0.089557,209,723,3
0.381477,189,267,1
0.094133,85,89,1
0.051644,85,98,1
0.103489,489,5741,11
0.353492,519,2358,4
0.243344,290,6838,23
0.107806,2290,134992,58
0.227557,95,96,1
0.28683,5952,357914,60
0.161332,155,222,1
0.309352,15000,645275,43
0.129697,114,221,1
0.269912,6790,311951,45
0.124089,84,99,1
0.131995,15000,464072,30
0.187472,1125,13195,11
0.078497,102,161,1
0.162365,463,9839,21
0.222523,15000,997793,66
0.268453,1029,25640,24
0.251053,452,1684,3
0.080164,197,238,1
0.274046,6754,717378,106
0.35504,87,92,1
0.343505,15000,1177345,78
0.148667,1290,40771,31
0.203011,111,141,1
0.221833,97,154,1
0.185527,101,112,1
0.293782,94,99,1
0.325858,15000,947296,63
0.190482,1332,36249,27
0.212569,165,207,1
0.278095,125,157,1
0.319525,114,143,1
0.151127,90,138,1
0.116552,94,96,1
0.382576,655,12269,18
0.374549,123,126,1
0.234679,44,83,1
0.225676,150,199,1
0.310429,67,68,1
0.05678,8001,1030002,128
0.204517,83,124,1
0.330365,552,22687,41
0.362452,657,9923,15
0.083413,113,142,1
0.241125,15000,1396492,93
0.154945,241,629,2
0.072333,6452,355409,55
0.133816,1892,113122,59
0.293194,15000,647313,43
0.139049,192,880,4
0.139585,281,419,1
0.305379,362,1652,4
0.084605,663,5805,8
0.346442,15000,708330,47
0.234507,94,117,1
0.270465,82,96,1
0.100925,99,100,1
0.188752,92,112,1
0.06667,96,105,1
0.313551,15000,657920,43
0.205848,1001,27721,27
0.053118,2757,349993,126
0.270076,180,244,1
0.098224,131,157,1
0.339836,142,178,1
0.140522,142,198,1
0.161537,324,1313,4
0.251218,584,2818,4
0.352809,15000,461489,30
0.055976,445,1620,3
0.239074,84,95,1
0.073123,108,256,2
0.237357,159,474,2
0.147883,175,280,1
0.373079,1189,27567,23
0.282459,93,97,1
0.392609,329,482,1
0.167188,9246,755494,81
0.27097,91,95,1
0.332115,6279,437688,69
0.163785,146,153,1
0.146581,61,73,1
0.131987,97,155,1
0.202693,144,182,1
0.242817,408,4524,11
0.306917,15000,693965,46
0.249497,1275,54598,42
0.204762,94,100,1
0.138314,2295,213461,93
0.132892,87,160,1
0.382152,84,92,1
0.222244,15000,1293912,86
0.337534,1150,14448,12
0.138129,2207,100390,45
0.151164,3650,279257,76
0.055725,76,100,1
0.174419,6442,680518,105
0.074721,113,144,1
0.306658,15000,1189690,79
0.156937,100,104,1
0.05743,170,439,2
0.05069,5798,306255,52
0.102051,80,143,1
0.300961,15000,724794,48
0.189864,1150,56067,48
0.159215,6403,474797,74
0.084534,246,1140,4
0.261135,113,116,1
0.260726,58,512,8
0.07315,2710,119074,43
0.224984,427,1583,3
0.143241,62,107,1
0.205667,248,319,1
0.182639,1465,36566,24
0.348951,730,3348,4
0.392873,15000,872302,58
0.302668,1650,35472,21
0.197072,97,98,1
0.140913,187,221,1
0.173481,6387,345095,54
0.16415,83,92,1
0.255086,438,2936,6
0.08294,145,1345,9
0.283426,2150,42960,19
0.168419,42,49,1
0.107942,6825,793656,116
0.358086,100,106,1
0.273056,15000,1087016,72
0.304281,1150,18501,16
0.123639,84,88,1
0.399402,109,153,1
0.336686,2235,37216,16
0.152309,187,202,1
0.34989,1150,40015,34
0.317412,80,102,1
0.213064,94,107,1
0.131443,285,1971,6
0.392015,15000,907766,60
0.333486,1650,35550,21
0.074005,993,32420,32
0.172528,95,99,1
0.333007,15000,1039354,69
0.069605,1486,59404,39
0.063218,84,143,1
0.293905,131,298,2
0.124711,132,171,1
0.116108,7982,484762,60
0.061806,61,96,1
0.209192,1823,120109,65
0.062431,2918,215718,73
0.33653,105,117,1
0.256377,15000,698215,46
0.302037,1217,28605,23
0.224221,103,107,1
0.109254,396,594,1
0.060069,95,151,1
0.319025,15000,846648,56
0.329966,999,12113,12
0.215782,248,629,2
0.109429,499,4424,8
0.397606,159,214,1
0.318959,236,428,1
0.064657,8193,725882,88
0.263834,15000,1028969,68
0.354377,1337,24405,18
0.385227,4499,183961,40
0.342692,109,123,1
0.065766,95,105,1
0.278559,15000,691990,46
0.136331,294,502,1
0.268886,109,110,1
0.339774,88,90,1
0.332485,15000,495559,33
0.270952,999,34928,34
0.119941,78,99,1
0.323136,7961,548441,68
0.298733,15000,939418,62
0.303198,999,28322,28
0.290854,2999,42121,14
0.309754,93,141,1
0.083377,309,733,2
0.095779,9499,919520,96
0.398365,499,9657,19
0.292876,1838,49123,26
0.298162,103,124,1
0.165683,5999,648112,108
0.240008,15000,1070562,71
0.378104,1157,18450,15
0.339883,7744,771849,99
0.321829,15000,1099324,73
0.333355,999,8733,8
0.113062,73,84,1
0.275764,346,1442,4
0.230469,128,288,2
0.089962,8389,343164,40
0.267164,168,193,1
0.258277,499,7869,15
0.161332,1499,25597,17
0.057462,87,139,1
0.271387,621,1051,1
0.199101,15000,495285,33
0.261873,1498,33840,22
0.11497,233,400,1
0.215643,181,263,1
0.27386,15000,492035,32
0.203891,165,339,2
0.236431,301,711,2
0.302206,15000,613014,40
0.313347,1314,47679,36
0.250197,49,54,1
0.16934,126,266,2
0.203659,15000,1115696,74
0.175252,1232,21296,17
0.200979,7049,433679,61
0.107547,340,539,1
0.139828,160,577,3
0.251244,15000,733295,48
0.181757,999,10033,10
0.051484,3187,91465,28
0.196727,179,217,1
0.192975,99,103,1
0.243845,304,449,1
0.061968,9509,438242,46
0.059314,1627,189533,116
0.335249,3249,91618,28
0.242168,226,410,1
0.111971,96,98,1
0.296226,334,938,2
0.221764,15000,1311462,87
0.252442,1953,65754,33
0.397047,132,149,1
0.141737,88,316,3
0.203358,6694,687404,102
0.38675,15000,1156235,77
0.254133,63,91,1
0.209299,84,96,1
0.345252,114,199,1
0.276492,15000,526217,35
0.064132,1012,33232,32
0.060695,2429,111819,46
0.068,86,92,1
0.327509,61,92,1
0.313384,109,159,1
0.394352,87,89,1
0.245542,117,152,1
0.071507,177,1774,10
0.321487,111,118,1
0.308117,93,97,1
0.140877,107,161,1
0.306719,15000,462625,30
0.227231,1119,25049,22
0.159129,2253,107812,47
0.066598,93,96,1
0.096428,450,536,1
0.204418,221,305,1
0.080042,238,356,1
0.387652,94,422,4
0.304475,1154,50169,43
0.294354,5139,451310,87
0.359619,2499,141183,56
0.251444,242,909,3
0.176978,2791,273161,97
0.266321,96,161,1
0.188009,81,97,1
0.251222,8410,1164794,138
0.326704,15000,1248959,83
0.051726,1944,100500,51
0.159867,84,99,1
0.23509,88,98,1
0.289671,7501,546134,72
0.054544,195,421,2
0.157524,15000,842501,56
0.239983,202,317,1
0.390686,83,134,1
0.091813,198,241,1
0.197736,8760,713044,81
0.229955,15000,860108,57
0.366635,1048,28129,26
0.238724,79,85,1
0.219053,135,220,1
0.313465,15000,1206474,80
0.051268,70,93,1
0.359312,95,102,1
0.073508,98,105,1
0.100218,8827,839987,95
0.377326,15000,980538,65
0.283386,53,67,1
0.264629,306,399,1
0.288204,96,105,1
0.170568,15000,467401,31
0.160617,270,557,2
0.105815,944,30944,32
0.127845,378,3430,9
0.202224,90,134,1
0.295514,1001,25450,25
0.212263,89,150,1
0.274456,147,674,4
0.150367,80,92,1
0.118418,618,6245,10
0.117328,402,567,1
0.206204,479,2366,4
0.350262,129,145,1
0.20423,8865,361310,40
0.057567,1884,69745,37
0.174713,15000,447975,29
0.275722,784,4096,5
0.234945,90,93,1
0.254022,84,147,1
0.071786,6362,289337,45
0.224236,15000,484495,32
0.080567,1131,65262,57
0.154229,153,190,1
0.302081,15000,931667,62
0.161615,1648,55786,33
0.269968,232,283,1
0.309923,137,249,1
0.260711,6007,482586,80
0.302757,269,322,1
0.078482,397,4558,11
0.381648,131,504,3
0.37461,362,6110,16
0.220884,1413,38060,26
0.394899,105,111,1
0.093828,205,283,1
0.155274,294,2291,7
0.311596,390,1217,3
0.066241,165,190,1
0.094441,993,27143,27
0.25675,145,176,1
0.205935,5687,259946,45
0.342542,134,259,1
0.245412,451,3999,8
0.292426,107,185,1
0.263741,1093,15555,14
0.187455,7192,608222,84
0.223344,15000,888853,59
0.297438,1106,14399,13
0.178441,712,2557,3
0.361716,396,633,1
0.100138,8118,515923,63
0.266153,106,115,1
0.254522,6465,467891,72
0.398654,15000,733101,48
0.29778,2019,47494,23
0.185929,72,91,1
0.341459,159,170,1
0.306425,6844,322442,47
0.311245,92,145,1
0.140004,117,185,1
0.181662,84,95,1
0.127546,164,170,1
0.356753,7236,391658,54
0.341753,15000,569372,37
0.057277,1056,34206,32
0.263381,7999,327552,40
0.144943,15000,379001,25
0.157597,999,33168,33
0.176253,212,333,1
0.115286,123,146,1
0.145546,215,484,2
0.22403,494,1476,2
0.243634,15000,1066057,71
0.126503,1107,73113,66
0.328702,99,106,1
0.27412,79,89,1
0.055902,15000,849113,56
0.190162,999,11747,11
0.304614,91,106,1
0.262545,378,983,2
0.239372,370,1428,3
0.087092,8747,980922,112
0.28572,15000,1127298,75
0.232347,1616,52358,32
0.127281,103,113,1
0.280553,945,17693,18
0.066858,7477,547481,73
0.199586,15000,731590,48
0.283723,999,15549,15
0.251023,102,106,1
0.258603,57,68,1
0.251042,309,4624,14
0.193559,1757,65138,37
0.072748,64,95,1
0.234576,130,255,1
0.226958,442,606,1
0.272441,131,157,1
0.330111,15000,970585,64
0.323562,1541,44684,28
0.210926,2722,262881,96
0.353885,110,171,1
0.345853,6945,751636,108
0.115408,128,167,1
0.321763,15000,1244032,82
0.330141,1104,17695,16
0.386055,499,2076,4
0.39565,110,116,1
0.270728,15000,1017040,67
0.095468,455,20809,45
0.11471,7478,680178,90
0.389619,98,115,1
0.093586,200,420,2
0.291762,15000,908477,60
0.267969,1063,9997,9
0.158522,71,87,1
0.144143,90,181,2
0.054156,61,393,6
0.276451,1283,24005,18
0.075615,300,3509,11
0.110093,303,517,1
0.330894,282,2373,8
0.22858,106,158,1
0.256133,15000,360959,24
0.393216,1818,30494,16
0.072333,583,1040,1
0.086838,101,104,1
0.17214,9593,1054542,109
0.258778,647,16236,25
0.055588,89,102,1
0.383546,64,68,1
0.269521,239,5100,21
0.136199,2740,131869,48
0.286902,109,193,1
0.294214,15000,827098,55
0.06452,1438,50858,35
0.142795,88,98,1
0.059964,88,108,1
0.081919,351,595,1
0.197412,9444,733603,77
0.365204,132,175,1
0.399462,235,660,2
0.23218,98,100,1
0.338161,91,94,1
0.124741,104,119,1
0.116689,115,1584,13
0.265488,1220,26028,21
0.312969,125,143,1
0.347733,106,109,1
0.124408,68,105,1
0.108457,545,6622,12
0.292742,15000,675519,45
0.133109,1156,49506,42
0.148317,153,193,1
0.221249,6113,514920,84
0.172692,15000,866199,57
0.37853,1047,10401,9
0.213217,103,108,1
0.291849,109,143,1
0.237185,397,4164,10
0.213452,229,442,1
0.206447,393,2539,6
0.166987,2318,84965,36
0.09519,155,176,1
0.373429,62,100,1
0.365104,114,157,1
0.377301,129,192,1
0.113184,999,39187,39
0.388982,106,107,1
0.30092,102,141,1
0.184378,91,342,3
0.386159,134,194,1
0.251123,15000,1000859,66
0.12575,1388,29159,21
0.367105,90,93,1
0.335601,90,151,1
0.133623,7215,678052,93
0.318827,15000,1045941,69
0.372534,136,156,1
0.279565,181,995,5
0.130753,15000,638842,42
0.163638,84,89,1
0.111656,171,290,1
0.204768,751,16025,21
0.120352,354,5040,14
0.258704,15000,675765,45
0.225945,1105,22147,20
0.265698,4671,304443,65
0.307749,91,346,3
0.315203,87,94,1
0.200557,134,140,1
0.164492,84,91,1
0.077563,145,1753,12
0.182102,1,2,2
0.351909,103,110,1
0.242484,210,1206,5
0.085224,97,107,1
0.093077,111,114,1
0.329487,15000,1135111,75
0.328214,532,7124,13
0.286831,96,140,1
0.189489,89,90,1
0.170841,6194,575789,92
0.181872,499,2934,5
0.103719,42,54,1
0.261533,15000,855773,57
0.353664,103,114,1
0.391254,95,111,1
0.30692,568,5161,9
0.10486,1603,68368,42
0.088685,432,785,1
0.058608,203,1191,5
0.2176,15000,532378,35
0.185858,1285,18135,14
0.196698,471,3314,7
0.068984,82,98,1
0.385551,91,96,1
0.10389,814,19129,23
0.103765,166,281,1
0.178703,15000,639211,42
0.057385,1407,51784,36
0.295418,102,103,1
0.354833,81,102,1
0.152137,5857,335485,57
0.265037,80,102,1
0.346418,116,179,1
0.166047,4797,268150,55
0.150611,126,146,1
0.369121,4645,232249,49
0.201457,999,6397,6
0.252204,15000,502604,33
0.089806,91,93,1
0.367665,121,130,1
0.280996,132,210,1
0.343678,15000,680730,45
0.066421,1110,39355,35
0.374681,15000,1243214,82
0.229674,1999,77613,38
0.396004,80,109,1
0.343422,106,161,1
0.17175,285,401,1
0.136188,241,357,1
0.239292,553,1495,2
0.270574,104,799,7
0.112333,2661,227160,85
0.197765,130,148,1
0.130765,103,105,1
0.308563,15000,1107243,73
0.134962,999,30491,30
0.328406,85,103,1
0.228901,8057,1003923,124
0.054846,103,106,1
0.289823,999,34499,34
0.188062,201,528,2
0.07363,4499,229241,50
0.185184,250,1180,4
0.054977,87,91,1
0.251653,94,111,1
0.29293,15000,550555,36
0.218137,1547,36301,23
0.057314,123,143,1
0.230884,110,195,1
0.131804,195,472,2
0.08092,8499,356334,41
0.391458,77,91,1
0.362822,69,72,1
0.305031,6103,344016,56
0.156369,286,765,2
0.364465,999,9826,9
0.338824,92,99,1
0.349812,83,85,1
0.077365,35,51,1
0.308113,15000,454889,30
0.371632,1517,50957,33
0.071862,89,99,1
0.364053,49,54,1
0.250493,15000,842452,56
0.179137,653,2541,3
0.399986,73,96,1
0.202933,81,160,1
0.199678,15000,905018,60
0.185341,83,93,1
0.082568,231,359,1
0.233014,1014,14925,14
0.083335,137,292,2
0.152978,459,13585,29
0.357417,91,100,1
0.386534,5855,329632,56
0.326831,513,5333,10
0.226078,15000,671628,44
0.344151,999,11704,11
0.132661,3483,199188,57
0.287585,55,80,1
0.384893,89,107,1
0.113937,499,8382,16
0.248792,15000,930362,62
0.089576,1010,41385,40
0.107918,295,1257,4
0.297725,103,106,1
0.293711,15000,1055340,70
0.224263,1049,17770,16
0.212485,347,751,2
0.106719,71,96,1
0.152103,5768,270452,46
0.253056,106,193,1
0.276201,265,1198,4
0.302792,15000,552423,36
0.066399,1161,34366,29
0.17183,462,986,2
0.333117,15000,499901,33
0.101666,1293,70019,54
0.342991,100,152,1
0.181756,105,202,1
0.25597,8071,541454,67
0.317177,15000,675532,45
0.351867,1007,39674,39
0.125852,102,110,1
0.37255,262,452,1
0.128004,8145,822641,100
0.388679,90,104,1
0.313633,192,2446,12
0.174407,1790,57685,32
0.262713,88,98,1
0.15518,6406,664315,103
0.125819,85,110,1
0.220243,15000,1059770,70
0.27424,1071,38006,35
0.258199,197,547,2
0.191586,6059,416301,68
0.244629,243,639,2
0.348055,521,6012,11
0.300725,361,2887,7
0.127514,7024,530978,75
0.093134,633,28154,44
0.285368,105,151,1
0.120221,5134,321623,62
0.285826,9054,693802,76
0.13138,1096,21627,19
0.21209,101,104,1
0.182926,15000,762736,50
0.155899,93,95,1
0.172159,15000,447276,29
0.251875,1135,22808,20
0.202,227,318,1
0.311029,6879,599489,87
0.23075,1626,19259,11
0.169122,15000,941657,62
0.365469,104,157,1
0.39918,74,96,1
0.383021,86,96,1
0.170295,95,99,1
0.174712,218,678,3
0.307406,505,8292,16
0.147555,182,2548,14
0.399875,109,198,1
0.22711,443,2087,4
0.185382,15000,538165,35
0.351334,1170,19441,16
0.29593,53,66,1
0.266602,8702,390595,44
0.317175,15000,566402,37
0.065031,101,104,1
0.368872,80,87,1
0.330249,124,311,2
0.166505,151,358,2
0.206214,15000,860882,57
0.241407,1056,27524,26
0.34359,89,102,1
0.370254,243,357,1
0.299473,15000,943108,62
0.307449,1321,26606,20
0.084508,681,7128,10
0.165361,86,101,1
0.053091,1521,66281,43
0.099255,5423,363379,67
0.139791,1489,95647,64
0.236021,79,90,1
0.091441,83,89,1
0.223345,102,114,1
0.198767,389,2093,5
0.165794,1499,39076,26
0.3537,92,98,1
0.387634,294,2756,9
0.263988,499,3411,6
0.099835,289,1131,3
0.171951,756,12185,16
0.278831,291,1575,5
0.289086,2447,85423,34
0.107619,94,100,1
0.282912,999,23364,23
0.20834,15000,578609,38
0.215273,1891,55364,29
0.093081,2937,334648,113
0.057886,70,110,1
0.241913,223,720,3
0.254055,131,208,1
0.224462,15000,916156,61
0.298826,1447,40557,28
0.051136,137,165,1
0.298809,7536,716940,95
0.115816,101,110,1
0.388115,67,921,13
0.071742,1166,23083,19
0.297839,2447,92197,37
0.323603,95,147,1
0.198446,351,772,2
0.321313,83,124,1
0.09672,447,19412,43
0.288652,1447,21480,14
0.085172,2874,175665,61
0.277452,107,108,1
0.256371,6844,394840,57
0.307556,15000,755794,50
0.240533,1177,18143,15
0.055206,73,136,1
0.143786,1559,44974,28
0.384512,204,346,1
0.23277,83,92,1
0.204538,91,103,1
0.188175,98,101,1
0.128025,85,90,1
0.11474,15000,1101878,73
0.089686,1061,6512,6
0.052061,2589,63772,24
0.094365,125,143,1
0.241891,5300,149401,28
0.060905,112,159,1
0.18177,90,101,1
0.289913,323,606,1
0.270966,15000,441545,29
0.350494,1198,20952,17
0.315409,8441,1012289,119
0.217584,15000,1115870,74
0.3564,1525,19831,13
0.358038,2552,147433,57
0.323537,15000,1311219,87
0.230917,91,100,1
0.358248,499,2822,5
0.084497,7002,479092,68
0.159583,15000,603316,40
0.076081,1052,26043,24
0.33298,87,92,1
0.25489,157,234,1
0.077766,140,196,1
0.341265,15000,480980,32
0.201047,97,98,1
0.326508,5200,260499,50
0.238247,15000,561796,37
0.13866,1052,11482,10
0.363827,124,176,1
0.369588,129,163,1
0.058677,6214,688334,110
0.339282,15000,972294,64
0.083509,1726,151044,87
0.114857,233,1764,7
0.085693,82,95,1
0.288913,15000,1480878,98
0.202347,1552,40073,25
0.215662,6052,703648,116
0.148242,180,403,2
0.124594,162,720,4
0.215203,107,142,1
0.137824,82,98,1
0.053627,99,102,1
0.230613,555,41192,74
0.116349,75,83,1
0.339549,15000,1347924,89
0.290111,15000,1366338,91
0.132932,1725,101254,58
0.398408,100,105,1
0.106781,1183,103604,87
0.160326,15000,1050043,70
0.294745,1116,15048,13
0.10817,68,74,1
0.124361,102,106,1
0.14085,104,109,1
0.156631,114,192,1
0.277536,932,33396,35
0.195562,6272,360527,57
0.165542,1381,46144,33
0.117291,423,1036,2
0.352053,525,6191,11
0.148498,199,304,1
0.254659,104,129,1
0.278169,761,13684,17
0.202825,74,84,1
0.307502,15000,1331281,88
0.300488,1596,36006,22
0.293612,95,97,1
0.207771,188,269,1
0.231629,236,1891,8
0.106844,109,127,1
0.369163,55,74,1
0.157166,149,200,1
0.183774,7142,384434,53
0.170992,15000,516931,34
0.375421,999,13677,13
0.213394,6211,624697,100
0.053249,85,171,2
0.393473,107,116,1
0.213081,3068,82898,27
0.240559,174,385,2
0.214715,399,6685,16
0.274246,107,110,1
0.260252,342,5802,16
0.063833,1342,64503,48
0.305687,3999,78933,19
0.183355,98,131,1
0.396797,181,1624,8
0.216937,15000,737152,49
0.151192,999,23814,23
0.106381,356,613,1
0.367597,415,750,1
0.191679,183,202,1
0.069022,91,99,1
0.205855,106,108,1
0.352288,83,84,1
0.283245,941,11767,12
0.14492,97,155,1
0.264637,5872,300119,51
0.076205,2683,150634,56
0.079578,221,382,1
0.338397,114,115,1
0.265861,15000,568835,37
0.191307,999,20684,20
0.149938,1999,60834,30
0.230474,72,96,1
0.120481,102,149,1
0.1115,7472,796485,106
0.166527,265,391,1
0.280028,15000,1028438,68
0.358462,1499,31016,20
0.050467,3999,358862,89
0.167913,150,1067,7
0.348311,279,587,2
0.271786,227,561,2
0.203293,499,7422,14
0.386051,1499,17776,11
0.146963,74,97,1
0.070088,79,101,1
0.242329,15000,1286530,85
0.081775,1560,109962,70
0.397176,78,90,1
0.360089,101,111,1
0.224048,236,561,2
0.213555,999,10301,10
0.092483,2365,128976,54
0.071154,175,242,1
0.099333,52,61,1
0.116631,183,313,1
0.129333,499,7018,14
0.050958,1601,67935,42
0.10448,59,78,1
0.117337,292,841,2
0.142284,8499,1036821,121
0.381668,170,194,1
0.120208,62,87,1
0.124615,93,146,1
0.284323,563,11383,20
0.180727,64,590,9
0.168283,1116,17696,15
0.210072,3979,195931,49
0.177043,83,103,1
0.329103,85,90,1
0.087235,145,828,5
0.371216,77,131,1
0.090439,85,97,1
0.316064,106,108,1
0.083593,80,85,1
0.171892,7450,388177,52
0.215799,90,148,1
0.270389,495,4087,8
0.143491,104,105,1
0.148605,94,100,1
0.367351,15000,606188,40
0.208493,1329,67601,50
0.204767,2811,122934,43
0.305948,162,215,1
0.360054,94,97,1
0.271623,9270,867357,93
0.248235,290,5521,19
0.193106,1329,31685,23
0.190232,2485,185042,74
0.393468,97,105,1
0.226795,98,101,1
0.324443,714,25449,35
0.102816,1499,31589,21
0.282327,15000,1085949,72
0.369707,1062,15576,14
0.188943,2329,102215,43
0.205933,413,3134,7
0.194348,107,137,1
0.063184,469,1127,2
0.300405,15000,612097,40
0.056312,2202,155402,70
0.38169,93,107,1
0.25015,112,145,1
0.226744,9329,1038028,111
0.180025,329,12309,37
0.259119,1329,19124,14
0.130892,178,287,1
0.298185,133,142,1
0.314883,83,1253,15
0.163761,1514,36381,24
0.092591,312,6440,20
0.308969,88,99,1
0.221755,15000,1123998,74
0.142763,1829,81425,44
0.103768,83,95,1
0.152661,294,440,1
0.271401,96,457,4
0.062978,220,613,2
0.26945,421,1027,2
0.381408,77,85,1
0.34986,273,1077,3
0.31945,1,2,2
0.292432,1665,60209,36
0.280812,110,111,1
0.163199,6984,373664,53
0.228111,15000,577863,38
0.206398,2501,150852,60
0.117011,7501,742336,98
0.126642,2444,234122,95
0.305046,1501,91938,61
0.156013,65,98,1
0.206583,52,53,1
0.100375,87,92,1
0.233222,369,1310,3
0.309562,139,208,1
0.356046,853,12278,14
0.109872,138,155,1
0.058007,414,800,1
0.117696,7001,573541,81
0.324142,57,58,1
0.345737,15000,839055,55
0.22489,1065,38711,36
0.305879,320,1710,5
0.360634,69,82,1
0.114412,1087,33702,31
0.243052,1099,60629,55
0.058302,941,30567,32
0.305222,15000,611133,40
0.134379,99,101,1
0.378321,97,99,1
0.084278,155,197,1
0.372275,138,161,1
0.27395,93,112,1
0.198201,283,354,1
0.301887,15000,863381,57
0.147538,1142,45480,39
0.106855,2223,94285,42
0.265815,499,944,1
0.313121,331,986,2
0.221251,1501,46858,31
0.209746,193,219,1
0.112853,8099,1178483,145
0.115449,15000,1414041,94
0.357682,1782,84120,47
0.39849,15000,727783,48
0.227249,1001,52076,52
0.324069,15000,761135,50
0.119499,79,87,1
0.218966,90,99,1
0.224925,224,452,2
0.283203,598,10964,18
0.318759,692,2463,3
0.281934,89,212,2
0.273345,15000,1136068,75
0.063115,1215,123319,101
0.230446,109,169,1
0.165545,137,141,1
0.329801,107,160,1
0.357094,15000,1035576,69
0.174998,1170,116011,99
0.366931,4782,364376,76
0.249727,138,149,1
0.359982,15000,777768,51
0.24654,1204,93785,77
0.282593,98,104,1
0.161601,7001,763526,109
0.193939,144,215,1
0.082383,9525,865289,90
0.280642,219,354,1
0.379121,94,101,1
0.141732,316,1279,4
0.357113,766,9860,12
0.334808,81,96,1
0.243667,222,487,2
0.376575,131,141,1
0.351893,95,103,1
0.320839,15000,446937,29
0.354768,1504,23236,15
0.359756,333,603,1
0.16435,2546,95284,37
0.115554,95,100,1
0.266594,1354,9541,7
0.372947,95,102,1
0.157107,308,1262,4
0.081141,348,4730,13
0.189292,90,94,1
0.378247,3089,171004,55
0.369765,204,1827,8
0.054824,278,2106,7
0.100053,6965,499146,71
0.214455,96,99,1
0.344972,15000,871178,58
0.331242,1680,41547,24
0.329264,15000,1290240,86
0.10855,2015,73489,36
0.308081,84,100,1
0.19465,5875,227942,38
0.137956,2983,174346,58
0.259499,107,109,1
0.335101,87,1630,18
0.211367,1279,33383,26
0.093048,82,104,1
0.170233,5434,436928,80
0.211573,7108,615848,86
0.051785,359,442,1
0.338874,167,180,1
0.172005,15000,983962,65
0.061949,1119,59328,53
0.165838,2438,123295,50
0.224166,306,742,2
0.170914,80,91,1
0.321458,159,451,2
0.341736,285,395,1
0.259957,1254,32295,25
0.111888,133,158,1
0.108001,105,110,1
0.150017,6265,472310,75
0.0603,77,101,1
0.09861,176,363,2
0.381259,4999,379082,75
0.193114,239,1496,6
0.228132,78,176,2
0.313021,89,108,1
0.078214,1061,41020,38
0.306901,125,149,1
0.233193,189,458,2
0.232796,15000,1157971,77
0.079274,1294,95169,73
0.221359,3336,216027,64
0.278251,8190,756100,92
0.329654,15000,1132125,75
0.277195,1022,28137,27
0.173317,2023,33907,16
0.077558,3365,236299,70
0.156405,125,147,1
0.264671,72,105,1
0.176331,308,497,1
0.090365,365,10081,27
0.138604,1411,52178,36
0.229474,97,101,1
0.059076,136,315,2
0.353491,129,154,1
0.149411,8820,955061,108
0.246406,115,141,1
0.174855,248,396,1
0.36438,117,119,1
0.156404,15000,1163643,77
0.185215,2428,35906,14
0.101244,90,149,1
0.301457,334,2231,6
0.156,15000,662839,44
0.294561,1037,19282,18
0.322817,88,89,1
0.127332,435,1610,3
0.203532,214,253,1
0.086079,954,25730,26
0.178816,86,156,1
0.114238,69,145,2
0.138465,95,143,1
0.189556,9364,400386,42
0.377772,501,10564,21
0.392436,103,224,2
0.259201,79,85,1
0.148399,50,51,1
0.117884,101,155,1
0.175354,746,7013,9
0.115716,103,104,1
0.361171,1512,37879,25
0.276983,120,140,1
0.278481,92,97,1
0.215792,7713,954065,123
0.269573,15000,1326648,88
0.138475,1277,24153,18
0.166437,67,69,1
0.075456,319,407,1
0.240125,350,482,1
0.236718,202,1242,6
0.250666,5516,166944,30
0.282089,68,75,1
0.315056,73,107,1
0.197004,133,156,1
0.28611,587,9968,16
0.381866,80,93,1
0.082605,87,98,1
0.273684,142,242,1
0.140205,30,45,1
0.11602,591,5080,8
0.221491,64,81,1
0.219913,401,590,1
0.094849,296,4039,13
0.397234,475,10492,22
0.163164,2499,90649,36
0.14196,89,100,1
0.375564,431,580,1
0.350197,99,103,1
0.071925,15000,312772,20
0.14075,1188,20443,17
0.288708,84,91,1
0.232275,123,211,1
0.09817,218,308,1
0.153226,999,30234,30
0.18124,4809,461290,95
0.187917,1710,145481,85
0.306285,15000,1090223,72
0.188396,999,26101,26
0.211577,223,460,2
0.396218,101,113,1
0.157334,43,49,1
0.216152,199,218,1
0.153682,51,64,1
0.084573,499,6323,12
0.103532,1725,42239,24
0.286554,147,217,1
0.319608,133,340,2
0.191585,150,605,4
0.326605,75,297,3
0.10195,103,105,1
0.356631,185,491,2
0.302173,1854,39498,21
0.376457,15000,850845,56
0.233221,1083,13650,12
0.197293,4428,315591,71
0.219072,85,92,1
0.143802,208,344,1
0.128458,99,105,1
0.168352,1438,127347,88
0.285344,170,381,2
0.294474,1622,44325,27
0.289218,92,111,1
0.282384,15000,1320395,88
0.364155,102,114,1
0.174525,15000,1133880,75
0.389889,15000,1318841,87
0.124847,2156,141250,65
0.093894,8334,676069,81
0.255905,347,1126,3
0.268111,15000,950144,63
0.345018,1615,31909,19
0.103684,2764,248213,89
0.329598,107,113,1
0.2484,6908,626588,90
0.166909,245,839,3
0.21749,60,85,1
0.108308,408,30626,75
0.380871,122,148,1
0.132484,115,135,1
0.301459,276,877,3
0.310642,15000,1241253,82
0.318524,1007,22868,22
0.228468,86,102,1
0.311017,15000,1043947,69
0.09038,1612,114003,70
0.181505,5994,598144,99
0.361033,444,2588,5
0.084903,86,98,1
0.365991,908,14900,16
0.354164,2956,57960,19
0.373138,134,152,1
0.355973,122,149,1
0.373065,131,148,1
0.313908,216,3689,17
0.219733,15000,617733,41
0.144402,1408,110523,78
0.146642,113,406,3
0.14297,181,620,3
0.317435,103,106,1
0.214054,712,9093,12
0.218464,1908,87155,45
0.171434,104,111,1
0.228101,171,398,2
0.185272,15000,626796,41
0.204874,1408,22296,15
0.399639,80,89,1
0.172134,95,104,1
0.173762,3615,334226,92
0.277161,15000,1241538,82
0.290473,2318,85683,36
0.348024,85,108,1
0.168808,70,93,1
0.134732,9908,665368,67
0.223114,964,45566,47
0.320873,15000,1106028,73
0.084341,1826,65305,35
0.389769,90,92,1
0.06017,321,1365,4
0.203367,7684,418157,54
0.368682,119,137,1
0.138301,554,3491,6
0.367957,134,147,1
0.363069,15000,665895,44
0.135363,999,15778,15
0.316091,80,109,1
0.35513,88,104,1
0.377038,82,93,1
0.09829,149,159,1
0.317185,15000,782204,52
0.155836,1045,53223,50
0.100971,170,341,2
0.346631,93,106,1
0.174362,182,347,1
0.196233,8633,878360,101
0.303047,15000,1111919,74
0.316721,999,17380,17
0.379694,105,116,1
0.358682,302,442,1
0.050607,324,765,2
0.283233,15000,548451,36
0.263039,999,13759,13
0.305913,177,213,1
0.215786,6822,670105,98
0.132185,78,92,1
0.16928,103,114,1
0.148736,989,27063,27
0.071086,115,151,1
0.330839,115,1045,9
0.274155,419,1209,2
0.118648,129,145,1
0.163698,15000,1027453,68
0.332853,1211,29030,23
0.177073,96,106,1
0.224989,212,328,1
0.225251,78,98,1
0.144499,7941,633643,79
0.320177,15000,816212,54
0.239113,1584,73239,46
0.051986,178,267,1
0.29833,80,82,1
0.11277,15000,598261,39
0.165374,999,23740,23
0.065272,81,99,1
0.177326,4499,532672,118
0.06447,117,139,1
0.104851,92,98,1
0.351943,499,9750,19
0.136139,1805,25148,13
0.250828,190,446,2
0.366248,220,356,1
0.27943,432,1168,2
0.228357,15000,802048,53
0.135867,1242,61913,49
0.09574,7499,810379,108
0.157916,15000,1190493,79
0.079002,2298,202378,88
0.181087,207,260,1
0.175495,7125,599632,84
0.277827,83,102,1
0.082579,300,8976,29
0.055077,91,117,1
0.357782,98,99,1
0.285423,81,90,1
0.210956,97,140,1
0.334542,15000,480183,32
0.088953,1673,32875,19
0.399347,90,98,1
0.377568,100,256,2
0.373219,103,106,1
0.184659,15000,530070,35
0.083245,1908,51576,27
0.118945,2948,123591,41
0.39388,2642,100714,38
0.111962,499,1134,2
0.190903,15000,473890,31
0.37028,1221,18335,15
0.175338,704,12929,18
0.101207,15000,367529,24
0.17003,139,157,1
0.050598,106,305,2
0.149479,6278,870340,138
0.274833,138,161,1
0.21332,15000,1043462,69
0.256817,1004,21780,21
0.248946,101,103,1
0.148834,91,146,1
0.229355,131,376,2
0.292825,15000,689648,45
0.209841,1132,23103,20
0.052016,2139,128500,60
0.346621,95,109,1
0.393611,136,194,1
0.135527,9371,652223,69
0.12403,499,3514,7
0.148159,1714,33086,19
0.306121,282,1065,3
0.059859,587,37641,64
0.164665,15000,580811,38
0.293915,1499,50196,33
0.15841,2833,221097,78
0.392828,97,102,1
0.20866,86,91,1
0.341309,144,387,2
0.272615,15000,1038997,69
0.349091,120,208,1
0.247268,149,877,5
0.071443,3999,229154,57
0.18464,80,146,1
0.275958,167,395,2
0.298051,67,112,1
0.24532,1690,134402,79
0.368018,557,9149,16
0.095897,100,160,1
0.100201,581,850,1
0.110636,301,709,2
0.300634,15000,781228,52
0.16626,1863,32720,17
0.056773,219,281,1
0.085594,306,687,2
0.293819,15000,455652,30
0.07318,327,598,1
0.395589,6001,486909,81
0.085713,2713,230670,85
0.209272,97,98,1
0.337388,15000,807868,53
0.349544,105,109,1
0.339381,84,86,1
0.253802,108,109,1
0.169745,101,104,1
0.399909,96,106,1
0.303578,130,2974,22
0.372222,1296,25397,19
0.325442,86,104,1
0.068997,352,3425,9
0.394487,7001,370778,52
0.123988,308,1014,3
0.374203,90,105,1
0.2368,63,68,1
0.140609,94,143,1
0.110056,166,454,2
0.086076,110,111,1
0.336865,15000,423307,28
0.194876,2999,179130,59
0.091118,88,94,1
0.216492,15000,892576,59
0.240215,999,23636,23
0.141018,2929,200005,68
0.19045,7689,613321,79
0.138098,109,148,1
0.085336,491,6766,13
0.12188,95,154,1
0.057292,222,299,1
0.374432,88,95,1
0.346397,15000,775307,51
0.186676,1080,14045,13
0.051578,153,214,1
0.396552,89,95,1
0.091095,93,101,1
0.118786,8138,604253,74
0.126239,78,84,1
0.316962,537,7575,14
0.321118,4920,234507,47
0.172118,69,82,1
0.209785,15000,739488,49
0.185618,1073,8765,8
0.12475,3636,217514,59
0.382799,79,95,1
0.073587,422,2377,5
0.131668,227,1804,7
0.181886,15000,633090,42
0.059279,127,242,1
0.294995,357,1722,4
0.367979,105,106,1
0.292682,66,586,8
0.153506,2078,188940,90
0.12456,218,429,1
0.224626,84,92,1
0.310838,15000,1153355,76
0.263848,1127,18535,16
0.323189,637,1856,2
0.077108,254,347,1
0.122967,15000,905938,60
0.135982,1907,38747,20
0.375461,6447,243707,37
0.246934,7483,337736,45
0.245188,93,148,1
0.267525,349,815,2
0.24446,127,274,2
0.275962,892,5787,6
0.375133,15000,444716,29
0.199914,1427,30640,21
0.089306,94,110,1
0.07834,73,99,1
0.068792,499,2541,5
0.258128,99,104,1
0.380757,529,11901,22
0.210121,341,1449,4
0.338841,41,54,1
0.086582,81,86,1
0.317451,85,86,1
0.281223,92,94,1
0.256743,15000,1158587,77
0.337819,1499,58045,38
0.386679,109,115,1
0.229683,15000,1184189,78
0.172551,98,150,1
0.102182,121,142,1
0.051675,412,8820,21
0.339247,134,470,3
0.221774,15000,412334,27
0.266627,1499,24148,16
0.241982,79,98,1
0.152956,382,12726,33
0.190838,129,167,1
0.380971,79,142,1
0.07383,89,94,1
0.289648,82,148,1
0.324997,15000,782575,52
0.256497,1338,59122,44
0.331418,84,97,1
0.393447,163,553,3
0.1674,97,116,1
0.222228,15000,1119247,74
0.339735,1340,8392,6
0.164078,175,188,1
0.284991,181,212,1
0.327799,15000,797050,53
0.107506,119,155,1
0.112228,102,103,1
0.204586,498,12754,25
0.376667,602,3106,5
0.353688,78,110,1
0.122371,5561,451466,81
0.244085,15000,877765,58
0.265596,1499,37544,25
0.066351,95,116,1
0.279817,15000,737095,49
0.145839,85,136,1
0.145658,101,111,1
0.127984,196,322,1
0.309049,274,509,1
0.162848,15000,942330,62
0.342545,1312,10629,8
0.171517,3410,94081,27
0.088386,68,70,1
0.264605,8828,561586,63
0.151253,396,1261,3
0.187094,999,19831,19
0.280358,499,1374,2
0.221792,159,285,1
0.346741,113,166,1
0.214555,71,105,1
0.306042,15000,631646,42
0.365599,999,14851,14
0.352323,2146,72152,33
0.224615,6499,608528,93
0.274196,155,514,3
0.331391,155,3299,21
0.274052,1550,54624,35
0.138738,448,1096,2
0.248996,82,87,1
0.396682,63,84,1
0.335614,15000,826857,55
0.257937,146,469,3
0.089582,74,80,1
0.387853,93,111,1
0.257553,15000,1082152,72
0.193158,2226,96490,43
0.168391,3499,76355,21
0.392518,87,101,1
0.290223,897,14783,16
0.360468,499,9936,19
0.084042,196,343,1
0.360081,260,1667,6
0.293823,175,712,4
0.086143,9499,446360,46
0.173415,7593,348062,45
0.062012,108,174,1
0.088765,87,199,2
0.243037,1159,12027,10
0.286912,15000,517501,34
0.074873,2628,81619,31
0.122849,111,207,1
0.056258,5235,304348,58
0.300501,130,159,1
0.23551,103,119,1
0.059013,117,3121,26
0.311212,1223,12247,10
0.135017,99,108,1
0.290782,90,108,1
0.270618,191,255,1
0.313318,131,151,1
0.090844,9770,976812,99
0.272475,126,147,1
0.112034,264,473,1
0.247937,15000,807688,53
0.290474,1955,53650,27
0.17926,81,149,1
0.220145,527,5382,10
0.37167,15000,380629,25
0.125284,1380,41027,29
0.368819,298,549,1
0.156691,5629,431923,76
0.18561,100,102,1
0.28859,15000,724220,48
0.301834,89,93,1
0.353827,102,103,1
0.197834,15000,701227,46
0.208774,1802,90692,50
0.203244,95,100,1
0.30629,82,93,1
0.252211,279,792,2
0.101156,115,229,1
0.080256,455,10846,23
0.141481,2097,112091,53
0.231591,6138,426803,69
0.289472,79,96,1
0.104323,499,2356,4
0.283878,1215,10515,8
0.200119,3790,127948,33
0.17671,109,111,1
0.112917,366,808,2
0.127206,362,741,2
0.29757,15000,1218610,81
0.069947,2455,105841,43
0.223707,7387,397094,53
0.327517,164,837,5
0.278339,1230,59037,47
0.368203,155,285,1
0.089207,100,470,4
0.184789,147,241,1
0.175954,95,105,1
0.154314,341,696,2
0.238905,121,358,2
0.257915,149,1379,9
0.368477,493,4410,8
0.234388,1666,118125,70
0.252269,247,336,1
0.260401,15000,1195265,79
0.262869,1242,17857,14
0.069801,407,2215,5
0.185164,407,3097,7
0.213172,128,156,1
0.265118,3198,178474,55
0.27815,92,93,1
0.108165,133,151,1
0.261015,87,93,1
0.10372,3931,250328,63
0.052025,484,6795,14
0.350344,702,12289,17
0.087392,141,247,1
0.145115,109,166,1
0.305579,115,150,1
0.186427,335,1133,3
0.376407,573,25794,45
0.157917,548,5241,9
0.106719,99,169,1
0.195915,15000,1197517,79
0.221198,5938,419269,70
0.214046,161,248,1
0.070466,926,51591,55
0.205394,108,113,1
0.270495,109,151,1
0.387837,5637,354828,62
0.058945,142,180,1
0.124033,3037,203579,67
0.085548,83,99,1
0.353605,15000,833309,55
0.215514,131,158,1
0.105123,89,93,1
0.362314,15000,821600,54
0.365782,122,149,1
0.374652,97,200,2
0.322924,129,356,2
0.153901,224,583,2
0.165832,96,159,1
0.300603,222,6333,28
0.248873,91,104,1
0.166473,92,98,1
0.14984,150,168,1
0.331151,15000,452401,30
0.355947,2190,26517,12
0.097995,94,101,1
0.157165,1141,10929,9
0.07402,90,91,1
0.38018,15000,1300087,86
0.366739,1017,52759,51
0.360181,104,116,1
0.135301,233,951,4
0.386046,15000,719567,47
0.193814,518,1261,2
0.257287,677,4658,6
0.106348,152,162,1
0.239319,7293,516486,70
0.211875,15000,695320,46
0.278993,1017,37881,37
0.102092,6469,305502,47
0.25098,7679,357226,46
0.321154,104,106,1
0.316515,102,157,1
0.129871,101,112,1
0.228108,281,582,2
0.33101,15000,553307,36
0.190367,1000,9340,9
0.352441,89,197,2
0.141597,192,294,1
0.086166,6509,617525,94
0.186523,7957,689274,86
0.270283,73,141,1
0.093405,5112,414284,81
0.283072,99,109,1
0.390159,3494,287805,82
0.269324,122,203,1
0.314792,15000,1037248,69
0.251584,1047,9779,9
0.1124,224,400,1
0.343296,102,106,1
0.343971,80,91,1
0.319615,15000,463188,30
0.366141,96,109,1
0.251359,77,87,1
0.051222,336,1333,3
0.210317,75,91,1
0.276102,89,140,1
0.125315,15000,738510,49
0.08024,347,4813,13
0.36042,159,361,2
0.212285,15000,851614,56
0.391123,1217,13800,11
0.288118,5258,308910,58
0.364879,7258,371536,51
0.249091,92,94,1
0.392464,42,50,1
0.26149,6983,399511,57
0.288593,239,1221,5
0.16886,5107,263501,51
0.336224,950,21719,22
0.090776,124,134,1
0.187586,6138,325953,53
0.321768,15000,590937,39
0.32258,1050,11201,10
0.347217,298,2787,9
0.176583,302,630,2
0.125076,6546,386771,59
0.173283,276,745,2
0.349574,40,45,1
0.239762,93,97,1
0.14112,96,101,1
0.144263,338,1783,5
0.245754,15000,543586,36
0.24293,133,153,1
0.196692,15000,1475666,98
0.197908,1026,16586,16
0.142373,85,93,1
0.24529,6735,323053,47
0.277263,98,107,1
0.111732,920,12808,13
0.231185,184,241,1
0.223893,157,256,1
0.356346,1379,23600,17
0.318829,159,175,1
0.12513,1792,133279,74
0.397153,79,125,1
0.362815,101,109,1
0.297518,15000,885454,59
0.359543,1036,25134,24
0.167984,2078,44544,21
0.179529,104,108,1
0.360193,81,107,1
0.219838,15000,817541,54
0.315992,1141,14007,12
0.33647,198,301,1
0.140633,6716,545674,81
0.081226,1141,25673,22
0.249403,15000,832572,55
0.348997,1084,26810,24
0.378729,2283,207332,90
0.188479,103,217,2
0.088198,453,2365,5
0.390755,15000,1197305,79
0.088535,311,446,1
0.19824,110,113,1
0.142048,112,134,1
0.287433,291,2995,10
0.23825,5353,313385,58
0.218735,453,3488,7
0.321271,15000,595841,39
0.399207,45,71,1
0.067124,3909,269981,69
0.192006,133,143,1
0.167107,1266,99935,78
0.238393,15000,943400,62
0.261185,91,97,1
0.123609,632,10812,17
0.307561,150,213,1
0.296692,1407,47880,34
0.161756,80,93,1
0.341712,92,97,1
0.370588,771,9391,12
0.112106,82,99,1
0.191729,5584,481726,86
0.354321,546,1346,2
0.11537,564,2511,4
0.207023,15000,1015121,67
0.16841,1289,43036,33
0.282908,313,620,1
0.285046,8567,1054154,123
0.265408,15000,1276318,85
0.259221,2213,69538,31
0.173729,84,91,1
0.128376,201,605,3
0.30955,166,320,1
0.252199,15000,421547,28
0.362892,1567,30389,19
0.195479,2622,94625,36
0.089434,85,95,1
0.153487,87,155,1
0.391703,93,99,1
0.15589,15000,1134024,75
0.234912,1201,25777,21
0.156766,107,116,1
0.132117,6800,513273,75
0.356133,7869,591746,75
0.300444,89,96,1
0.208427,430,8544,19
0.291579,256,532,2
0.193844,1177,36518,31
0.202253,3326,147203,44
0.346713,118,367,3
0.256577,15000,734807,48
0.088741,1281,25178,19
0.185718,90,97,1
0.194486,508,12093,23
0.238857,102,163,1
0.064636,102,104,1
0.204945,553,2601,4
0.183387,142,214,1
0.085916,145,1452,10
0.11952,1912,83330,43
0.069306,89,101,1
0.050828,845,13771,16
0.2188,86,87,1
0.243318,15000,822597,54
0.200478,999,26360,26
0.075647,2695,215799,80
0.193768,82,100,1
0.295626,56,57,1
0.265237,96,203,2
0.115177,8293,672754,81
0.251859,15000,779774,51
0.323347,1499,20070,13
0.116726,3497,325374,93
0.296556,456,3179,6
0.293518,132,159,1
0.140894,97,98,1
0.192568,67,100,1
0.065093,69,107,1
0.195591,866,4320,4
0.110619,88,93,1
0.229099,70,84,1
0.235394,87,99,1
0.205084,1355,65638,48
0.235084,15000,1376016,91
0.267776,97,217,2
0.288461,85,184,2
0.37376,81,154,1
0.110032,9001,517186,57
0.22559,1,2,2
0.099244,105,106,1
0.188746,7501,742685,99
0.241791,15000,973996,64
0.110966,437,2495,5
0.343771,101,108,1
0.176365,499,5619,11
0.362809,104,111,1
0.353333,15000,1344517,89
0.127804,317,889,2
0.315205,213,445,2
0.367373,196,217,1
0.13232,98,642,6
0.260755,73,91,1
0.25142,15000,498714,33
0.071976,1920,172261,89
0.379682,105,162,1
0.200089,76,97,1
0.170019,15000,1097327,73
0.291883,1092,39170,35
0.100702,172,203,1
0.364639,77,86,1
0.245098,59,91,1
0.352195,15000,1241705,82
0.129359,1001,28566,28
0.12091,426,5391,12
0.057852,83,89,1
0.379145,86,93,1
0.264875,15000,421901,28
0.219783,142,161,1
0.233762,5001,274953,54
0.118236,499,7036,14
0.101135,8099,319680,39
0.322536,100,101,1
0.315218,88,97,1
0.338816,15000,606854,40
0.110247,1012,32961,32
0.13669,184,458,2
0.061054,5152,296375,57
0.059461,165,205,1
0.085073,171,297,1
0.177248,15000,525967,35
0.099809,2457,65621,26
0.383794,86,93,1
0.25428,104,146,1
0.116299,7403,305936,41
0.277364,15000,484874,32
0.18367,1069,21929,20
0.098406,98,109,1
0.071444,424,657,1
0.168078,989,40279,40
0.251912,15000,595527,39
0.198187,1321,74992,56
0.233546,1618,99995,61
0.290443,15000,1250662,83
0.234628,1321,15863,12
0.331428,701,3510,5
0.239656,117,146,1
0.064499,98,112,1
0.282925,153,199,1
0.214083,15000,605771,40
0.089307,1521,74467,48
0.303679,93,97,1
0.200448,15000,796993,53
0.284644,1006,17322,17
0.249987,91,105,1
0.167273,82,100,1
0.083323,7427,646105,86
0.08009,223,479,2
0.3527,873,21927,25
0.187443,152,168,1
0.389841,86,101,1
0.082731,9160,870801,95
0.31227,165,2640,16
0.392994,1321,25005,18
0.115295,98,105,1
0.061045,88,95,1
0.301636,105,113,1
0.275946,296,475,1
0.100421,8657,444868,51
0.225823,15000,516502,34
0.157909,1020,29320,28
0.230557,59,78,1
0.343805,110,143,1
0.312833,15000,1051026,70
0.259413,2321,52180,22
0.123404,3880,184630,47
0.325307,116,225,1
0.19186,105,333,3
0.28478,499,4185,8
0.266861,128,150,1
0.184824,68,112,1
0.269242,98,159,1
0.319361,15000,433465,28
0.260202,1704,28851,16
0.113258,1364,15505,11
0.103567,131,203,1
0.099278,60,76,1
0.344092,79,123,1
0.275101,80,84,1
0.267693,8233,432493,52
0.184392,15000,552720,36
0.100651,1162,50800,43
0.278027,236,368,1
0.256443,59,81,1
0.359002,87,88,1
0.237509,15000,463156,30
0.343216,1093,12330,11
0.171406,2175,43137,19
0.135271,499,2178,4
0.210729,82,89,1
0.134262,277,2064,7
0.328336,15000,445892,29
0.38674,1164,13280,11
0.327544,2612,154114,59
0.073551,87,93,1
0.276479,15000,1181024,78
0.277456,999,9544,9
0.187289,2499,82469,33
0.072195,82,99,1
0.061571,298,2216,7
0.217415,15000,765039,51
0.30531,1018,6348,6
0.207441,1141,51942,45
0.120806,499,7408,14
0.297761,1719,41373,24
0.211827,97,103,1
0.381359,92,100,1
0.325788,161,270,1
0.146953,162,235,1
0.182191,149,583,3
0.182708,127,168,1
0.344192,65,418,6
0.184976,132,248,1
0.249446,146,373,2
0.302038,6499,321257,49
0.057421,498,11679,23
0.146105,163,188,1
0.189074,109,112,1
0.399105,4499,196449,43
0.223312,263,967,3
0.245178,91,99,1
0.07666,15000,443289,29
0.075731,156,379,2
0.156652,167,191,1
0.364646,218,421,1
0.343097,210,359,1
0.220527,15000,620665,41
0.243224,999,14328,14
0.224039,451,5481,12
0.127438,353,725,2
0.243756,15000,628415,41
0.128485,1218,58454,47
0.398992,70,91,1
0.333295,15000,759196,50
0.366736,1039,8327,8
0.19085,5999,471943,78
0.288411,15000,785256,52
0.281551,1243,38125,30
0.323428,206,553,2
0.191787,15000,731667,48
0.261123,999,17552,17
0.383273,86,88,1
0.197742,7497,594656,79
0.249482,94,138,1
0.156541,15000,804316,53
0.153734,2807,153743,54
0.181254,8726,749291,85
0.271833,78,88,1
0.216273,1080,21527,19
0.059108,181,249,1
0.131446,158,354,2
0.183369,6945,276234,39
0.246797,96,108,1
0.124675,85,89,1
0.176681,4404,191117,43
0.279973,1028,19388,18
0.068847,3176,134524,42
0.149791,131,136,1
0.068833,38,43,1
0.175342,1804,35582,19
0.317174,15000,472440,31
0.333451,1451,27721,19
0.194226,102,105,1
0.361382,76,130,1
0.115638,234,344,1
0.211876,951,52651,55
0.190878,130,256,1
0.357594,101,207,2
0.238759,15000,986725,65
0.084587,1025,18974,18
0.061166,2951,78270,26
0.21097,282,1388,4
0.286139,85,142,1
0.255301,15000,388335,25
0.337477,1811,40704,22
0.111932,95,96,1
0.228517,78,90,1
0.249515,239,332,1
0.221049,6283,219934,35
0.347989,91,101,1
0.118227,89,144,1
0.38218,161,194,1
0.100157,1319,35883,27
0.361957,15000,426669,28
0.345439,75,90,1
0.103607,105,108,1
0.131414,15000,411709,27
0.154898,2512,47341,18
0.296408,78,99,1
0.152152,114,146,1
0.271715,199,2854,14
0.352016,5512,631596,114
0.128505,2980,294214,98
0.316109,15000,1195227,79
0.056607,1084,86901,80
0.356858,70,207,2
0.37479,849,3098,3
0.105505,90,97,1
0.261213,856,52588,61
0.132132,99,100,1
0.323904,682,17586,25
0.137852,6501,700069,107
0.320627,243,490,2
0.088597,133,250,1
0.130956,257,675,2
0.330388,673,4172,6
0.380842,268,1929,7
0.244875,1281,52787,41
0.288825,133,260,1
0.310796,96,106,1
0.271559,15000,476100,31
0.211847,1041,15210,14
0.067987,2617,186846,71
0.337813,15000,1052782,70
0.382073,94,100,1
0.115966,95,105,1
0.363656,7541,720953,95
0.066535,81,104,1
0.05884,110,116,1
0.261787,15000,1089608,72
0.365478,999,15892,15
0.221429,2357,48882,20
0.268474,3499,97319,27
0.172072,101,155,1
0.144688,6999,446689,63
0.187205,259,450,1
0.129916,43,48,1
0.344647,15000,706582,47
0.111023,85,86,1
0.21717,2996,295478,98
0.235348,159,246,1
0.280544,1226,9959,8
0.314123,15000,879518,58
0.101878,1139,28049,24
0.226259,131,155,1
0.110572,194,603,3
0.273973,15000,1244230,82
0.23435,1089,31552,28
0.108041,767,15953,20
0.333222,61,85,1
0.080251,205,541,2
0.234907,15000,1103909,73
0.203747,999,20653,20
0.304742,2630,103999,39
0.105844,83,87,1
0.317831,15000,534787,35
0.20523,1326,40217,30
0.297341,267,363,1
0.171774,122,241,1
0.338777,73,84,1
0.378135,286,793,2
0.227038,84,138,1
0.137711,15000,522327,34
0.379582,999,20482,20
0.112915,319,801,2
0.20661,85,100,1
0.286484,126,152,1
0.369996,105,116,1
0.365074,83,116,1
0.228269,999,17251,17
0.171463,114,117,1
0.130413,6999,482833,68
0.202659,15000,654307,43
0.242647,999,12105,12
0.175929,8745,930884,106
0.211284,15000,1088132,72
0.219997,1810,66276,36
0.326543,105,108,1
0.057481,6043,398435,65
0.076914,232,295,1
0.287006,15000,788787,52
0.291038,1242,43623,35
0.35297,196,264,1
0.32695,83,188,2
0.367419,142,169,1
0.298839,9801,498010,50
0.270966,999,23258,23
0.14427,2416,172951,71
0.268157,5499,294225,53
0.085449,96,97,1
0.339695,999,6832,6
0.279103,102,199,1
0.188149,6613,458985,69
0.254235,15000,788817,52
0.234445,999,11562,11
0.297151,2999,89037,29
0.224392,103,105,1
0.191215,693,36209,52
0.208425,15000,1184906,78
0.206704,259,951,3
0.249776,5499,694782,126
0.059932,91,142,1
0.233719,170,210,1
0.251642,15000,1259815,83
0.105338,999,32972,33
0.267017,107,108,1
0.060365,88,103,1
0.30195,84,91,1
0.305248,15000,776894,51
0.258387,1401,15107,10
0.205824,95,151,1
0.340087,6210,280715,45
0.064652,7384,322410,43
0.388816,140,161,1
0.352621,95,99,1
0.162851,499,2547,5
0.192797,90,100,1
0.118467,3043,183656,60
0.113457,74,86,1
0.315357,300,665,2
0.116942,217,454,2
0.115004,89,103,1
0.1096,502,11996,23
0.34482,110,112,1
0.07336,486,12569,25
0.375864,118,150,1
0.262938,124,250,2
0.134976,15000,660724,44
0.17348,1639,32902,20
0.234363,35,41,1
0.099298,92,118,1
0.213379,6679,387169,57
0.218006,15000,714191,47
0.095332,1539,40727,26
0.319481,79,129,1
0.06822,8840,460907,52
0.342978,15000,562424,37
0.16018,1741,76108,43
0.298672,87,108,1
0.31555,15000,782409,52
0.114694,1375,64483,46
0.211264,5259,472240,89
0.287714,79,98,1
0.11139,217,982,4
0.148389,89,106,1
0.395679,245,4453,18
0.155219,1398,27878,19
0.170403,2693,219337,81
0.13492,96,173,1
0.336368,15000,1171690,78
0.156457,1398,20575,14
0.23234,15000,1041823,69
0.132703,107,110,1
0.348692,4611,260649,56
0.226145,89,104,1
0.395494,292,2192,7
0.194623,109,116,1
0.239039,15000,594225,39
0.173749,999,54719,54
0.370867,2236,51980,23
0.358646,3577,208202,58
0.094247,157,450,2
0.313631,197,332,1
0.224663,15000,1030204,68
0.107529,2683,108616,40
0.178087,159,405,2
0.135819,6988,312993,44
0.198822,496,1241,2
0.377066,15000,436329,29
0.309986,999,27295,27
0.255052,2185,81584,37
0.374517,94,106,1
0.377992,92,95,1
0.322944,87,107,1
0.076506,94,100,1
0.345501,95,100,1
0.307541,86,102,1
0.196518,8428,470686,55
0.230632,5410,282595,52
0.135302,85,97,1
0.143618,205,452,2
0.253124,67,99,1
0.119811,173,825,4
0.261861,15000,591764,39
0.075677,1010,40127,39
0.360624,234,2329,9
0.056487,257,323,1
0.378116,99,283,2
0.172352,4931,192850,39
0.366457,96,97,1
0.191572,91,94,1
0.229609,76,94,1
0.148547,103,108,1
0.195355,15000,518896,34
0.230549,1404,28961,20
0.219613,90,203,2
0.318506,268,938,3
0.08101,346,3632,10
0.290902,15000,1129554,75
0.231705,1091,29602,27
0.207715,107,221,2
0.205386,76,93,1
0.265528,76,782,10
0.188752,1133,27741,24
0.114587,1149,43441,37
0.361777,94,103,1
0.29618,15000,652491,43
0.161688,999,31445,31
0.304034,136,211,1
0.178347,143,159,1
0.094545,96,151,1
0.116022,71,218,3
0.322647,84,86,1
0.225021,398,1218,3
0.130266,15000,662494,44
0.06388,196,346,1
0.069765,89,98,1
0.11323,82,94,1
0.05347,92,95,1
0.200928,94,107,1
0.156723,3001,147251,49
0.240406,4268,214236,50
0.319841,174,715,4
0.252673,242,487,2
0.395498,15000,625571,41
0.251161,1127,48588,43
0.139922,185,333,1
0.195414,385,3517,9
0.12208,9096,879713,96
0.242877,97,1353,13
0.20136,1261,50606,40
0.229801,7148,826512,115
0.381867,72,89,1
0.07861,870,44982,51
0.241772,1999,69877,34
0.12611,98,106,1
0.210845,15000,1049386,69
0.187945,999,44150,44
0.130252,3499,272738,77
0.200986,7143,631058,88
0.099435,1333,65621,49
0.280107,73,87,1
0.077719,98,105,1
0.367886,15000,1037438,69
0.142271,1161,30497,26
0.243683,77,103,1
0.157945,6596,766149,116
0.232971,120,138,1
0.149484,95,111,1
0.114899,243,3364,13
0.263676,15000,1260829,84
0.225793,257,892,3
0.077687,93,94,1
0.36331,66,724,10
0.15672,1234,40709,32
0.344631,6314,500599,79
0.221393,7727,810882,104
0.330972,103,106,1
0.320644,15000,1039992,69
0.105525,1391,112577,80
0.316438,6094,548720,90
0.279181,15000,855723,57
0.184751,1094,10812,9
0.312762,88,115,1
0.279507,72,94,1
0.350519,84,85,1
0.06456,78,105,1
0.15034,428,6673,15
0.169269,15000,686417,45
0.163277,2032,72973,35
0.095322,246,690,2
0.060366,496,10145,20
0.177776,96,102,1
0.218007,946,8317,8
0.248964,15000,1128221,75
0.394791,1221,31756,26
0.269518,235,402,1
0.207186,90,150,1
0.207376,735,5912,8
0.398251,9234,902304,97
0.060304,565,11467,20
0.225259,103,104,1
0.091769,89,90,1
0.365401,15000,709990,47
0.346416,145,185,1
0.277675,15000,1224652,81
0.143198,1245,55801,44
0.185259,146,230,1
0.392406,189,399,2
0.282048,176,322,1
0.178142,180,270,1
0.163717,15000,348902,23
0.201185,1341,37082,27
0.366154,93,162,1
0.295386,96,107,1
0.341007,480,6544,13
0.297633,90,94,1
0.206528,257,1423,5
0.30117,105,132,1
0.212822,15000,530659,35
0.266202,178,306,1
0.214647,86,95,1
0.139191,92,102,1
0.165567,183,218,1
0.122747,6792,567341,83
0.254104,1215,57875,47
0.265063,15000,851787,56
0.137341,2594,188341,72
0.290277,94,107,1
0.171877,69,89,1
0.067155,70,84,1
0.281736,686,21238,30
0.153937,128,248,1
0.189031,143,420,2
0.333345,15000,838704,55
0.164458,1247,118527,95
0.397615,78,92,1
0.286108,338,611,1
0.274015,15000,1162693,77
0.366582,1094,15704,14
0.244893,414,3925,9
0.373623,71,99,1
0.160042,162,202,1
0.192407,219,443,2
0.322885,272,690,2
0.364714,87,104,1
0.225209,87,98,1
0.118545,86,105,1
0.332674,15000,436787,29
0.148113,1289,95806,74
0.330215,92,99,1
0.353451,86,128,1
0.393777,93,97,1
0.296088,84,95,1
0.31018,15000,1142046,76
0.325129,15000,573013,38
0.168702,1369,75414,55
0.307023,2819,147744,52
0.124272,63,70,1
0.349613,7573,655622,86
0.297645,15000,904882,60
0.301057,1532,36352,23
0.332058,3459,51414,14
0.213626,144,346,2
0.211093,208,394,1
0.341765,15000,875624,58
0.140418,1152,56678,49
0.38531,4966,296576,59
0.083532,255,1671,6
0.137649,704,13993,19
0.308571,15000,679694,45
0.090894,1337,73860,55
0.371662,202,241,1
0.060848,131,150,1
0.144951,8985,661739,73
0.274492,15000,845668,56
0.1143,1152,71139,61
0.315722,76,86,1
0.375651,112,271,2
0.050693,90,103,1
0.145414,121,253,2
0.188818,652,8705,13
0.12776,722,11656,16
0.135305,128,163,1
0.173977,892,12360,13
0.271856,15000,803381,53
0.259095,1056,8438,7
0.115973,171,278,1
0.060276,90,91,1
0.330137,15000,643755,42
0.272272,1152,25713,22
0.182044,91,150,1
0.311619,84,91,1
0.060998,158,999,6
0.197715,132,433,3
0.092251,3108,96790,31
0.153814,82,84,1
0.250754,15000,444755,29
0.096519,1478,115748,78
0.277735,314,680,2
0.079218,179,238,1
0.283404,205,320,1
0.321359,15000,1375464,91
0.336371,142,169,1
0.362284,69,86,1
0.074093,504,1686,3
0.196552,1229,29718,24
0.355711,15000,664178,44
0.369925,1067,49961,46
0.12196,89,90,1
0.302194,100,101,1
0.370541,324,9902,30
0.175434,1506,81414,54
0.252911,4562,286229,62
0.076033,4702,240925,51
0.385174,90,93,1
0.098493,393,673,1
0.33062,15000,625671,41
0.223871,1058,8321,7
0.355508,15000,979044,65
0.202848,1558,24905,15
0.204107,82,103,1
0.283588,323,915,2
0.262367,15000,539511,35
0.193307,92,300,3
0.351192,999,18664,18
0.362143,132,144,1
0.358977,7936,943711,118
0.271826,15000,1378233,91
0.320987,60,67,1
0.309664,95,103,1
0.287844,291,418,1
0.126089,15000,1102626,73
0.371334,88,98,1
0.144946,8001,1003832,125
0.221364,15000,1336228,89
0.249547,95,109,1
0.330079,87,97,1
0.069596,394,1701,4
0.137464,147,183,1
0.12944,7665,627358,81
0.243874,15000,859377,57
0.085447,1056,63625,60
0.276712,183,216,1
0.269216,94,145,1
0.258026,86,93,1
0.292622,572,17766,31
0.286128,15000,583993,38
0.343322,147,208,1
0.120969,258,415,1
0.051072,5742,454481,79
0.351433,95,97,1
0.151586,455,3347,7
0.213353,88,100,1
0.060358,320,490,1
0.352078,102,108,1
0.248315,76,94,1
0.377585,178,476,2
0.198522,180,3055,16
0.238558,87,104,1
0.227066,4318,265065,61
0.249433,271,702,2
0.270558,74,99,1
0.23841,15000,766372,51
0.182199,1086,32668,30
0.359775,499,1991,3
0.238315,102,121,1
0.085711,98,157,1
0.07736,979,33855,34
0.271153,15000,1337941,89
0.392546,1935,103543,53
0.240091,193,245,1
0.388093,87,103,1
0.37492,15000,1114452,74
0.175639,1065,17362,16
0.369466,208,444,2
0.159224,157,159,1
0.186512,15000,1098372,73
0.227422,1496,27324,18
0.151734,2729,122674,44
0.207484,105,108,1
0.140639,28,31,1
0.075238,76,160,2
0.119762,446,10902,24
0.38617,1446,14627,10
0.30871,3821,129980,34
0.298551,107,111,1
0.326202,6613,292206,44
0.131991,95,96,1
0.210201,15000,523558,34
0.16747,1026,13762,13
0.186764,232,655,2
0.083368,225,314,1
0.155137,78,87,1
0.293838,15000,538010,35
0.096927,5306,485633,91
0.239777,85,98,1
0.150556,98,145,1
0.128376,15000,967480,64
0.379366,1342,22418,16
0.324835,3796,226093,59
0.233093,130,159,1
0.184513,15000,1106060,73
0.227753,1139,30951,27
0.248237,3276,210544,64
0.262683,72,79,1
0.248578,15000,858999,57
0.265023,1180,23089,19
0.098589,2214,281886,127
0.202611,115,134,1
0.166198,15000,1069602,71
0.26682,1480,31639,21
0.213302,6872,543475,79
0.332968,89,100,1
0.244829,15000,856912,57
0.15866,1446,48907,33
0.245209,3585,122277,34
0.140943,6681,728954,109
0.18915,112,154,1
0.141126,164,518,3
0.306494,446,12736,28
0.061434,2738,133355,48
0.163953,89,147,1
0.141186,7280,584293,80
0.23024,15000,841446,56
0.175154,1048,29014,27
0.375214,515,1596,3
0.080156,491,10994,22
0.101273,15000,1030200,68
0.354642,1365,16557,12
0.293278,6946,526222,75
0.242096,242,359,1
0.250142,1446,30541,21
0.176736,237,777,3
0.095065,92,102,1
0.144766,714,29474,41
0.200575,15000,1307420,87
0.247716,1036,13812,13
0.071196,281,452,1
0.299043,1017,27070,26
0.354518,170,387,2
0.393922,101,111,1
0.370649,446,8359,18
0.345813,1715,19471,11
0.201419,413,3944,9
0.210847,6446,775003,120
0.066424,1999,155832,77
0.233095,15000,1157385,77
0.10985,1112,32172,28
0.131302,2543,72511,28
0.077114,147,260,1
0.166025,95,104,1
0.102918,7946,697048,87
0.220109,15000,874415,58
0.060463,1446,24849,17
0.082115,163,387,2
0.312705,6123,226646,37
0.251439,352,2959,8
0.172372,102,103,1
0.11671,97,100,1
0.10535,93,106,1
0.198828,15000,410702,27
0.119382,2290,142273,62
0.075208,89,95,1
0.19488,7125,603904,84
0.27127,15000,827645,55
0.235093,2012,24963,12
0.226523,100,105,1
0.212039,718,4380,6
0.062417,179,280,1
0.36302,15000,685994,45
0.098501,2125,173953,81
0.121,108,109,1
0.263475,140,205,1
0.258012,8361,633670,75
0.316199,15000,1089616,72
0.232925,1125,45819,40
0.37803,2138,49961,23
0.284142,142,149,1
0.130506,432,3629,8
0.065796,1612,113640,70
0.232362,15000,1012441,67
0.125024,79,89,1
0.301989,15000,1286931,85
0.125993,3438,357259,103
0.280139,248,515,2
0.177846,6717,599424,89
0.307175,15000,1162042,77
0.240501,1041,24864,23
0.375577,3625,186205,51
0.105373,235,481,2
0.297431,15000,833777,55
0.282739,3936,368877,93
0.34368,4955,431859,87
0.115662,2771,231920,83
0.156123,15000,1108399,73
0.161911,1179,14438,12
0.072514,2917,144195,49
0.320999,76,103,1
0.226242,110,112,1
0.36406,104,148,1
0.228875,471,6336,13
0.102886,9501,714699,75
0.135544,2001,224627,112
0.27206,93,99,1
0.339633,73,97,1
0.20627,1054,19164,18
0.122318,344,6450,18
0.073935,701,35526,50
0.258762,81,85,1
0.250201,270,331,1
0.303873,7061,747360,105
0.364793,100,116,1
0.369329,15000,1137646,75
0.245512,833,12341,14
0.13273,92,97,1
0.268963,87,91,1
0.261711,106,113,1
0.092109,6281,320063,50
0.281285,15000,648535,43
0.061514,244,417,1
0.176695,121,157,1
0.062253,3245,182033,56
0.348405,80,142,1
0.340891,80,83,1
0.100218,223,272,1
0.363048,588,17214,29
0.052435,1825,120780,66
0.271816,7461,414566,55
0.367423,169,410,2
0.238744,15000,704897,46
0.235135,101,110,1
0.133515,227,406,1
0.231456,15000,956297,63
0.184351,242,343,1
0.086546,91,96,1
0.205912,75,99,1
0.223428,15000,841145,56
0.363063,499,2446,4
0.22177,211,328,1
0.394865,178,406,2
0.263627,7387,560893,75
0.202863,96,114,1
0.264675,102,2352,23
0.071038,1312,115738,88
0.056022,255,423,1
0.130988,499,4403,8
0.374465,98,105,1
0.119041,2280,155472,68
0.176244,96,106,1
0.222817,436,631,1
0.170349,6840,662065,96
0.102819,205,531,2
0.287259,15000,1022646,68
0.291525,1001,30104,30
0.077594,81,110,1
0.397036,454,2823,6
0.227072,8501,773384,90
0.329635,15000,972009,64
0.132725,220,238,1
0.231109,298,874,2
0.242114,1901,63996,33
0.26072,1,2,2
0.117867,162,172,1
0.282354,194,239,1
0.297721,269,2002,7
0.163546,9001,693403,77
0.11118,871,40101,46
0.34547,127,245,1
0.078041,155,216,1
0.330434,82,88,1
0.059787,254,6754,26
0.134865,130,146,1
0.103019,7949,473466,59
0.162511,714,4195,5
0.269953,364,4730,12
0.398134,7921,559780,70
0.384807,15000,753022,50
0.099225,1008,102215,101
0.332677,64,73,1
0.105611,44,46,1
0.226198,141,151,1
0.243959,1603,31213,19
0.247278,65,84,1
0.373742,119,163,1
0.07567,97,101,1
0.151232,154,277,1
0.235683,141,199,1
0.066286,492,2072,4
0.061855,6459,290231,44
0.3469,100,106,1
0.175484,637,2159,3
0.345229,91,159,1
0.291499,15000,737068,49
0.163425,1016,23628,23
0.054914,2522,159242,63
0.238849,132,166,1
0.343941,98,101,1
0.297814,15000,819984,54
0.085347,1144,98544,86
0.149677,93,98,1
0.349185,88,107,1
0.35986,98,113,1
0.224304,93,102,1
0.223423,15000,1187298,79
0.151204,1080,31384,29
0.175717,191,364,1
0.151331,6623,791352,119
0.229941,15000,1182673,78
0.155588,1157,30994,26
0.248296,140,155,1
0.104489,6026,278043,46
0.304629,196,262,1
0.16239,95,101,1
0.348617,855,34620,40
0.288096,316,900,2
0.247226,80,100,1
0.254298,327,3270,10
0.056897,129,318,2
0.083456,15000,1265636,84
0.274926,1460,28156,19
0.082299,3355,118335,35
0.205964,78,98,1
0.202466,89,99,1
0.357286,5643,251988,44
0.13803,1818,62910,34
0.304479,90,101,1
0.349814,15000,514101,34
0.275674,1946,179300,92
0.257615,176,200,1
0.20234,240,558,2
0.151724,8807,781709,88
0.307049,259,446,1
0.112737,954,20003,20
0.312138,15000,1123883,74
0.371496,1028,19526,18
0.260825,2178,53255,24
0.344685,150,161,1
0.196809,9661,679171,70
0.204368,661,22485,34
0.231906,3736,262633,70
0.198244,219,406,1
0.304755,221,422,1
0.331625,15000,1238839,82
0.380899,1061,17993,16
0.080695,109,110,1
0.142972,170,298,1
0.391903,92,104,1
0.137171,90,100,1
0.299777,95,98,1
0.305182,15000,1284035,85
0.139614,1455,28034,19
0.170447,84,112,1
0.390787,70,88,1
0.331897,15000,660151,44
0.072749,1747,102621,58
0.082888,415,587,1
0.204868,8171,792055,96
0.217037,15000,934488,62
0.164163,89,91,1
0.205376,6051,241609,39
0.336471,152,296,1
0.214539,120,254,2
0.288709,6589,279578,42
0.388474,15000,434104,28
0.297545,1361,38918,28
0.246358,423,556,1
0.322341,15000,1468737,97
0.314726,1008,14288,14
0.074181,2378,123236,51
0.239644,358,1875,5
0.123272,155,278,1
0.061178,104,164,1
0.133692,9717,1165692,119
0.10345,836,16054,19
0.317322,2290,113168,49
0.154848,803,1371,1
0.107768,5251,287246,54
0.076651,861,17112,19
0.309306,15000,553920,36
0.266658,1084,24141,22
0.340062,4213,167438,39
0.142026,140,251,1
0.239274,185,1202,6
0.340338,15000,694090,46
0.284797,1007,21123,20
0.259205,132,174,1
0.351743,118,154,1
0.099244,97,186,1
0.221048,163,1055,6
0.236384,1221,13225,10
0.086687,131,258,1
0.273955,6670,385404,57
0.341333,437,1831,4
0.25155,15000,557351,37
0.250227,1683,16022,9
0.110899,500,6510,13
0.161291,115,128,1
0.36111,4112,210127,51
0.068903,56,66,1
0.074941,4740,221259,46
0.304638,143,166,1
0.269694,5441,300520,55
0.100163,386,786,2
0.230456,70,187,2
0.271985,93,95,1
0.195676,101,110,1
0.203276,107,192,1
0.089664,2256,132128,58
0.276956,123,125,1
0.165707,118,407,3
0.394611,151,619,4
0.256165,237,330,1
0.135171,15000,1030949,68
0.254207,1028,54537,53
0.132168,3001,206519,68
0.198442,5244,329753,62
0.093779,1993,80661,40
0.246681,118,244,2
0.325976,15000,754633,50
0.354685,1001,31389,31
0.28191,105,148,1
0.12118,89,97,1
0.184958,113,159,1
0.261321,137,151,1
0.281937,91,111,1
0.362546,100,106,1
0.158629,15000,972666,64
0.349401,130,142,1
0.247457,168,202,1
0.222862,94,109,1
0.365463,15000,1247300,83
0.371371,132,164,1
0.073872,336,1598,4
0.182095,15000,793925,52
0.084687,85,106,1
0.170091,516,23300,45
0.074734,85,101,1
0.366152,97,145,1
0.06265,405,4212,10
0.071068,7380,774765,104
0.337381,170,192,1
0.263393,15000,1270721,84
0.180095,73,99,1
0.130076,263,374,1
0.238937,254,466,1
0.075452,123,306,2
0.196967,15000,1245790,83
0.305097,1094,73326,67
0.270077,110,146,1
0.142541,457,3097,6
0.282467,131,143,1
0.224376,78,123,1
0.213021,100,156,1
0.210353,15000,1071706,71
0.121988,97,150,1
0.242058,257,290,1
0.269102,87,103,1
0.343293,2073,62683,30
0.260027,99,137,1
0.247944,501,22774,45
0.348691,66,90,1
0.350997,47,52,1
0.114496,89,103,1
0.254034,7501,458476,61
0.374837,99,156,1
0.16057,104,105,1
0.275011,128,187,1
0.372182,260,624,2
0.287325,96,108,1
0.085875,358,1022,2
0.250768,90,95,1
0.1455,748,20623,27
0.100794,2012,34719,17
0.256223,15000,804370,53
0.132186,93,98,1
0.214592,166,206,1
0.121793,114,191,1
0.270201,239,407,1
0.34904,15000,491733,32
0.053515,1348,113050,83
0.374416,132,158,1
0.292065,114,173,1
0.247305,15000,1172407,78
0.315267,2001,30441,15
0.369723,170,296,1
0.3855,177,238,1
0.128694,8001,790109,98
0.329968,15000,1032227,68
0.241148,96,99,1
0.136824,73,101,1
0.272541,15000,1315743,87
0.172342,82,90,1
0.373543,116,147,1
0.101291,109,157,1
0.189767,383,1086,2
0.146025,93,97,1
0.062761,1077,69329,64
0.087376,335,864,2
0.257098,6059,530698,87
0.309054,15000,880359,58
0.139197,1001,82196,82
0.149467,80,114,1
0.119977,734,24605,33
0.315922,177,202,1
0.251183,15000,1326235,88
0.241494,499,2634,5
0.180957,1903,143937,75
0.291253,91,109,1
0.312214,844,28090,33
0.37405,2501,177566,70
0.395199,62,96,1
0.310654,89,92,1
0.163722,15000,1172069,78
0.173071,455,1821,4
0.070586,4596,223656,48
0.217664,144,802,5
0.190474,189,241,1
0.207419,86,148,1
0.254002,110,117,1
0.37981,3841,145225,37
0.242079,3688,172924,46
0.266283,204,515,2
0.162742,215,1266,5
0.267649,1196,30528,25
0.068206,91,99,1
0.239131,59,72,1
0.32575,178,707,3
0.333155,6844,692859,101
0.33641,15000,990145,66
0.331834,108,110,1
0.179079,15000,815677,54
0.197532,452,4905,10
0.115182,102,105,1
0.316791,217,553,2
0.091208,15000,605559,40
0.331867,1099,30949,28
0.107596,122,136,1
0.209944,246,411,1
0.295818,144,241,1
0.084734,844,19482,23
0.27339,2023,42631,21
0.252371,4344,275144,63
0.150097,383,3514,9
0.104206,6373,462410,72
0.137852,93,96,1
0.234949,146,188,1
0.139501,832,16325,19
0.073757,422,13110,31
0.153441,7468,784749,105
0.331488,15000,1094012,72
0.13207,1776,129298,72
0.110109,501,2851,5
0.227695,297,1460,4
0.350412,15000,997442,66
0.156596,1248,30012,24
0.218429,2514,49633,19
0.122667,6771,349898,51
0.36337,190,199,1
0.179596,15000,526089,35
0.214658,1162,32477,27
0.39314,102,103,1
0.191212,36,46,1
0.162739,9691,895303,92
0.347654,807,12266,15
0.189504,365,1246,3
0.252657,93,95,1
0.255173,7642,491787,64
0.135731,138,148,1
0.16279,15000,701838,46
0.319472,3301,180024,54
0.300205,6753,589213,87
0.062324,1630,104893,64
0.240679,97,104,1
0.200517,193,2023,10
0.166603,88,96,1
0.165319,635,8387,13
0.129704,138,193,1
0.284646,15000,678923,45
0.244132,1004,26011,25
0.099282,127,148,1
0.248634,97,101,1
0.158753,15000,773349,51
0.099812,1315,103620,78
0.392363,111,145,1
0.318956,6807,882716,129
0.342281,15000,1353454,90
0.082318,163,176,1
0.307514,53,68,1
0.079017,52,106,2
0.05822,8845,335261,37
0.333776,95,102,1
0.261321,127,372,2
0.085558,79,98,1
0.289977,15000,467977,31
0.116567,207,518,2
0.158844,152,300,1
0.288436,15000,773839,51
0.170627,1344,40165,29
0.170697,2489,108961,43
0.06793,94,101,1
0.36332,119,140,1
0.209378,76,186,2
0.235275,85,95,1
0.205245,4958,451778,91
0.229653,607,5216,8
0.17587,189,997,5
0.241029,80,114,1
0.066123,131,149,1
0.146266,413,1052,2
0.223025,222,1708,7
0.288427,15000,804642,53
0.318739,6189,552933,89
0.2577,15000,887833,59
0.35661,1602,24093,15
0.356503,5550,236747,42
0.29219,1538,54084,35
0.318813,298,1041,3
0.253243,15000,478582,31
0.215839,1205,61567,51
0.225085,144,165,1
0.287434,99,141,1
0.175934,6043,390216,64
0.10881,74,96,1
0.33228,15000,712510,47
0.13672,2017,126138,62
0.267122,1097,14082,12
0.279078,7425,817091,110
0.268621,15000,1120680,74
0.319167,1189,25945,21
0.300192,169,210,1
0.259607,138,216,1
0.075608,455,18140,39
0.394892,184,248,1
0.237444,87,99,1
0.170661,9752,724207,74
0.242362,796,44624,56
0.310033,334,1026,3
0.23864,5654,567775,100
0.107225,2701,234022,86
0.060139,133,160,1
0.289402,127,3797,29
0.153908,1506,25648,17
0.098771,2785,85841,30
0.226391,5166,190411,36
0.394739,229,348,1
0.305601,396,763,1
0.240971,89,111,1
0.293203,646,4261,6
0.266677,101,102,1
0.206047,220,275,1
0.10388,273,1669,6
0.387095,997,24987,25
0.189032,226,319,1
0.330397,85,100,1
0.306029,547,12848,23
0.377326,98,99,1
0.2453,176,203,1
0.36436,108,149,1
0.244461,421,1524,3
0.345193,15000,1343584,89
0.211849,1054,30563,28
0.366264,68,69,1
0.207466,155,218,1
0.328911,15000,1208288,80
0.196674,1119,13817,12
0.122422,4455,365404,82
0.157747,78,79,1
0.185821,267,328,1
0.232849,85,232,2
0.203275,15000,757707,50
0.267191,1060,19302,18
0.355811,219,448,2
0.375921,193,206,1
0.230722,15000,607022,40
0.255463,1455,59750,41
0.152012,343,753,2
0.12135,54,80,1
0.183638,94,278,2
0.051197,110,135,1
0.378293,702,23257,33
0.092106,88,95,1
0.223957,57,97,1
0.327985,15000,794504,52
0.399328,226,658,2
0.077741,95,105,1
0.106231,4900,242865,49
0.143273,643,9540,14
0.356551,84,90,1
0.333653,145,198,1
0.34799,104,729,7
0.171839,1612,32937,20
0.206657,5554,210447,37
0.108403,94,112,1
0.281285,76,92,1
0.118651,231,331,1
0.279346,15000,403795,26
0.232249,1155,30770,26
0.059646,2758,119198,43
0.299707,1536,30597,19
0.347371,15000,604788,40
0.133999,999,25360,25
0.234187,90,108,1
0.262802,15000,882466,58
0.187219,999,21302,21
0.180304,304,596,1
0.295087,5689,299958,52
0.342233,15000,603780,40
0.249435,1017,20667,20
0.10847,106,108,1
0.267999,121,177,1
0.058867,741,13185,17
0.055832,7499,468208,62
0.29152,15000,755023,50
0.092635,1057,16113,15
0.366898,93,104,1
0.236724,190,199,1
0.238795,82,104,1
0.122107,96,99,1
0.144668,396,1919,4
0.117291,1499,40645,27
0.165095,9412,414044,43
0.390133,499,13428,26
0.181277,83,85,1
0.328841,96,104,1
0.088059,109,142,1
0.233191,79,122,1
0.184913,604,5389,8
0.239985,2643,220969,83
0.064547,104,109,1
0.338527,1679,46772,27
0.225798,261,321,1
0.217565,15000,922756,61
0.187315,999,53564,53
0.303521,111,192,1
0.208649,352,2321,6
0.141425,53,63,1
0.063042,111,172,1
0.3336,15000,1381203,92
0.176935,1052,22132,21
0.25727,299,624,2
0.062904,96,144,1
0.124217,632,10451,16
0.157127,486,3443,7
0.244448,15000,435634,29
0.286316,999,27189,27
0.189069,91,94,1
0.063919,86,87,1
0.344635,88,959,10
0.073538,1296,29151,22
0.380883,96,195,2
0.134326,84,99,1
0.057676,550,9020,16
0.361272,583,6550,11
0.235534,7809,894264,114
0.276706,15000,1230318,82
0.248578,999,22038,22
0.21659,170,463,2
0.125339,178,201,1
0.348074,144,460,3
0.257476,73,97,1
0.134656,1040,15559,14
0.141819,2446,170085,69
0.165496,80,85,1
0.368737,153,195,1
0.37384,95,103,1
0.345285,15000,871453,58
0.339456,999,27111,27
0.311224,235,306,1
0.181145,144,204,1
0.223693,127,183,1
0.089116,7685,865339,112
0.064891,9176,1056201,115
0.312456,88,98,1
0.169037,499,1664,3
0.393064,69,94,1
0.302537,15000,1265634,84
0.15722,1116,8643,7
0.205386,177,287,1
0.320712,111,162,1
0.304998,1000,19615,19
0.076818,8959,702938,78
0.206455,15000,914838,60
0.348328,2959,47540,16
0.071876,81,90,1
0.356841,304,1568,5
0.224362,101,109,1
0.282802,15000,480872,32
0.155617,1641,37455,22
0.17899,110,250,2
0.236988,384,4649,12
0.220131,323,1672,5
0.203213,8080,430430,53
0.151843,373,1467,3
0.19934,191,283,1
0.233872,219,505,2
0.101383,629,10920,17
0.070388,1951,125780,64
0.230529,179,199,1
0.246304,83,89,1
0.050023,392,6704,17
0.284654,204,486,2
0.186504,461,9478,20
0.174745,2307,43211,18
0.111606,69,74,1
0.117971,6893,685048,99
0.338768,91,113,1
0.175714,123,155,1
0.248724,15000,1260061,84
0.054224,1759,64863,36
0.352438,78,141,1
0.223463,5488,185124,33
0.177822,4193,170051,40
0.374987,15000,347462,23
0.268564,1309,55182,42
0.2686,9113,778291,85
0.260887,142,3107,21
0.292996,156,365,2
0.398265,215,242,1
0.090247,5001,454267,90
0.394298,499,1347,2
0.156575,1041,12136,11
0.338264,15000,1052375,70
0.216846,1556,41869,26
0.087371,5366,690653,128
0.347443,52,72,1
0.174944,15000,1351784,90
0.141813,6382,285702,44
0.091578,150,165,1
0.197737,93,99,1
0.070749,87,93,1
0.103786,375,896,2
0.18575,7400,282937,38
0.333343,15000,398187,26
0.24115,1959,43354,22
0.38748,15000,1368380,91
0.205342,1570,88622,56
0.156433,6566,618317,94
0.127051,7830,827176,105
0.129526,94,98,1
0.241852,82,100,1
0.281231,15000,1195075,79
0.297021,1866,45386,24
0.35213,188,463,2
0.263504,108,114,1
0.111577,107,158,1
0.130687,163,2252,13
0.052172,220,735,3
0.084845,15000,605758,40
0.338678,1120,14447,12
0.306201,15000,790660,52
0.185352,1102,50121,45
0.104108,6138,408645,66
0.316791,15000,1202826,80
0.233722,1338,20388,15
0.301517,2983,118859,39
0.297517,59,67,1
0.3415,15000,1098554,73
0.222887,1475,14863,10
0.182183,111,178,1
0.099778,95,156,1
0.162375,158,601,3
0.337914,147,151,1
0.08827,9254,321022,34
0.13175,90,147,1
0.06041,249,904,3
0.070989,177,308,1
0.139098,211,504,2
0.237249,4933,172149,34
0.312862,5619,197015,35
0.14746,462,2374,5
0.052805,103,112,1
0.333943,7283,329306,45
0.234388,320,513,1
0.067383,1144,61516,53
0.392543,101,248,2
0.165462,82,87,1
0.205923,142,332,2
0.135499,105,158,1
0.131437,114,627,5
0.071797,1194,79596,66
0.065405,111,115,1
0.21018,228,338,1
0.222741,15000,1186147,79
0.355688,999,14647,14
0.061816,2556,202000,79
0.39419,47,62,1
0.199806,15000,957724,63
0.14196,1130,35070,31
0.312734,79,81,1
0.050313,90,100,1
0.196813,99,364,3
0.27044,15000,890078,59
0.154728,1388,97075,69
0.155718,462,2339,5
0.228654,95,115,1
0.397221,258,6541,25
0.085916,1659,71946,43
0.056713,1846,77732,42
0.311383,778,6960,8
0.20347,179,296,1
0.248579,458,1505,3
0.202446,1258,11037,8
0.193712,185,982,5
0.396212,124,161,1
0.063918,293,2583,8
0.068944,7258,716408,98
0.335407,92,97,1
0.199947,66,425,6
0.238675,90,100,1
0.149964,80,99,1
0.108861,288,839,2
0.379369,210,261,1
0.257014,15000,541129,36
0.256932,1011,21149,20
0.362707,2401,87225,36
0.164789,121,273,2
0.173363,6989,582227,83
0.224185,15000,823413,54
0.230565,103,132,1
0.350778,82,90,1
0.391167,277,1135,4
0.155069,8139,370877,45
0.297488,386,1971,5
0.26821,804,17648,21
0.333327,167,200,1
0.206774,86,92,1
0.370352,15000,1221893,81
0.254698,1758,62072,35
0.070463,211,668,3
0.192891,204,380,1
0.120955,8098,477729,58
0.058084,74,98,1
0.237464,1220,18267,14
0.12657,86,97,1
0.164904,74,91,1
0.327903,80,101,1
0.143515,15000,1042095,69
0.335853,1258,20273,16
0.261973,75,88,1
0.059992,192,360,1
0.087384,93,98,1
0.329963,15000,1099218,73
0.339774,1195,48734,40
0.132037,95,96,1
0.366795,385,797,2
0.319783,15000,1159525,77
0.289215,1165,4344,3
0.117395,2690,154404,57
0.309945,247,353,1
0.369913,83,87,1
0.370221,936,32002,34
0.210404,2258,83750,37
0.383187,300,396,1
0.217145,316,1397,4
0.343568,15000,1080901,72
0.206376,1258,16573,13
0.185546,102,106,1
0.172041,15000,999751,66
0.293313,1063,48379,45
0.189683,181,203,1
0.395326,86,107,1
0.173893,86,93,1
0.163125,317,3413,10
0.154037,15000,1208633,80
0.26709,1018,10562,10
0.335657,95,183,1
0.394465,102,111,1
0.237629,15000,777371,51
0.203475,1337,35600,26
0.142231,194,235,1
0.096282,499,4308,8
0.167489,956,25324,26
0.093058,8258,896237,108
0.328971,15000,1100050,73
0.184122,1329,45798,34
0.179431,137,276,2
0.392005,5758,246378,42
0.071434,202,1555,7
0.269993,94,150,1
0.392599,114,161,1
0.390737,80,102,1
0.382476,499,8057,16
0.368127,2292,44531,19
0.390517,145,252,1
0.151017,8285,615269,74
0.307752,15000,864547,57
0.273263,999,15574,15
0.068568,2181,111322,51
0.257437,85,140,1
0.163023,7941,703029,88
0.177096,75,88,1
0.314909,238,255,1
0.213035,74,81,1
0.359848,88,90,1
0.209436,234,312,1
0.294491,93,202,2
0.34865,144,238,1
0.195566,966,18107,18
0.178881,130,150,1
0.276961,15000,1357467,90
0.155945,1466,33062,22
0.334326,95,103,1
0.191054,15000,986735,65
0.105637,71,238,3
0.121975,92,106,1
0.090495,93,235,2
0.183066,96,103,1
0.229238,93,205,2
0.094602,94,96,1
0.077757,213,347,1
0.367615,15000,534928,35
0.198198,1774,25810,14
0.20993,55,73,1
0.064927,159,245,1
0.055341,133,205,1
0.291077,4001,118320,29
0.140382,91,105,1
0.20734,177,247,1
0.245125,82,100,1
0.312066,89,156,1
0.070929,1690,83967,49
0.055489,309,519,1
0.19157,252,488,1
0.245406,281,695,2
0.343296,984,18595,18
0.227068,7688,547620,71
0.138551,458,897,1
0.186428,168,490,2
0.067007,67,73,1
0.127229,499,12616,25
0.101291,2999,140514,46
0.201967,8985,478381,53
0.349457,15000,642625,42
0.192564,1098,24806,22
0.297251,2237,51258,22
0.143746,90,96,1
0.221819,103,106,1
0.185118,301,391,1
0.240778,15000,1211640,80
0.279601,999,32700,32
0.220535,83,84,1
0.290631,296,779,2
0.108108,381,1264,3
0.238294,269,1086,4
0.054568,499,4121,8
0.055298,95,100,1
0.374394,100,136,1
0.113881,6644,709988,106
0.173838,15000,1066781,71
0.290375,999,17533,17
0.154021,91,106,1
0.184381,92,147,1
0.173972,319,2352,7
0.055356,7932,391058,49
0.155639,91,104,1
0.178691,7689,401699,52
0.300102,7903,428007,54
0.130533,412,8076,19
0.212267,8499,355237,41
0.359249,15000,572491,38
0.163753,1343,66814,49
0.224171,2951,168232,57
0.352975,281,1004,3
0.113171,168,198,1
0.323823,15000,1393487,92
0.059144,3101,58616,18
0.140728,144,156,1
0.245833,89,90,1
0.097944,9451,394886,41
0.112979,499,1335,2
0.226031,334,523,1
0.227605,15000,453435,30
0.071778,1604,66372,41
0.172906,6499,371942,57
0.279418,115,140,1
0.267924,15000,543950,36
0.134281,656,6582,10
0.075972,130,253,1
0.366634,196,518,2
0.217909,15000,1196843,79
0.178281,999,10199,10
0.191456,408,934,2
0.380078,142,192,1
0.08098,121,150,1
0.273444,499,1151,2
0.296753,96,99,1
0.189482,499,13461,26
0.358596,2027,36859,18
0.053745,89,91,1
0.304591,242,405,1
0.365813,152,263,1
0.338096,15000,744359,49
0.344529,999,9044,9
0.065048,2322,200460,86
0.144572,96,98,1
0.107023,109,258,2
0.29147,95,103,1
0.147123,832,30949,37
0.106198,76,98,1
0.330609,120,185,1
0.190708,677,12198,18
0.300089,15000,672566,44
0.326813,1094,33984,31
0.262906,280,743,2
0.374529,64,73,1
0.25347,268,334,1
0.159738,6337,365947,57
0.069137,71,96,1
0.396655,82,142,1
0.37534,826,14708,17
0.090925,2503,165499,66
0.38084,151,233,1
0.231902,789,11001,13
0.173919,15000,968200,64
0.184559,1166,32632,27
0.196213,126,197,1
0.237987,107,112,1
0.133894,161,2448,15
0.301552,91,228,2
0.330394,132,237,1
0.182413,178,390,2
0.205718,403,1619,4
0.209428,136,201,1
0.134091,98,152,1
0.193635,491,9629,19
0.279269,1973,100216,50
0.190881,130,152,1
0.273395,7982,768803,96
0.295417,309,398,1
0.344716,903,36230,40
0.157075,6103,496202,81
0.355447,8335,629026,75
0.204,82,97,1
0.081329,89,99,1
0.364842,595,1499,2
0.244924,15000,873575,58
0.313977,1211,20301,16
0.195189,52,57,1
0.136206,144,211,1
0.318598,117,119,1
0.096769,159,170,1
0.207611,679,22812,33
0.190806,109,196,1
0.065407,90,159,1
0.300975,15000,493305,32
0.277822,1243,33690,27
0.128592,156,164,1
0.390055,50,72,1
0.318231,5282,178647,33
0.150427,96,102,1
0.135535,95,119,1
0.224232,111,205,1
0.179935,7905,295320,37
0.116807,6928,283334,40
0.18346,59,63,1
0.244576,358,1296,3
0.181019,8348,337371,40
0.31619,499,5850,11
0.179498,114,139,1
0.314581,385,2312,6
0.371071,181,205,1
0.173804,7078,300209,42
0.386313,106,148,1
0.346775,104,113,1
0.056066,77,110,1
0.299818,5548,185013,33
0.181718,96,143,1
0.148788,88,105,1
0.053678,83,107,1
0.068288,133,256,1
0.202583,176,1047,5
0.342192,1260,11211,8
0.112907,390,1174,3
0.082535,7443,458971,61
0.131701,1037,5316,5
0.375105,598,9892,16
0.337539,128,158,1
0.192772,90,149,1
0.192945,96,104,1
0.121339,307,1085,3
0.230346,6117,307747,50
0.238794,78,237,3
0.382045,15000,562369,37
0.215712,1541,26307,17
0.114083,107,199,1
0.172862,152,247,1
0.158895,499,6739,13
0.194535,104,203,1
0.316281,89,99,1
0.399915,264,3660,13
0.071102,6904,243831,35
0.33162,15000,379936,25
0.129644,1110,40608,36
0.274096,2651,113965,42
0.110877,129,144,1
0.166651,6784,753833,111
0.09959,2457,158535,64
0.178191,15000,998902,66
0.213523,63,132,2
0.348699,149,175,1
0.1989,79,97,1
0.306938,499,13379,26
0.334338,5643,204237,36
0.309615,210,233,1
0.226278,276,1193,4
0.070628,204,408,2
0.084494,256,598,2
0.124325,89,98,1
0.31037,144,428,2
0.179349,15000,803180,53
0.290916,1046,12859,12
0.220674,6353,344592,54
0.096573,103,133,1
0.271834,15000,587952,39
0.210119,96,98,1
0.23594,3168,114059,36
0.22829,15000,466282,31
0.32127,999,45262,45
0.295452,103,152,1
0.212714,143,175,1
0.159658,5203,529914,101
0.296205,1021,18834,18
0.159663,94,117,1
0.364585,90,109,1
0.194467,15000,1248919,83
0.26487,1539,25898,16
0.371652,91,104,1
0.270683,15000,523648,34
0.28149,1117,47491,42
0.109156,92,108,1
0.206276,15000,1398788,93
0.372147,1083,16183,14
0.289514,2124,68710,32
0.213886,708,25079,35
0.098111,6805,522128,76
0.198989,2493,74529,29
0.285812,15000,784393,52
0.202675,1151,12827,11
0.160084,115,128,1
0.220556,76,94,1
0.086869,82,92,1
0.186421,86,94,1
0.389834,93,112,1
0.297829,205,449,2
0.221034,15000,1129512,75
0.264805,55,98,1
0.195303,339,533,1
0.390989,50,90,1
0.254057,1099,35625,32
0.260717,106,160,1
0.070291,94,95,1
0.233451,5607,604008,107
0.210272,104,164,1
0.063683,7914,766778,96
0.321355,134,145,1
0.134931,5649,744847,131
0.18945,96,106,1
0.08415,6155,649637,105
0.171015,836,15667,18
0.302644,101,104,1
0.062293,328,3800,11
0.333414,129,145,1
0.310258,836,17983,21
0.303315,82,91,1
0.375857,100,145,1
0.363512,64,83,1
0.131305,6939,305503,44
0.3617,15000,494998,32
0.290106,1084,47585,43
0.364313,90,100,1
0.140743,93,102,1
0.324151,340,679,1
0.23492,77,85,1
0.287573,89,135,1
0.091833,940,49091,52
0.08197,80,89,1
0.261613,15000,1458980,97
0.212794,1042,34747,33
0.088527,113,114,1
0.188839,7185,869527,121
0.130582,112,521,4
0.241897,62,500,8
0.214052,1207,22615,18
0.073571,50,54,1
0.097919,8778,595322,67
0.280506,153,157,1
0.353219,5493,386503,70
0.066968,77,97,1
0.097147,3212,232094,72
0.061211,69,675,9
0.083047,1492,81141,54
0.131668,81,148,1
0.110245,301,802,2
0.187727,9654,747886,77
0.16391,693,38317,55
0.125754,2089,94240,45
0.089587,135,150,1
0.12949,80,98,1
0.057679,932,19885,21
0.212357,257,612,2
0.147764,15000,892723,59
0.105261,1228,50434,41
0.289949,95,96,1
0.212542,83,92,1
0.064023,62,93,1
0.134037,2281,137337,60
0.309601,15000,837740,55
0.064164,133,148,1
0.364503,134,211,1
0.077583,6150,418747,68
0.357177,15000,833243,55
0.220867,1302,87699,67
0.256137,7773,459166,59
0.259639,15000,564841,37
0.178667,1299,24087,18
0.069744,137,306,2
0.188247,88,147,1
0.307927,918,16681,18
0.298104,15000,935554,62
0.207846,1441,82150,57
0.188576,15000,1210091,80
0.230074,1776,28406,15
0.214233,235,265,1
0.38258,15000,590187,39
0.393609,95,101,1
0.351961,507,1368,2
0.176524,5900,291158,49
0.099285,2909,126238,43
0.281699,93,142,1
0.396685,212,4451,20
0.175049,1387,28044,20
0.396545,105,107,1
0.077243,82,99,1
0.169523,6459,253785,39
0.21308,323,769,2
0.111129,951,14671,15
0.294424,88,103,1
0.053898,110,293,2
0.146953,96,97,1
0.347179,15000,464705,30
0.238085,1272,20410,16
0.121063,74,89,1
0.087744,81,91,1
0.15252,2345,114954,49
0.365339,15000,1025762,68
0.055385,106,163,1
0.175227,70,105,1
0.161799,526,1064,2
0.390777,15000,433868,28
0.394736,1098,18290,16
0.191895,95,102,1
0.374165,88,95,1
0.069996,84,97,1
0.391337,351,4942,14
0.287567,1598,71472,44
0.077383,6257,642117,102
0.195751,15000,717122,47
0.375317,1571,30774,19
0.162685,3491,376715,107
0.39529,1017,7966,7
0.253215,79,102,1
0.24446,15000,1154532,76
0.104116,1543,130733,84
0.139606,103,107,1
0.335696,107,205,1
0.30906,260,658,2
0.320958,15000,962448,64
0.330064,1228,36658,29
0.210836,103,149,1
0.34039,395,1118,2
0.195514,1439,42519,29
0.247224,15000,855957,57
0.36443,1838,17129,9
0.316986,257,336,1
0.063452,51,82,1
0.124028,140,213,1
0.203384,98,1172,11
0.311905,1098,19713,17
0.345299,2176,35484,16
0.072491,96,98,1
0.131618,132,177,1
0.346726,246,618,2
0.250165,15000,970383,64
0.246298,42,49,1
0.342133,105,106,1
0.34303,93,104,1
0.222747,1434,33017,23
0.098044,3098,110488,35
0.089695,998,16002,16
0.20481,143,162,1
0.147986,8098,257304,31
0.179168,100,102,1
0.352478,15000,418495,27
0.098451,1173,73747,62
0.349865,102,144,1
0.299753,827,5066,6
0.128462,276,360,1
0.154116,433,1401,3
0.39597,106,167,1
0.054596,173,8084,46
0.249723,399,2780,6
0.224938,92,95,1
0.052816,670,26100,38
0.212807,1975,48522,24
0.340755,15000,1270030,84
0.061352,550,1111,2
0.351018,4673,194222,41
0.082177,98,108,1
0.319952,97,105,1
0.33172,289,565,1
0.152684,96,208,2
0.243922,572,12665,22
0.25887,1673,21122,12
0.141037,193,384,1
0.096504,708,11844,16
0.241081,15000,1069450,71
0.07356,1056,27677,26
0.225934,103,115,1
0.132327,84,130,1
0.091144,3457,118038,34
0.340057,15000,415046,27
0.18047,1331,23830,17
0.36638,65,85,1
0.055973,194,608,3
0.253326,544,3695,6
0.347779,581,11109,19
0.098487,96,149,1
0.115725,86,101,1
0.074643,5225,485196,92
0.274305,961,6313,6
0.080975,84,109,1
0.08594,106,109,1
0.157866,15000,783835,52
0.08397,1192,28317,23
0.200606,74,88,1
0.209875,8567,575947,67
0.276567,15000,617612,41
0.321286,1066,13061,12
0.151077,64,90,1
0.186355,142,150,1
0.130829,441,3463,7
0.261178,15000,992035,66
0.081044,1706,34203,20
0.355742,75,151,2
0.294707,135,155,1
0.273056,95,194,2
0.290021,92,135,1
0.201607,296,3438,11
0.241626,725,7695,10
0.193128,93,99,1
0.248079,94,105,1
0.13868,15000,489599,32
0.397701,1040,54483,52
0.289031,2602,97998,37
0.240425,308,381,1
0.196642,1664,28239,16
0.29964,15000,947544,63
0.354493,1433,34343,23
0.314288,102,104,1
0.234415,7102,609408,85
0.281088,15000,863102,57
0.197035,1340,19089,14
0.306029,406,1772,4
0.173359,709,26477,37
0.238502,100,295,2
0.074743,1464,79294,54
0.230226,263,609,2
0.074908,89,101,1
0.157781,188,251,1
0.140057,198,568,2
0.093196,9561,822928,86
0.209086,107,147,1
0.063362,2501,115540,46
0.393369,81,92,1
0.076159,645,10273,15
0.14865,159,190,1
0.228318,15000,595429,39
0.330399,91,92,1
0.363531,187,193,1
0.07493,5659,364113,64
0.137651,95,102,1
0.115529,15000,561403,37
0.052416,1464,149566,102
0.130809,147,204,1
0.107124,76,134,1
0.232888,7292,840885,115
0.258973,15000,991213,66
0.158256,1339,43450,32
0.171217,142,157,1
0.389321,627,1865,2
0.185271,1277,59446,46
0.285409,15000,939227,62
0.388327,1593,20738,13
0.051509,265,1085,4
0.101047,46,58,1
0.304628,92,96,1
0.375049,15000,1144307,76
0.374242,1051,12060,11
0.179369,393,1151,2
0.230413,6908,399082,57
0.12084,406,896,2
0.322477,126,218,1
0.085497,711,5546,7
0.214651,1612,52582,32
0.153541,72,177,2
0.183856,15000,632129,42
0.267285,2104,44534,21
0.064388,102,105,1
0.249241,75,101,1
0.198901,103,201,1
0.120923,15000,680706,45
0.186794,1116,23769,21
0.114745,95,98,1
0.308102,5489,320684,58
0.0542,8896,472561,53
0.075877,639,3462,5
0.190466,15000,651713,43
0.283317,1112,30736,27
0.31424,88,93,1
0.340719,15000,513118,34
0.254732,1045,10199,9
0.112751,2677,225524,84
0.223014,6445,519638,80
0.272485,2364,180268,76
0.35168,88,104,1
0.140803,111,1918,17
0.056459,1182,28400,24
0.339619,159,199,1
0.175657,97,99,1
0.210077,102,103,1
0.256474,15000,436003,29
0.18216,91,99,1
0.088293,117,138,1
0.387395,7606,348742,45
0.117922,367,498,1
0.316484,15000,513078,34
0.157537,1081,30182,27
0.181964,99,103,1
0.065938,97,115,1
0.104444,6105,387299,63
0.090456,83,93,1
0.239269,89,95,1
0.157603,7499,426850,56
0.329476,15000,614321,40
0.148808,999,17068,17
0.298083,3177,100673,31
0.20235,97,105,1
0.092277,73,103,1
0.160481,71,92,1
0.30208,15000,1003155,66
0.314864,999,16840,16
0.260646,322,999,3
0.300405,15000,891728,59
0.149486,999,16820,16
0.086834,499,1457,2
0.280524,196,325,1
0.238098,8048,300473,37
0.33432,136,143,1
0.385159,651,7765,11
0.130875,112,136,1
0.289622,976,6909,7
0.192991,87,90,1
0.331253,126,198,1
0.190233,87,139,1
0.058991,7934,877564,110
0.253689,15000,1154533,76
0.190319,1021,17440,17
0.270881,2133,41847,19
0.275581,92,104,1
0.102155,193,297,1
0.305618,1499,10244,6
0.230075,2739,80738,29
0.151609,4942,411877,83
0.244215,247,412,1
0.275142,15000,885748,59
0.178298,999,8933,8
0.216889,2281,23191,10
0.291703,85,94,1
0.191215,295,902,3
0.143464,8351,265398,31
0.096373,226,363,1
0.272686,1625,39315,24
0.075559,143,199,1
0.168874,1988,37044,18
0.147509,90,103,1
0.254856,15000,664645,44
0.302803,999,17110,17
0.335442,1999,31303,15
0.216965,15000,926405,61
0.161828,999,9045,9
0.115783,2309,106738,46
0.307714,1389,15462,11
0.391958,66,73,1
0.333506,155,187,1
0.339438,499,14608,29
0.071408,2324,214676,92
0.155133,72,82,1
0.363342,66,105,1
0.292047,107,112,1
0.123255,15000,1123849,74
0.306679,999,23725,23
0.205033,5100,342074,67
0.256557,9435,1100959,116
0.067385,499,22715,45
0.12272,1640,123576,75
0.368214,59,75,1
0.386001,156,714,4
0.094572,153,241,1
0.365481,15000,994942,66
0.183532,999,28705,28
0.308259,114,193,1
0.199433,380,2248,5
0.116799,8499,508851,59
0.13446,71,83,1
0.290558,100,104,1
0.203364,112,176,1
0.219263,90,96,1
0.095661,95,102,1
0.375864,644,8260,12
0.067625,3862,340439,88
0.150252,583,14765,25
0.15352,555,2249,4
0.268934,292,435,1
0.081455,499,24750,49
0.087309,102,112,1
0.188781,167,314,1
0.371625,499,6564,13
0.30185,15000,1127151,75
0.239478,1999,45822,22
0.201155,3089,82416,26
0.180408,89,147,1
0.099515,102,110,1
0.142219,90,104,1
0.150031,938,30635,32
0.31373,448,6340,14
0.200481,83,113,1
0.081453,109,148,1
0.356725,15000,785552,52
0.188596,2999,157899,52
0.069422,78,94,1
0.241676,7499,385551,51
0.221564,15000,656903,43
0.264212,1262,21873,17
0.275181,2299,52970,23
0.161266,133,285,2
0.068244,253,347,1
0.086215,208,230,1
0.285363,15000,450212,30
0.259169,1038,27541,26
0.111219,99,104,1
0.257853,5057,263712,52
0.211937,328,1190,3
0.228157,15000,541603,36
0.194678,999,32210,32
0.160898,1999,102556,51
0.319269,83,89,1
0.267233,499,748,1
0.267141,557,9127,16
0.307822,95,103,1
0.233359,175,421,2
0.369399,187,221,1
0.197928,1899,31742,16
0.27672,93,97,1
0.367374,99,203,2
0.143189,1602,61651,38
0.150631,8831,455168,51
0.199386,194,514,2
0.378582,132,259,1
0.263768,100,111,1
0.174759,501,2931,5
0.300708,8302,424188,51
0.269181,106,108,1
0.095125,54,69,1
0.054081,7753,323334,41
0.313845,15000,470100,31
0.191006,999,21365,21
0.209002,208,227,1
0.119215,499,2760,5
0.335666,15000,771210,51
0.124854,999,30811,30
0.291826,105,112,1
0.067895,500,784,1
0.118955,228,249,1
0.279035,15000,1151775,76
0.05829,1157,80300,69
0.07832,2812,243417,86
0.298747,103,104,1
0.275754,7628,786647,103
0.398495,82,95,1
0.273523,15000,1069379,71
0.182616,999,11461,11
0.184918,1999,47148,23
0.114059,3140,71553,22
0.313246,78,86,1
0.178107,9460,348653,36
0.170284,127,149,1
0.350584,5598,215200,38
0.104902,60,72,1
0.305936,15000,380262,25
0.225937,1274,24406,19
0.197166,2443,90237,36
0.241663,5864,491845,83
0.308708,15000,736402,49
0.054599,68,149,2
0.319925,8001,663625,82
0.390021,88,136,1
0.245158,15000,877414,58
0.38876,999,9938,9
0.095179,3277,349084,106
0.168024,499,1469,2
0.260226,15000,1321300,88
0.167683,1051,14315,13
0.251619,116,160,1
0.318808,6499,278170,42
0.26953,2184,66632,30
0.217406,15000,396090,26
0.131953,133,154,1
0.161744,200,256,1
0.142472,79,99,1
0.081492,168,199,1
0.394769,15000,616718,41
0.194049,1690,84071,49
0.313333,6902,689522,99
0.278177,217,491,2
0.052949,163,200,1
0.113414,705,21726,30
0.237897,87,89,1
0.364918,86,103,1
0.100621,272,649,2
0.376102,156,325,2
0.324831,15000,477891,31
0.31611,999,38183,38
0.092478,173,493,2
0.058111,4330,187126,43
0.354882,364,2186,6
0.083983,122,234,1
0.10706,8142,410478,50
0.385941,109,241,2
0.253075,303,2609,8
0.150434,855,20687,24
0.274241,161,300,1
0.204446,627,5455,8
0.241861,143,212,1
0.246243,167,245,1
0.352421,154,216,1
0.201567,358,7161,20
0.386657,1551,88777,57
0.159748,268,349,1
0.322577,15000,1031363,68
0.080454,1047,38200,36
0.134539,95,100,1
0.239463,294,486,1
0.335236,15000,1408003,93
0.328084,2252,63174,28
0.242539,407,560,1
0.294109,123,157,1
0.246592,2022,99636,49
0.357745,127,2223,17
0.210291,3127,217754,69
0.222079,15000,931287,62
0.219695,1127,11682,10
0.213891,163,197,1
0.063251,88,99,1
0.099416,7334,710366,96
0.136809,15000,914860,60
0.263852,1222,13466,11
0.266903,2222,52090,23
0.231039,264,830,3
0.336344,95,98,1
0.315877,90,146,1
0.075908,1404,77216,54
0.086978,27,34,1
0.239968,93,103,1
0.11564,83,96,1
0.356968,15000,475741,31
0.189695,1075,16652,15
0.11641,139,198,1
0.178072,5412,524313,96
0.125559,93,154,1
0.12919,157,201,1
0.207755,177,206,1
0.059902,7068,618239,87
0.394658,15000,1057047,70
0.18831,999,38194,38
0.200267,2679,68328,25
0.136551,699,12027,17
0.260819,15000,1314028,87
0.238652,75,99,1
0.388946,134,247,1
0.139815,88,94,1
0.176058,5244,278905,53
0.204925,98,100,1
0.20312,103,115,1
0.29652,999,19693,19
0.12545,2559,124519,48
0.10813,71,148,2
0.283833,125,136,1
0.283246,126,289,2
0.060297,499,1209,2
0.305077,866,8309,9
0.270726,78,92,1
0.080749,251,600,2
0.166242,7315,495413,67
0.329405,15000,711170,47
0.249333,1072,49192,45
0.114016,2858,143243,50
0.135199,94,250,2
0.132485,499,2108,4
0.091156,358,12514,34
0.173163,1358,37057,27
0.107222,88,110,1
0.165504,461,833,1
0.189991,96,98,1
0.165418,15000,577014,38
0.148967,1029,29697,28
0.157097,2208,112986,51
0.296997,109,110,1
0.238278,15000,1136800,75
0.314675,1135,20285,17
0.177396,2358,48043,20
0.379891,81,94,1
0.134956,79,93,1
0.163364,7358,352278,47
0.255559,111,113,1
0.073095,2917,120838,41
0.395389,142,255,1
0.332888,328,1210,3
0.115079,136,444,3
0.135235,360,617,1
0.152285,701,12967,18
0.260034,88,189,2
0.209044,95,100,1
0.164235,76,93,1
0.084643,300,3039,10
0.118907,69,87,1
0.348156,84,87,1
0.360241,874,8493,9
0.148668,621,12318,19
0.138415,114,235,2
0.321357,15000,750915,50
0.378809,1215,10922,8
0.27712,67,82,1
0.191194,244,1656,6
0.256226,224,599,2
0.152288,346,459,1
0.132916,455,8458,18
0.353485,91,100,1
0.223605,155,196,1
0.342059,96,101,1
0.332756,15000,590772,39
0.147074,1109,22214,20
0.159442,91,92,1
0.303968,83,94,1
0.210105,8192,712211,86
0.363054,1326,12007,9
0.255335,955,16470,17
0.177409,2508,125949,50
0.319915,93,106,1
0.163701,7145,769683,107
0.399268,96,113,1
0.331375,15000,1085743,72
0.248842,1205,33586,27
0.181594,5713,308453,53
0.28871,89,154,1
0.335873,15000,609874,40
0.144857,212,4728,22
0.122579,499,10700,21
0.072152,4834,274794,56
0.310244,74,95,1
0.169649,90,99,1
0.078168,8450,561636,66
0.250708,219,248,1
0.067188,454,3671,8
0.159059,15000,730919,48
0.345891,1449,28497,19
0.189187,3702,174063,47
0.16835,415,1997,4
0.173425,15000,929641,61
0.068277,1036,30372,29
0.110131,915,12340,13
0.3155,15000,824159,54
0.197793,1585,39922,25
0.149151,170,260,1
0.355531,6903,790582,114
0.2722,84,101,1
0.187304,76,91,1
0.265371,102,106,1
0.088027,7755,815226,105
0.212238,104,107,1
0.194314,15000,1158316,77
0.169505,1283,44398,34
0.387248,176,432,2
0.267994,59,62,1
0.221684,104,107,1
0.342179,81,99,1
0.158036,635,10409,16
0.266622,15000,744604,49
0.215758,1509,64340,42
0.386068,86,104,1
0.393571,93,102,1
0.084863,138,142,1
0.354036,789,8708,11
0.208784,1959,48965,24
0.394409,105,113,1
0.139088,8573,590875,68
0.346697,83,104,1
0.081065,876,42189,48
0.069837,97,98,1
0.25674,104,108,1
0.066559,88,99,1
0.199733,82,88,1
0.176623,15000,882357,58
0.338788,1750,56062,32
0.196128,85,92,1
0.296862,674,4396,6
0.269806,15000,1245748,83
0.322233,7643,493465,64
0.353903,96,98,1
0.358537,94,569,6
0.148374,408,890,2
0.358677,69,89,1
0.289329,6501,282690,43
0.106494,83,86,1
0.12658,72,195,2
0.251668,88,1619,18
0.094934,89,97,1
0.162037,93,101,1
0.34669,6001,314759,52
0.09775,301,2694,8
0.076122,95,99,1
0.19771,105,128,1
0.26368,748,3916,5
0.212594,108,119,1
0.166714,116,1254,10
0.366933,1494,33957,22
0.138242,3152,275338,87
0.373022,99,100,1
0.232936,347,698,2
0.394247,79,102,1
0.338071,15000,967833,64
0.124556,1254,19237,15
0.080617,2386,67532,28
0.108637,234,403,1
0.281714,97,108,1
0.279931,251,1393,5
0.142915,777,12452,16
0.116779,314,665,2
0.328621,276,557,2
0.189766,98,103,1
0.399828,151,188,1
0.209678,15000,689047,45
0.090824,1603,37771,23
0.299718,114,116,1
0.194158,147,159,1
0.373921,111,215,1
0.100762,114,150,1
0.166996,9661,1405840,145
0.323641,1661,16469,9
0.366744,15000,552991,36
0.223525,399,1252,3
0.223549,91,103,1
0.167177,145,236,1
0.079876,106,115,1
0.359659,942,12355,13
0.175553,2752,157405,57
0.109744,289,1049,3
0.315876,15000,716511,47
0.290795,1142,9820,8
0.337492,212,239,1
0.370952,109,112,1
0.210575,610,15434,25
0.184393,383,1754,4
0.370515,64,90,1
0.221685,1161,13899,11
0.349793,2661,89398,33
0.363464,79,94,1
0.288002,7595,723114,95
0.30012,15000,1194499,79
0.178097,1272,42239,33
0.16262,98,106,1
0.051527,576,6385,11
0.345473,15000,415984,27
0.145089,1105,54735,49
0.303889,2318,53937,23
0.054351,80,82,1
0.361265,87,92,1
0.263784,15000,1254459,83
0.292611,1161,24819,21
0.256382,2661,69492,26
0.354607,81,133,1
0.12517,136,392,2
0.091103,8403,761946,90
0.224232,15000,846377,56
0.337475,1296,51817,39
0.073843,96,110,1
0.343247,1393,18694,13
0.341897,15000,937401,62
0.394661,108,115,1
0.31157,90,95,1
0.376764,312,5046,16
0.181151,1661,35193,21
0.303168,2717,113720,41
0.158647,85,100,1
0.070863,181,678,3
0.274195,15000,719443,47
0.192065,89,98,1
0.148991,99,100,1
0.083165,6513,267010,40
0.211212,7750,351890,45
0.326958,238,369,1
0.151125,5194,187149,36
0.058833,40,47,1
0.337826,75,89,1
0.07288,386,818,2
0.199392,521,2750,5
0.289388,15000,463972,30
0.364846,160,344,2
0.114835,96,99,1
0.287714,103,110,1
0.086123,101,104,1
0.273055,15000,559260,37
0.263922,1899,123185,64
0.06282,504,1232,2
0.153985,526,5474,10
0.284552,15000,679158,45
0.395768,1077,31677,29
0.212459,183,206,1
0.115233,152,401,2
0.240881,90,99,1
0.320188,83,92,1
0.306578,994,13826,13
0.126655,485,4637,9
0.101487,95,108,1
0.337301,272,569,2
0.066255,253,11055,43
0.172729,76,127,1
0.159787,193,654,3
0.289828,84,99,1
0.173372,149,319,2
0.084431,8857,341929,38
0.230742,15000,427468,28
0.365539,1204,18924,15
0.102169,102,105,1
0.096604,173,269,1
0.066937,2306,188523,81
0.175243,709,12392,17
0.191618,99,111,1
0.0633,389,14531,37
0.063692,227,388,1
0.346107,15000,1065499,71
0.074908,1138,38081,33
0.073263,151,156,1
0.273235,344,428,1
0.233721,999,8023,8
0.395765,253,5139,20
0.170951,1336,25410,19
0.312003,191,941,4
0.238021,7386,336056,45
0.288362,82,86,1
0.294919,15000,503524,33
0.260485,813,6882,8
0.225999,675,3322,4
0.165016,15000,323646,21
0.160701,1333,70910,53
0.207435,81,92,1
0.128042,458,1351,2
0.155618,789,20949,26
0.087544,80,94,1
0.232358,828,54177,65
0.10474,112,116,1
0.075903,971,76326,78
0.343953,78,85,1
0.383056,80,100,1
0.359347,34,39,1
0.360977,98,108,1
0.363238,206,235,1
0.171446,326,781,2
0.291883,84,92,1
0.37777,15000,1132065,75
0.311192,1457,54259,37
0.32811,86,135,1
0.311451,138,252,1
0.087424,73,146,2
0.285357,765,14099,18
0.08337,2218,163506,73
0.245892,116,119,1
0.176218,92,105,1
0.329172,483,1937,4
0.337056,179,241,1
0.243789,15000,706957,47
0.246831,1765,36285,20
0.171638,87,142,1
0.128902,8546,312465,36
0.328727,15000,392586,26
0.235402,1765,92137,52
0.216922,4630,363947,78
0.085772,876,26776,30
0.241503,85,95,1
0.176736,29,38,1
0.139487,265,3679,13
0.25074,1420,45729,32
0.223243,6354,503255,79
0.251862,281,653,2
0.276812,15000,869005,57
0.12228,1059,37947,35
0.324369,76,80,1
0.358256,15000,1170958,78
0.080271,1160,103236,88
0.306274,157,1090,6
0.107588,198,351,1
0.054959,294,983,3
0.104541,1039,89763,86
0.264844,264,898,3
0.204796,1512,44343,29
0.211288,77,97,1
0.235147,5765,553358,95
0.089153,410,2950,7
0.148949,77,95,1
0.163211,15000,920162,61
0.238495,1265,15936,12
0.288036,3765,74350,19
0.255891,92,148,1
0.319873,126,248,1
0.371159,134,405,3
0.241187,265,4514,17
0.241479,99,102,1
0.251042,8200,805270,98
0.183763,15000,1019800,67
0.281194,1265,19938,15
0.154786,2799,180388,64
0.176514,98,99,1
0.115301,108,113,1
0.180397,60,72,1
0.050702,9890,638830,64
0.272125,1265,34693,27
0.291066,94,98,1
0.147421,75,133,1
0.205022,898,8403,9
0.312224,436,3098,7
0.311946,499,3594,7
0.160458,173,347,2
0.208311,93,95,1
0.10707,157,1872,11
0.351505,155,214,1
0.269754,15000,1010461,67
0.276876,1047,18968,18
0.3401,88,154,1
0.356252,152,190,1
0.083373,8668,713453,82
0.305671,15000,955961,63
0.365541,1999,18029,9
0.393281,90,106,1
0.167597,87,110,1
0.187917,8499,322662,37
0.346545,84,102,1
0.319787,189,476,2
0.149589,120,226,1
0.396111,679,7094,10
0.213821,208,252,1
0.268903,5319,419691,78
0.327947,81,149,1
0.196156,107,205,1
0.226833,15000,817273,54
0.249303,70,194,2
0.377905,1802,33182,18
0.395881,91,119,1
0.217358,105,110,1
0.256995,15000,896345,59
0.120113,1001,119884,119
0.316762,85,105,1
0.374592,15000,1237088,82
0.139579,1170,113384,96
0.362498,125,142,1
0.202908,8225,721188,87
0.29942,9247,840843,90
0.354961,76,84,1
0.273719,392,2106,5
0.176324,6748,565025,83
0.371943,57,104,1
0.214818,750,34572,46
0.262193,15000,1011238,67
0.328683,89,95,1
0.379588,100,105,1
0.351287,429,6030,14
0.117213,84,91,1
0.304875,15000,1209592,80
0.179798,1499,16949,11
0.102015,2561,160331,62
0.255221,84,92,1
0.205206,76,99,1
0.059121,1236,39064,31
0.307777,15000,648323,43
0.248658,999,22187,22
0.288502,2090,61027,29
0.267153,87,96,1
0.295369,424,1241,2
0.288054,127,289,2
0.132388,101,109,1
0.28895,612,11722,19
0.101305,1999,162597,81
0.244823,8892,910225,102
0.323873,15000,1179472,78
0.334313,1093,16672,15
0.282372,2094,34321,16
0.255003,7549,430487,57
0.33213,15000,678902,45
0.141849,999,6754,6
0.209114,95,153,1
0.067617,108,113,1
0.329633,245,1742,7
0.178232,160,787,4
0.122448,8603,474502,55
0.308764,15000,630142,42
0.138833,1125,39586,35
0.294473,87,90,1
0.160545,93,103,1
0.227395,681,14533,21
0.308346,15000,1021537,68
0.084487,1850,86541,46
0.192136,110,116,1
0.190929,106,108,1
0.263005,94,145,1
0.10555,499,6925,13
0.289124,1880,106139,56
0.322635,112,150,1
0.398519,263,379,1
0.189094,85,90,1
0.066192,210,2539,12
0.265532,15000,1430913,95
0.067045,1499,105195,70
0.206388,8329,844524,101
0.334242,15000,1118486,74
0.056934,1028,10679,10
0.378251,129,236,1
0.337455,146,202,1
0.095045,1112,29056,26
0.32448,15000,576185,38
0.181749,999,17903,17
0.088977,2296,215653,93
0.197775,201,604,3
0.330965,15000,1261636,84
0.22287,1270,29187,22
0.27303,97,108,1
0.25966,88,106,1
0.171414,9856,593842,60
0.386978,905,12284,13
0.378631,2088,33700,16
0.135983,281,1122,3
0.376433,9024,470442,52
0.14998,64,681,10
0.147272,1217,44085,36
0.140198,1369,70666,51
0.253938,15000,825787,55
0.195458,999,9278,9
0.127433,102,110,1
0.150317,6415,397572,61
0.178447,15000,611514,40
0.083789,999,19438,19
0.270425,2263,26443,11
0.072757,152,263,1
0.295472,84,87,1
0.252148,8015,569280,71
0.339663,15000,756686,50
0.205293,1333,14770,11
0.113987,197,233,1
0.383384,563,10381,18
0.087334,8317,370043,44
0.145301,76,90,1
0.139273,109,156,1
0.217425,15000,478820,31
0.128423,1039,16298,15
0.337574,182,608,3
0.220517,404,3435,8
0.330839,220,748,3
0.315184,15000,547796,36
0.10543,1499,67774,45
0.100279,466,913,1
0.356233,8999,588037,65
0.343825,15000,664009,44
0.232096,999,14931,14
0.075884,95,104,1
0.08668,128,201,1
0.344628,162,172,1
0.111154,7740,276096,35
0.220163,15000,377033,25
0.311093,999,18283,18
0.316774,2190,53736,24
0.189794,295,449,1
0.273763,15000,650645,43
0.273678,1653,56822,34
0.05966,91,104,1
0.202436,505,4581,9
0.267438,100,147,1
0.178353,1220,19839,16
0.170572,2376,95440,40
0.246715,106,108,1
0.081411,7194,615146,85
0.31353,66,116,1
0.065591,3605,252117,69
0.091538,311,557,1
0.376488,121,146,1
0.217221,99,151,1
0.269843,101,881,8
0.220899,505,1953,3
0.247285,404,10282,25
0.312717,89,100,1
0.270842,90,125,1
0.085802,7499,325739,43
0.328052,413,1350,3
0.363967,235,527,2
0.181987,306,1001,3
0.306695,15000,434404,28
0.228968,1343,79158,58
0.0737,142,156,1
0.075404,99,106,1
0.356005,15000,1052886,70
0.126117,2673,79312,29
0.286079,107,115,1
0.250402,305,726,2
0.073938,193,1050,5
0.186701,7401,408593,55
0.198368,116,203,1
0.143584,1059,12726,12
0.22856,2679,80107,29
0.257697,294,652,2
0.259641,290,601,2
0.284094,802,18281,22
0.306125,15000,724404,48
0.297242,1694,29875,17
0.279977,104,106,1
0.282468,15000,458053,30
0.322083,1850,22409,12
0.194355,1514,21056,13
0.151684,15000,557065,37
0.074339,1343,76055,56
0.151242,89,93,1
0.200552,6996,641286,91
0.238325,93,139,1
0.09425,4378,377208,86
0.152584,124,147,1
0.149904,3648,289795,79
0.227389,15000,954360,63
0.146879,1423,74175,52
0.189683,2553,149989,58
0.399935,74,109,1
0.123933,1594,193700,121
0.096362,545,2247,4
0.177422,15000,1161361,77
0.374763,78,93,1
0.255248,195,271,1
0.236859,15000,791080,52
0.31157,1648,26168,15
0.143048,93,151,1
0.217566,823,2167,2
0.17496,89,94,1
0.220244,815,18077,22
0.061461,2722,294115,108
0.359116,114,119,1
0.142325,7114,732566,102
0.394768,95,105,1
0.296449,815,20524,25
0.145795,64,77,1
0.328592,152,198,1
0.233569,62,69,1
0.12845,315,5125,16
0.099646,196,380,1
0.057475,85,112,1
0.246164,15000,452130,30
0.091669,142,210,1
0.228642,281,502,1
0.089478,113,143,1
0.224486,71,85,1
0.319665,224,464,2
0.317183,102,157,1
0.064956,141,145,1
0.185737,572,11334,19
0.216717,215,279,1
0.073897,2815,206346,73
0.298259,107,108,1
0.247364,15000,927399,61
0.114985,1002,55686,55
0.156055,143,148,1
0.08736,224,260,1
0.165166,8500,494746,58
0.147153,15000,612470,40
0.256149,1315,20499,15
0.216657,170,200,1
0.278797,671,12499,18
0.328153,15000,660469,44
0.194641,1073,38926,36
0.110008,72,341,4
0.080543,1360,90286,66
0.079751,96,105,1
0.308641,80,99,1
0.210247,243,1007,4
0.234859,15000,1111198,74
0.397514,1528,21385,13
0.218498,105,114,1
0.336807,93,113,1
0.252004,118,143,1
0.145623,98,115,1
0.089322,659,17432,26
0.1191,1756,91702,52
0.130352,79,83,1
0.238587,6501,575736,88
0.088342,68,76,1
0.26638,97,113,1
0.317737,157,452,2
0.155457,15000,907724,60
0.324032,1386,22883,16
0.123065,119,167,1
0.350386,103,106,1
0.308179,432,613,1
0.118412,8936,330991,37
0.307736,15000,405316,27
0.331978,1580,55689,35
0.331866,15000,602783,40
0.276332,1386,33825,24
0.312497,94,101,1
0.199957,65,82,1
0.264251,15000,424004,28
0.224609,1031,53808,52
0.385987,201,213,1
0.295513,6981,717927,102
0.249854,8270,778655,94
0.11347,499,1332,2
0.087124,215,1118,5
0.075028,747,14251,19
0.300417,15000,1065401,71
0.258134,999,14000,14
0.214343,111,113,1
0.30906,99,257,2
0.260177,89,96,1
0.246117,109,252,2
0.09757,9891,462601,46
0.068798,74,92,1
0.123004,844,18162,21
0.137174,104,119,1
0.341811,557,5191,9
0.308592,63,527,8
0.108228,1445,102953,71
0.319724,174,270,1
0.152026,125,144,1
0.242229,8636,928748,107
0.305175,15000,1154385,76
0.240025,87,184,2
0.128224,1261,38626,30
0.31913,225,305,1
0.053104,90,98,1
0.261297,15000,583092,38
0.21218,116,213,1
0.327012,15000,892957,59
0.245542,1114,51251,46
0.159192,499,17499,35
0.141661,87,115,1
0.315679,93,112,1
0.227006,60,539,8
0.06537,1169,99103,84
0.301085,15000,1436872,95
0.141024,157,163,1
0.375814,94,155,1
0.203321,98,100,1
0.291549,6104,587028,96
0.386535,149,192,1
0.311442,15000,931320,62
0.15833,1079,20455,18
0.165207,2445,80537,32
0.176296,737,10144,13
0.223362,88,97,1
0.374964,140,266,1
0.107138,8669,766405,88
0.200423,81,88,1
0.160339,312,1234,3
0.186831,145,152,1
0.283165,949,16579,17
0.268934,151,164,1
0.284404,83,106,1
0.230049,15000,813693,54
0.308511,171,284,1
0.316713,1042,14305,13
0.261821,1639,20529,12
0.250683,15000,1143823,76
0.380479,1096,23366,21
0.327806,92,105,1
0.288327,15000,533990,35
0.287823,1141,36651,32
0.080095,107,113,1
0.277752,6599,638441,96
0.31648,15000,1019248,67
0.198263,1091,19168,17
0.389028,84,94,1
0.231356,73,87,1
0.096591,99,101,1
0.131886,144,149,1
0.328727,142,165,1
0.24396,949,34140,35
0.353892,2214,47300,21
0.116687,4816,480682,99
0.273775,543,1527,2
0.279963,15000,997163,66
0.068608,1043,36351,34
0.085888,120,138,1
0.280081,101,149,1
0.063247,9635,442517,45
0.202248,637,14072,22
0.229306,2292,148651,64
0.161411,81,96,1
0.203702,8172,860740,105
0.29799,15000,1060290,70
0.338611,1182,19799,16
0.099529,3062,239543,78
0.391858,80,106,1
0.084946,250,455,1
0.074539,265,562,2
0.293308,15000,1141553,76
0.163391,97,116,1
0.285175,90,95,1
0.065468,8251,813627,98
0.386592,67,73,1
0.128088,765,11944,15
0.146985,8394,788135,93
0.215898,9498,962702,101
0.306702,134,155,1
0.150997,4968,455377,91
0.157778,88,99,1
0.282176,333,3544,10
0.311685,51,122,2
0.254105,89,131,1
0.274187,15000,1100600,73
0.18292,1207,32410,26
0.342983,126,228,1
0.205354,6643,496641,74
0.24156,15000,681905,45
0.28863,1175,20860,17
0.272501,128,171,1
0.36131,387,2807,7
0.224255,8059,372434,46
0.259748,106,148,1
0.096321,107,650,6
0.151527,139,150,1
0.079133,155,643,4
0.094926,7909,487843,61
0.061712,297,5096,17
0.203449,15000,606247,40
0.379978,1194,9055,7
0.12416,161,199,1
0.387318,114,117,1
0.171788,92,157,1
0.194014,15000,1332520,88
0.300971,1150,29358,25
0.234331,73,84,1
0.141307,95,111,1
0.057389,399,9321,23
0.312714,2874,121032,42
0.1641,111,113,1
0.31443,816,19295,23
0.309162,2099,38897,18
0.246883,3546,177379,50
0.28069,6767,699777,103
0.273046,3625,424304,117
0.248811,999,17339,17
0.290971,120,196,1
0.120488,6763,335143,49
0.266943,81,90,1
0.166117,15000,493021,32
0.371187,1056,12465,11
0.062049,2250,165557,73
0.250688,15000,1276728,85
0.189347,999,33495,33
0.084014,2999,192775,64
0.314791,89,93,1
0.282989,124,154,1
0.15575,1200,11843,9
0.061612,763,18051,23
0.184691,131,217,1
0.282765,89,105,1
0.098022,93,1074,11
0.224403,1499,21970,14
0.339496,102,146,1
0.237717,5555,296774,53
0.38027,1364,42950,31
0.268893,243,293,1
0.11034,94,185,1
0.054083,499,18338,36
0.253676,3107,81252,26
0.29834,92,107,1
0.130665,182,606,3
0.338839,15000,1144863,76
0.100813,1308,55890,42
0.344881,83,95,1
0.297524,88,156,1
0.377675,132,249,1
0.218459,97,108,1
0.300511,80,90,1
0.319655,123,143,1
0.094593,15000,600572,40
0.376587,1001,19766,19
0.120949,341,1151,3
0.099144,1492,40616,27
0.280023,15000,1203008,80
0.284772,324,409,1
0.367062,15000,1303726,86
0.366324,88,108,1
0.259711,147,266,1
0.082859,102,163,1
0.165482,226,746,3
0.214632,15000,516474,34
0.38169,1001,10066,10
0.197693,559,19870,35
0.306191,15000,1154119,76
0.126825,103,111,1
0.077859,86,101,1
0.10701,1129,45844,40
0.136163,104,169,1
0.338965,15000,884882,58
0.179577,104,231,2
0.226006,896,9481,10
0.134589,97,98,1
0.343741,272,2520,9
0.39668,283,477,1
0.24443,15000,1433730,95
0.31113,144,317,2
0.357984,75,94,1
0.325361,15000,624599,41
0.288691,56,68,1
0.285624,138,154,1
0.308653,77,93,1
0.189755,122,347,2
0.174523,15000,924909,61
0.096362,1462,63535,43
0.312065,81,100,1
0.282204,6046,330574,54
0.129586,78,94,1
0.378765,122,148,1
0.265137,287,357,1
0.089004,1099,11653,10
0.247888,46,47,1
0.373538,258,5268,20
0.088963,130,195,1
0.092638,335,624,1
0.166496,457,3658,8
0.20445,85,86,1
0.07067,112,259,2
0.353339,91,97,1
0.218648,109,368,3
0.19028,1633,36982,22
0.082749,94,98,1
0.128458,171,330,1
0.297062,345,458,1
0.211659,106,211,1
0.296155,901,6661,7
0.360005,130,203,1
0.222648,619,5780,9
0.056518,278,521,1
0.236162,15000,663259,44
0.239126,1074,16704,15
0.163794,155,638,4
0.283511,6724,417865,62
0.38,490,5343,10
0.191051,15000,609993,40
0.288316,56,98,1
0.093407,57,77,1
0.267745,216,406,1
0.050173,7061,641851,90
0.380548,221,395,1
0.340406,15000,1005049,67
0.344592,1744,19169,10
0.290029,115,167,1
0.389915,91,205,2
0.106971,561,29420,52
0.35685,158,1635,10
0.137828,115,116,1
0.282859,133,155,1
0.384665,182,229,1
0.061881,401,12880,32
0.132925,1867,110568,59
0.375663,138,510,3
0.358839,127,144,1
0.192499,70,94,1
0.189039,15000,1142355,76
0.256657,1150,25166,21
0.112287,141,199,1
0.060538,90,95,1
0.09877,305,1295,4
0.397721,94,96,1
0.282276,15000,793275,52
0.214332,1147,41806,36
0.071285,241,1520,6
0.087252,7857,768913,97
0.123245,259,1334,5
0.258849,178,206,1
0.117746,4830,400668,82
0.385323,134,253,1
0.146521,296,1321,4
0.052085,499,18495,37
0.251161,1546,24030,15
0.270422,211,1025,4
0.199933,62,86,1
0.247694,208,381,1
0.191437,113,114,1
0.28677,15000,388000,25
0.261913,1533,31533,20
0.239994,343,1130,3
0.194789,145,253,1
0.069699,6739,549892,81
0.050594,74,93,1
0.088235,86,108,1
0.315541,15000,894980,59
0.219512,1046,26837,25
0.107821,93,106,1
0.296054,121,192,1
0.200985,632,10856,17
0.223304,2822,69822,24
0.195647,98,102,1
0.228295,97,101,1
0.147189,939,4212,4
0.396536,108,116,1
0.201976,63,66,1
0.096934,456,29682,65
0.09699,2456,179379,73
0.189408,499,1052,2
0.156004,107,353,3
0.198881,649,10070,15
0.268896,82,100,1
0.168914,136,193,1
0.084147,456,4733,10
0.343934,163,225,1
0.218639,247,714,2
0.227063,47,79,1
0.259769,15000,377190,25
0.374889,1107,23875,21
0.276933,171,875,5
0.152232,91,102,1
0.241577,456,2986,6
0.245865,956,17835,18
0.305277,188,298,1
0.321299,98,159,1
0.159242,6792,577614,85
0.262286,15000,991565,66
0.341907,1418,43668,30
0.053413,94,102,1
0.129664,78,101,1
0.201009,7456,373110,50
0.161386,419,730,1
0.215597,15000,535746,35
0.237664,126,139,1
0.195248,306,457,1
0.288997,15000,940364,62
0.232962,72,93,1
0.230796,499,1079,2
0.260215,69,132,1
0.332612,183,624,3
0.251751,15000,553473,36
0.060408,1222,54491,44
0.327966,15000,781616,52
0.331086,1005,42327,42
0.080629,201,649,3
0.138775,210,2031,9
0.057492,2536,143345,56
0.278023,138,146,1
0.270692,135,159,1
0.187227,15000,659974,43
0.058115,318,416,1
0.378628,83,87,1
0.365636,371,2383,6
0.26526,1396,21029,15
0.220799,97,152,1
0.081993,109,139,1
0.311488,96,158,1
0.198071,146,264,1
0.087263,956,16074,16
0.388088,112,169,1
0.252683,5724,378804,66
0.260389,15000,734674,48
0.153763,1250,19228,15
0.115371,83,108,1
0.305871,7086,368758,52
0.125969,88,139,1
0.205886,194,405,2
0.314092,15000,548118,36
0.18927,1192,17183,14
0.329902,2343,23460,10
0.309937,152,168,1
0.151741,9511,1060842,111
0.076595,965,60891,63
0.070552,542,5897,10
0.104262,88,102,1
0.134392,743,4880,6
0.359237,15000,805227,53
0.39099,1415,75224,53
0.061479,88,213,2
0.219426,129,158,1
0.233974,65,189,2
0.352472,94,104,1
0.238289,6176,527167,85
0.342254,359,1301,3
0.350579,15000,803751,53
0.103845,160,380,2
0.064506,95,104,1
0.331728,130,145,1
0.148694,78,97,1
0.164856,91,98,1
0.152112,88,107,1
0.241281,178,367,2
0.3484,104,106,1
0.216152,999,23211,23
0.32828,475,1941,4
0.208447,5058,496549,98
0.149742,144,263,1
0.310804,15000,944921,62
0.253776,1283,53983,42
0.053915,6260,339378,54
0.352736,15000,623032,41
0.213589,999,20915,20
0.203494,3633,249066,68
0.341359,15000,848927,56
0.292348,999,21609,21
0.254667,1999,45477,22
0.178765,9050,778175,85
0.362198,195,1292,6
0.205689,140,279,1
0.25105,5035,415755,82
0.094313,4489,402253,89
0.114873,2482,176763,71
0.164668,89,107,1
0.156824,93,148,1
0.302323,906,14466,15
0.100342,96,99,1
0.286728,314,2370,7
0.092446,1340,137403,102
0.332274,647,36569,56
0.187379,81,109,1
0.155789,8,47,5
0.229141,1284,99443,77
0.241741,80,81,1
0.111916,84,159,1
0.141506,8008,646246,80
0.200537,15000,748250,49
0.327395,1567,16489,10
0.322321,124,182,1
0.387081,245,844,3
0.152936,15000,700024,46
0.204325,1008,21157,20
0.121406,83,85,1
0.099052,495,754,1
0.237371,15000,972550,64
0.337898,1008,5659,5
0.174007,2837,315555,111
0.284173,128,151,1
0.347557,15000,1091568,72
0.39669,441,2503,5
0.316462,103,113,1
0.362533,79,181,2
0.278001,88,89,1
0.079981,359,14360,40
0.397271,1435,16452,11
0.350332,125,157,1
0.256681,94,104,1
0.189812,94,100,1
0.355524,15000,1012118,67
0.25502,156,633,4
0.229049,15000,767969,51
0.335605,370,1194,3
0.178485,137,170,1
0.287504,731,4842,6
0.110773,6508,590545,90
0.336412,88,122,1
0.092627,77,84,1
0.302729,339,523,1
0.258494,1008,23373,23
0.062702,182,198,1
0.190791,120,164,1
0.236745,89,109,1
0.333817,15000,1222928,81
0.353273,1008,6505,6
0.237221,15000,1298185,86
0.112911,2508,309828,123
0.372776,88,101,1
0.306235,172,195,1
0.262161,15000,1501554,100
0.236537,1126,26713,23
0.399734,7278,594029,81
0.322417,2337,39438,16
0.099297,76,98,1
0.164601,5216,485068,92
0.337281,110,114,1
0.289635,110,1302,11
0.19376,1236,40386,32
0.385845,45,54,1
0.236634,9499,910441,95
0.212454,499,3914,7
0.360952,1999,46951,23
0.08369,126,149,1
0.206819,15000,1199095,79
0.204701,999,10610,10
0.342355,100,104,1
0.282649,88,107,1
0.195394,888,17235,19
0.286434,86,90,1
0.220999,499,16669,33
0.110114,1896,30657,16
0.391446,56,59,1
0.31535,99,112,1
0.340127,91,265,2
0.173684,15000,494967,32
0.319459,999,21258,21
0.08004,106,109,1
0.318581,85,86,1
0.193819,200,310,1
0.23669,15000,1163195,77
0.267817,999,31544,31
0.142472,2999,192963,64
0.347567,214,426,1
0.316738,121,152,1
0.153414,842,18889,22
0.275243,15000,702568,46
0.307347,999,16852,16
0.07779,2387,70219,29
0.102102,7603,457956,60
0.226231,240,749,3
0.235773,87,98,1
0.235265,118,141,1
0.360166,61,77,1
0.372224,15000,598130,39
0.242503,1641,35510,21
0.205744,90,103,1
0.35252,159,278,1
0.15947,154,314,2
0.384413,88,98,1
0.246439,15000,839097,55
0.357691,63,89,1
0.297715,120,142,1
0.188877,88,147,1
0.336622,866,23228,26
0.306781,15000,788292,52
0.311292,1093,19884,18
0.14495,238,969,4
0.299254,7939,632240,79
0.107635,3084,246079,79
0.283976,78,102,1
0.24029,895,19293,21
0.25326,15000,825625,55
0.097731,139,200,1
0.372942,130,146,1
0.221409,148,216,1
0.224853,89,100,1
0.392168,84,101,1
0.283074,88,95,1
0.202609,246,11308,45
0.11981,184,200,1
0.290961,95,98,1
0.387805,534,10100,18
0.092086,2678,306362,114
0.075733,88,100,1
0.184993,179,294,1
0.115298,6835,732110,107
0.385409,184,369,2
0.31438,261,350,1
0.315097,7116,780091,109
0.25814,150,321,2
0.223221,15000,1132807,75
0.269927,1082,22676,20
0.06193,167,280,1
0.313893,156,168,1
0.220333,258,2604,10
0.359206,15000,766482,51
0.090368,1627,73722,45
0.295741,156,232,1
0.094248,409,1371,3
0.161451,6430,472904,73
0.069132,192,246,1
0.202038,93,107,1
0.241865,15000,809519,53
0.220535,1288,27699,21
0.226997,3208,224940,70
0.160788,94,106,1
0.284117,15000,929839,61
0.122547,1421,29351,20
0.093899,165,199,1
0.199256,396,674,1
0.25607,167,229,1
0.109173,7637,357831,46
0.267059,86,98,1
0.051255,118,1167,9
0.061275,1299,22892,17
0.328526,143,152,1
0.24416,88,99,1
0.246451,53,60,1
0.054758,6687,394301,58
0.281979,96,112,1
0.266773,15000,701418,46
0.246809,1158,19497,16
0.128871,211,408,1
0.290466,553,1999,3
0.248209,6973,364822,52
0.217473,200,623,3
0.07752,4138,214218,51
0.287723,944,19427,20
0.339397,291,406,1
0.266671,4743,395096,83
0.327846,452,932,2
0.219099,229,871,3
0.13444,15000,822609,54
0.120237,1045,77374,74
0.282236,87,135,1
0.153333,105,106,1
0.190074,91,97,1
0.254607,97,103,1
0.332226,15000,850096,56
0.117224,1037,101761,98
0.241017,104,107,1
0.347279,568,8103,14
0.220102,64,101,1
0.348609,120,197,1
0.110346,5723,575487,100
0.124064,2784,228437,82
0.290494,15000,1070974,71
0.155956,1120,29193,26
0.258977,3941,337710,85
0.316691,243,326,1
0.39344,92,98,1
0.368491,58,71,1
0.371345,501,19306,38
0.304379,100,105,1
0.144436,27,28,1
0.384498,426,894,2
0.278007,1074,6290,5
0.318512,8984,575462,64
0.319922,401,1015,2
0.268579,447,3803,8
0.399045,721,7681,10
0.187551,103,105,1
0.116011,97,100,1
0.177419,97,109,1
0.367949,955,9390,9
0.264401,221,6909,31
0.352525,1221,54186,44
0.339119,2221,144463,65
0.159839,94,96,1
0.055646,104,108,1
0.338116,15000,1189873,79
0.128973,394,3185,8
0.215041,84,93,1
0.372498,138,160,1
0.073169,8390,701513,83
0.089745,688,21220,30
0.295084,83,93,1
0.210069,15000,789579,52
0.267008,1003,26732,26
0.390639,240,1128,4
0.335801,219,342,1
0.300512,15000,1348159,89
0.076027,1167,88424,75
0.243693,98,99,1
0.226825,5115,533354,104
0.058365,443,1145,2
0.358732,388,579,1
0.329716,15000,1166790,77
0.375413,262,857,3
0.151284,91,155,1
0.129274,772,9514,12
0.339779,342,715,2
0.114623,7794,852981,109
0.124018,92,112,1
0.247129,15000,1149581,76
0.296498,1294,34726,26
0.37804,141,149,1
0.179319,99,112,1
0.251666,78,90,1
0.235381,448,2060,4
0.310706,15000,866076,57
0.136377,1128,32408,28
0.309358,98,100,1
0.167221,9093,662383,72
0.055006,143,703,4
0.118484,756,9246,12
0.080525,96,97,1
0.199478,279,389,1
0.110557,757,8076,10
0.19843,15000,622151,41
0.252137,999,18860,18
0.103273,7323,850571,116
0.163553,15000,1231467,82
0.065383,1766,110434,62
0.324328,65,66,1
0.374378,195,460,2
0.178634,7550,651818,86
0.105002,94,105,1
0.118254,373,3892,10
0.335701,1728,62129,35
0.342485,81,108,1
0.132267,277,470,1
0.161529,97,100,1
0.354227,15000,1001176,66
0.322431,1047,20359,19
0.220906,3821,146345,38
0.396122,98,106,1
0.395669,137,194,1
0.150587,293,3234,11
0.272156,157,461,2
0.099405,224,594,2
0.208529,566,4194,7
0.243322,86,199,2
0.154651,175,201,1
0.117525,15000,485432,32
0.275821,999,30753,30
0.088364,2242,173190,77
0.259162,102,108,1
0.088194,88,112,1
0.318371,15000,1092611,72
0.22821,1050,42639,40
0.324653,181,384,2
0.378037,140,189,1
0.213846,32,34,1
0.339444,64,89,1
0.264927,15000,736006,49
0.137808,1138,56820,49
0.185512,322,691,2
0.287802,15000,973664,64
0.159127,1168,55588,47
0.242292,5179,590177,113
0.183108,136,149,1
0.358365,125,135,1
0.210948,129,984,7
0.343584,1445,11012,7
0.109344,157,201,1
0.227552,3696,217389,58
0.161853,1705,35816,21
0.337029,173,386,2
0.344763,89,100,1
0.281763,15000,1139091,75
0.116128,1254,66341,52
0.18521,72,99,1
0.144036,81,89,1
0.102117,177,269,1
0.093417,169,226,1
0.257153,309,1195,3
0.117661,315,814,2
0.115368,174,342,1
0.277495,95,1062,11
0.232296,1193,20774,17
0.24438,244,277,1
0.133592,8693,706807,81
0.311432,15000,899378,59
0.132226,2498,146397,58
0.321365,276,376,1
0.326239,192,301,1
0.078929,224,395,1
0.184743,15000,668497,44
0.363723,130,140,1
0.126752,52,56,1
0.386347,140,152,1
0.076782,15000,927537,61
0.148042,1193,19859,16
0.216046,231,284,1
0.118139,5508,392186,71
0.272687,8458,546806,64
0.288161,402,1233,3
0.075894,84,98,1
0.355719,540,6349,11
0.058183,73,150,2
0.177247,97,105,1
0.390637,1567,15821,10
0.277017,15000,850941,56
0.159065,1000,16627,16
0.181009,187,260,1
0.169927,219,244,1
0.175355,8914,302263,33
0.326376,15000,364226,24
0.175384,1510,44159,29
0.391861,102,212,2
0.121075,6413,491997,76
0.269847,77,92,1
0.17371,3098,173149,55
0.339797,15000,714465,47
0.166037,999,35874,35
0.267563,82,98,1
0.295368,130,153,1
0.252072,167,261,1
0.125228,499,22283,44
0.115333,1699,128764,75
0.055754,90,91,1
0.350076,88,96,1
0.299086,15000,1092837,72
0.311729,999,18143,18
0.262316,287,539,1
0.095276,67,80,1
0.14161,165,275,1
0.067985,92,101,1
0.203684,15000,462260,30
0.102437,999,36369,36
0.169947,129,159,1
0.393861,73,86,1
0.122702,446,9577,21
0.200139,5999,278797,46
0.295832,113,114,1
0.233828,100,213,2
0.252109,277,1704,6
0.156163,601,5400,8
0.330495,15000,502048,33
0.393979,1099,9705,8
0.228906,2752,80774,29
0.294436,103,108,1
0.366597,123,466,3
0.105489,208,669,3
0.081796,252,10101,40
0.050575,2110,135790,64
0.072709,253,1270,5
0.365183,15000,923401,61
0.208276,1625,99680,61
0.116246,68,90,1
0.183818,169,205,1
0.107293,292,462,1
0.241752,1415,29409,20
0.071284,92,99,1
0.188313,1139,8027,7
0.167873,140,317,2
0.195713,2071,97561,47
0.320551,106,109,1
0.075251,113,404,3
0.193554,1600,80465,50
0.169837,92,100,1
0.380753,15000,661047,44
0.157199,205,1035,5
0.180672,416,4226,10
0.234231,322,700,2
0.134018,367,755,2
0.057902,246,388,1
0.193419,15000,740721,49
0.29011,86,97,1
0.15418,5675,304426,53
0.375315,520,6740,12
0.220391,15000,530443,35
0.084999,1501,112284,74
0.174289,15000,619450,41
0.163402,139,188,1
0.075238,593,7583,12
0.064649,176,201,1
0.140112,127,223,1
0.079987,119,166,1
0.093298,9022,478715,53
0.252103,97,98,1
0.175598,15000,564694,37
0.314657,1003,9343,9
0.195498,108,187,1
0.288311,7489,843858,112
0.347077,15000,1226629,81
0.078629,91,105,1
0.154025,630,3383,5
0.352932,103,109,1
0.361201,589,4773,8
0.13686,1799,35907,19
0.11713,214,370,1
0.355066,86,110,1
0.056415,6080,664290,109
0.145318,95,125,1
0.06386,7248,847570,116
0.052206,99,103,1
0.368103,2972,115294,38
0.095591,529,5608,10
0.271505,329,730,2
0.313883,15000,662529,44
0.293791,1002,9095,9
0.057427,2361,211049,89
0.142155,5602,333383,59
0.12302,7660,625073,81
0.227218,72,92,1
0.38668,455,1343,2
0.385143,15000,867892,57
0.092515,3999,228391,57
0.125375,259,1332,5
0.282682,457,2727,5
0.304603,15000,833689,55
0.21571,999,10234,10
0.29117,6113,261570,42
0.265576,15000,475512,31
0.243785,1258,37378,29
0.098802,2547,148974,58
0.316877,122,150,1
0.349401,15000,793677,52
0.151086,999,19630,19
0.237448,91,110,1
0.36626,207,223,1
0.302808,15000,1435771,95
0.057243,1331,46238,34
0.231842,98,113,1
0.114421,79,109,1
0.353451,429,2868,6
0.150903,91,149,1
0.131425,272,1272,4
0.330962,1336,14818,11
0.057483,95,159,1
0.167666,483,2088,4
0.289502,7499,348065,46
0.170441,71,90,1
0.126503,15000,449164,29
0.371186,999,7572,7
0.127334,2086,96580,46
0.363886,105,112,1
0.283594,132,148,1
0.328767,103,104,1
0.270188,416,5715,13
0.325525,85,230,2
0.393647,177,801,4
0.388758,77,97,1
0.296874,1499,47528,31
0.34477,99,148,1
0.232437,15000,1082396,72
0.14196,1238,21274,17
0.16492,130,390,3
0.113547,72,94,1
0.34741,6578,432652,65
0.326159,140,151,1
0.208038,94,103,1
0.363329,99,113,1
0.28795,15000,787403,52
0.129967,1241,73753,59
0.095109,97,137,1
0.357085,15000,945110,63
0.266485,1002,10913,10
0.363093,272,1105,4
0.142359,159,544,3
0.226214,178,230,1
0.06817,83,101,1
0.091931,242,1686,6
0.1519,15000,955338,63
0.05176,1516,89417,58
0.127288,203,239,1
0.061593,7063,665092,94
0.113628,560,22469,40
0.174669,97,103,1
0.2073,258,5206,20
0.242954,94,1412,15
0.162628,1137,34219,30
0.374244,79,98,1
0.198655,8288,735827,88
0.334413,15000,1099780,73
0.162999,2352,85927,36
0.347912,84,96,1
0.376322,72,100,1
0.394913,282,1357,4
0.074935,1368,53458,39
0.372972,104,105,1
0.140352,5644,245662,43
0.308761,15000,494859,32
0.082636,1303,76750,58
0.376849,405,4054,10
0.089369,89,114,1
0.207976,15000,565155,37
0.255127,1121,16148,14
0.164722,117,135,1
0.319602,77,79,1
0.275994,15000,650889,43
0.057439,266,1423,5
0.242334,2861,168986,59
0.115002,99,100,1
0.220291,5605,494162,88
0.367981,91,92,1
0.224773,65,90,1
0.294053,82,103,1
0.37596,150,1139,7
0.338675,91,140,1
0.123098,107,116,1
0.326704,5119,248658,48
0.217366,6283,282231,44
0.207761,3470,142417,41
0.112402,327,733,2
0.275254,6085,213386,35
0.362915,237,576,2
0.332827,136,241,1
0.069234,82,86,1
0.061924,82,89,1
0.143278,9251,400194,43
0.386546,100,149,1
0.351932,703,14942,21
0.285734,5340,503360,94
0.209605,167,442,2
0.062269,77,113,1
0.330706,15000,1036413,69
0.363647,225,489,2
0.319772,15000,1430618,95
0.316142,1012,9667,9
0.309524,58,72,1
0.185608,87,99,1
0.278583,90,92,1
0.243724,138,508,3
0.054027,195,440,2
0.222009,180,492,2
0.259637,15000,429689,28
0.249045,1111,24011,21
0.180683,2355,84111,35
0.323993,9842,488509,49
0.070638,1003,77875,77
0.399448,2355,55806,23
0.136481,45,58,1
0.059904,305,805,2
0.309196,179,207,1
0.275152,266,467,1
0.133329,330,7256,21
0.136993,258,948,3
0.384434,139,196,1
0.233186,7952,371169,46
0.205932,95,110,1
0.166651,275,6475,23
0.294246,1438,46510,32
0.280166,247,365,1
0.165138,141,309,2
0.133816,87,94,1
0.225877,855,10562,12
0.150066,2319,108711,46
0.239223,98,104,1
0.13317,9201,694594,75
0.342618,216,1511,6
0.206934,1355,21014,15
0.053516,2855,198042,69
0.336773,348,1827,5
0.319967,390,4085,10
0.202088,3252,259449,79
0.05938,76,83,1
0.058554,500,3331,6
0.336469,15000,950452,63
0.085122,1684,178104,105
0.359435,87,88,1
0.325176,15000,1194531,79
0.32049,1170,20508,17
0.376384,225,417,1
0.147397,7454,728189,97
0.14744,96,102,1
0.396565,133,1051,7
0.262619,118,137,1
0.308164,90,102,1
0.380405,1049,27983,26
0.319503,15000,507469,33
0.269034,85,99,1
0.184407,83,93,1
0.286501,89,100,1
0.337794,400,7495,18
0.134175,1400,61931,44
0.19843,65,81,1
0.276122,15000,607501,40
0.05857,1135,71261,62
0.206963,157,380,2
0.065254,370,1314,3
0.396482,130,141,1
0.063385,871,47760,54
0.32696,243,457,1
0.236648,110,115,1
0.245917,129,178,1
0.3418,15000,1316489,87
0.163837,1196,31641,26
0.384891,97,105,1
0.213917,97,152,1
0.339485,15000,433948,28
0.16151,1118,13095,11
0.081499,3094,129814,41
0.242138,83,99,1
0.210672,80,130,1
0.321558,15000,593605,39
0.300555,1197,28492,23
0.060722,75,139,1
0.073316,157,203,1
0.241461,15000,896448,59
0.187043,1009,18352,18
0.164172,2050,30334,14
0.358739,98,99,1
0.116194,139,1300,9
0.077782,6960,469739,67
0.287442,165,180,1
0.281259,83,92,1
0.225264,4640,292541,63
0.265907,1255,42483,33
0.38487,15000,960493,64
0.224847,999,4858,4
0.082563,3970,175073,44
0.307754,118,153,1
0.31784,118,1407,11
0.208863,1241,24952,20
0.370711,82,140,1
0.050733,94,332,3
0.350057,80,95,1
0.338232,15000,1078627,71
0.19845,1105,30273,27
0.36584,85,88,1
0.121204,132,148,1
0.152815,184,215,1
0.273095,93,200,2
0.087071,133,151,1
0.325461,15000,1310226,87
0.175904,1804,64426,35
0.207597,167,959,5
0.059886,121,152,1
0.213052,305,669,2
0.335049,15000,455006,30
0.380364,1499,34181,22
0.054559,134,151,1
0.276506,5810,668397,115
0.166445,3169,310162,97
0.305874,15000,1138080,75
0.152297,999,34051,34
0.349707,84,97,1
0.268032,93,109,1
0.288893,15000,1179486,78
0.273562,1429,14857,10
0.283329,123,211,1
0.377452,7298,621917,85
0.314088,102,105,1
0.288642,610,1677,2
0.095041,973,25543,26
0.203175,77,79,1
0.294646,15000,847698,56
0.179238,999,6669,6
0.179843,2224,25378,11
0.137235,9103,834539,91
0.274985,103,1181,11
0.07805,2157,159674,74
0.118508,100,101,1
0.211114,235,610,2
0.295648,15000,1090813,72
0.095945,1744,128104,73
0.285137,87,287,3
0.094216,80,85,1
0.086656,187,225,1
0.118552,104,203,1
0.351229,15000,1068294,71
0.120385,1001,73340,73
0.303486,140,158,1
0.135046,180,255,1
0.224307,561,12677,22
0.145068,7501,932485,124
0.281719,15000,1285028,85
0.177172,1853,140589,75
0.362883,7001,424190,60
0.093035,80,94,1
0.381606,15000,603966,40
0.071886,153,161,1
0.295727,85,90,1
0.11056,94,95,1
0.212633,80,104,1
0.204181,15000,1360519,90
0.151714,2093,92161,44
0.338688,15000,529936,35
0.216748,113,151,1
0.304516,15000,1267412,84
0.05842,86,181,2
0.063111,226,963,4
0.252894,53,109,2
0.3332,15000,878654,58
0.108144,1065,82722,77
0.191912,70,95,1
0.162882,5857,724115,123
0.146699,1604,54938,34
0.207629,15000,1329309,88
0.219469,1268,24863,19
0.317556,57,83,1
0.358613,80,89,1
0.387219,100,101,1
0.359555,15000,537746,35
0.35493,2809,85395,30
0.380816,9001,982405,109
0.186004,1,2,2
0.216463,1001,19619,19
0.103068,2501,163079,65
0.107866,95,109,1
0.263127,96,99,1
0.318251,85,228,2
0.399646,1329,13217,9
0.111268,667,60994,91
0.159216,94,101,1
0.398387,100,104,1
0.092954,355,6551,18
0.190838,6754,671917,99
0.399988,175,373,2
0.142192,15000,1099618,73
0.147594,1790,148555,82
0.282938,101,165,1
0.205057,15000,1122953,74
0.382614,1001,11205,11
0.281964,144,152,1
0.333994,166,253,1
0.295381,103,175,1
0.053546,1292,87119,67
0.210714,88,114,1
0.052798,527,4253,8
0.175655,8501,300924,35
0.341271,15000,395394,26
0.378882,105,156,1
0.075776,2264,152368,67
0.131471,751,10817,14
0.329925,15000,753488,50
0.201019,2061,166730,80
0.103044,78,100,1
0.158481,6116,525676,85
0.199977,1885,59807,31
0.128858,1,2,2
0.318559,1001,11141,11
0.084177,188,242,1
0.141916,100,101,1
0.152478,15000,453728,30
0.319649,1187,34932,29
0.188156,81,96,1
0.132695,174,200,1
0.181131,15000,805453,53
0.276297,1276,65411,51
0.220698,96,104,1
0.30753,15000,1147807,76
0.301083,100,103,1
0.373038,101,108,1
0.318507,107,156,1
0.305732,97,149,1
0.123299,802,17394,21
0.148021,120,154,1
0.187886,3161,162701,51
0.059131,5087,170240,33
0.227037,121,163,1
0.159576,15000,439842,29
0.284304,1501,100303,66
0.263371,127,143,1
0.085911,455,8431,18
0.139759,71,81,1
0.399782,15000,1016072,67
0.103157,94,151,1
0.218487,196,263,1
0.231271,86,96,1
0.059723,1747,66102,37
0.212834,72,89,1
0.223592,198,322,1
0.098092,82,107,1
0.315399,402,12283,30
0.211936,1800,31937,17
0.258477,15000,987693,65
0.378951,98,99,1
0.189114,93,100,1
0.18381,15000,483972,32
0.214063,1928,47366,24
0.312038,114,140,1
0.160336,8316,443857,53
0.140006,340,1024,3
0.17129,1118,19015,17
0.269008,103,104,1
0.259978,102,110,1
0.070461,2883,109931,38
0.237437,289,1743,6
0.124745,303,1914,6
0.350279,5971,199995,33
0.34332,392,920,2
0.214769,71,93,1
0.231333,85,100,1
0.320173,999,25114,25
0.368933,1999,27998,14
0.180408,148,163,1
0.358281,98,105,1
0.25706,107,113,1
0.319552,15000,877786,58
0.051734,1256,46235,36
0.175088,6440,238931,37
0.393104,66,98,1
0.39049,269,621,2
0.106693,150,302,2
0.294303,220,368,1
0.156368,15000,373391,24
0.195999,314,1646,5
0.108712,358,632,1
0.319873,126,443,3
0.098209,114,215,1
0.174868,173,458,2
0.240963,400,6883,17
0.379323,150,1718,11
0.346719,117,252,2
0.274611,212,1405,6
0.396486,151,158,1
0.258353,236,331,1
0.196028,15000,1091245,72
0.054472,149,158,1
0.251038,15000,701043,46
0.055639,1071,65299,60
0.237147,140,203,1
0.136077,90,97,1
0.354054,15000,1057837,70
0.112336,1028,48270,46
0.08877,2084,160516,77
0.315045,5286,196517,37
0.29648,15000,862684,57
0.303138,1054,14346,13
0.305867,2669,107408,40
0.365513,81,102,1
0.056884,156,254,1
0.338901,15000,1139142,75
0.204918,1513,57468,37
0.137942,95,105,1
0.119794,157,193,1
0.103281,141,216,1
0.371541,1130,4912,4
0.356847,15000,852689,56
0.093557,1067,48424,45
0.22426,90,100,1
0.187042,8286,816058,98
0.23413,109,112,1
0.268461,1128,13964,12
0.162666,147,164,1
0.169965,152,294,1
0.160302,6106,570968,93
0.213414,15000,962993,64
0.183116,2327,184429,79
0.286549,332,947,2
0.246306,8483,925003,109
0.285375,15000,1333060,88
0.208289,1286,49565,38
0.088508,81,98,1
0.057608,89,104,1
0.287843,5812,546013,93
0.248819,239,313,1
0.117532,95,159,1
0.08669,15000,859555,57
0.102263,1286,88937,69
0.140054,329,462,1
0.189067,81,99,1
0.263601,424,6123,14
0.154477,70,350,5
0.213235,168,205,1
0.225294,103,111,1
0.367044,15000,1401005,93
0.384678,87,111,1
0.345383,85,95,1
0.094602,84,89,1
0.295658,597,1711,2
0.1525,15000,681990,45
0.377827,87,105,1
0.08512,55,89,1
0.066624,6501,466175,71
0.389728,103,112,1
0.393079,15000,780785,52
0.369094,1088,26997,24
0.236287,359,3174,8
0.166894,74,122,1
0.173029,95,99,1
0.230323,137,202,1
0.15395,106,247,2
0.367887,15000,654056,43
0.238556,107,110,1
0.378551,108,112,1
0.140867,102,114,1
0.204518,95,105,1
0.1812,137,212,1
0.244617,106,138,1
0.172908,387,645,1
0.06987,252,459,1
0.279613,124,217,1
0.291009,15000,1177554,78
0.053273,1701,93778,55
0.206287,88,145,1
0.089593,78,90,1
0.085237,5265,380527,72
0.210575,84,105,1
0.229621,75,90,1
0.092091,1186,30197,25
0.239704,88,118,1
0.197717,15000,800359,53
0.130296,84,89,1
0.290024,239,281,1
0.21314,531,9540,17
0.279286,15000,829182,55
0.325489,1125,19315,17
0.099476,2858,231232,80
0.226102,76,121,1
0.230386,1494,53135,35
0.159504,15000,1097485,73
0.35744,4186,152020,36
0.060776,386,1075,2
0.233319,358,1294,3
0.287918,233,647,2
0.376197,133,158,1
0.06739,89,91,1
0.069361,5517,203829,36
0.249751,87,90,1
0.146305,15000,343859,22
0.171073,1149,25407,22
0.188287,88,99,1
0.188842,177,246,1
0.337224,15000,1104775,73
0.111989,113,139,1
0.174253,93,94,1
0.109288,444,3067,6
0.304992,15000,1038439,69
0.06818,1126,32318,28
0.170469,100,108,1
0.382879,113,118,1
0.102136,134,152,1
0.245464,95,101,1
0.213287,15000,845905,56
0.376425,1193,14869,12
0.17794,105,116,1
0.142779,180,577,3
0.167881,189,255,1
0.299771,738,17597,23
0.371402,84,96,1
0.278301,15000,626522,41
0.112236,2716,62136,22
0.119056,4848,146684,30
0.069204,215,297,1
0.34209,74,81,1
0.307683,82,91,1
0.236712,92,156,1
0.108482,66,68,1
0.222584,948,22869,24
0.310939,254,379,1
0.383579,143,176,1
0.336186,340,750,2
0.381274,371,2293,6
0.061824,2870,259013,90
0.398495,778,5445,6
0.163275,15000,1071083,71
0.245489,1612,60770,37
0.340135,15000,721909,48
0.354489,227,444,1
0.085915,6263,535825,85
0.222535,15000,889011,59
0.242728,1448,24135,16
0.352352,250,580,2
0.192425,257,898,3
0.208173,133,252,1
0.266751,15000,746996,49
0.240031,3810,255025,66
0.268062,6685,590768,88
0.242082,126,147,1
0.293337,218,745,3
0.143918,682,14894,21
0.357179,154,159,1
0.32682,5713,551919,96
0.32193,131,147,1
0.287305,15000,966718,64
0.247546,185,634,3
0.114084,94,107,1
0.265581,118,139,1
0.22979,165,279,1
0.139281,80,194,2
0.242648,460,1602,3
0.376705,772,5352,6
0.285293,3194,96077,30
0.070595,499,2302,4
0.125881,87,110,1
0.116794,321,624,1
0.283114,15000,1021854,68
0.078077,1358,71343,52
0.291806,98,115,1
0.31442,145,151,1
0.050761,93,110,1
0.060195,448,15877,35
0.05713,1561,124354,79
0.191822,15000,1176769,78
0.058939,1299,51592,39
0.269876,87,93,1
0.182043,119,190,1
0.233366,5948,224785,37
0.194007,7948,272668,34
0.143642,96,97,1
0.381919,187,794,4
0.374508,81,104,1
0.353671,138,158,1
0.343865,7331,291152,39
0.160784,78,80,1
0.204849,83,88,1
0.236847,657,9689,14
0.374885,15000,414732,27
0.221957,1817,31685,17
0.133832,4249,331449,78
0.100448,77,86,1
0.286511,477,1408,2
0.068182,499,15422,30
0.135091,1656,98928,59
0.35304,156,201,1
0.094757,326,13227,40
0.321114,15000,1047436,69
0.283026,999,13326,13
0.168552,5737,783839,136
0.108639,147,272,1
0.314958,15000,1270324,84
0.13447,1480,38840,26
0.399824,219,316,1
0.21295,111,112,1
0.149615,5619,279996,49
0.051417,93,97,1
0.14195,3718,194437,52
0.306956,15000,625879,41
0.211353,1499,17189,11
0.389086,108,109,1
0.361902,61,79,1
0.17991,165,273,1
0.142454,499,3073,6
0.110926,2594,125723,48
0.10762,205,267,1
0.184294,75,94,1
0.162906,5747,358315,62
0.354757,100,110,1
0.291542,15000,760975,50
0.196638,999,7802,7
0.338957,91,96,1
0.116081,6404,561464,87
0.291919,46,59,1
0.227318,499,4071,8
0.191216,128,386,3
0.108152,5918,418895,70
0.184746,166,205,1
0.159796,1030,38299,37
0.327516,173,990,5
0.296115,190,534,2
0.196798,73,85,1
0.263029,15000,890177,59
0.108519,225,529,2
0.083395,3088,114918,37
0.376271,342,1469,4
0.344536,149,335,2
0.348153,103,157,1
0.248282,15000,387383,25
0.34736,89,97,1
0.114729,114,115,1
0.179783,222,444,2
0.147632,182,209,1
0.318709,15000,1291751,86
0.057833,1071,50714,47
0.152739,2718,215036,79
0.107576,112,113,1
0.215722,15000,935736,62
0.221798,2261,160543,71
0.279828,91,267,2
0.270225,104,106,1
0.285556,154,250,1
0.222956,80,109,1
0.10941,98,101,1
0.391683,85,88,1
0.384063,499,690,1
0.172729,93,136,1
0.205945,149,195,1
0.205737,91,143,1
0.338733,98,149,1
0.109234,9045,434548,48
0.263807,72,927,12
0.178994,164,235,1
0.063769,89,159,1
0.396469,4715,338461,71
0.174961,246,364,1
0.146219,119,151,1
0.132703,15000,862825,57
0.325176,150,186,1
0.094157,6501,825554,126
0.070155,1640,155865,95
0.186138,106,208,1
0.341851,15000,1214778,80
0.214833,93,103,1
0.360366,79,143,1
0.10265,199,510,2
0.222595,177,632,3
0.323219,15000,959574,63
0.290982,158,164,1
0.211495,86,92,1
0.264979,189,444,2
0.111678,7923,414525,52
0.158962,9001,467817,51
0.275699,91,154,1
0.319413,3215,155794,48
0.37339,15000,461755,30
0.213895,1057,19206,18
0.120827,87,99,1
0.131963,159,177,1
0.245702,294,468,1
0.100305,7759,238860,30
0.2206,9100,336383,36
0.381051,292,558,1
0.258564,185,260,1
0.33996,138,156,1
0.324507,74,139,1
0.159188,76,87,1
0.368606,15000,433736,28
0.187313,2595,104460,40
0.128953,88,97,1
0.159199,181,524,2
0.272032,15000,789913,52
0.121079,1689,39736,23
0.236454,138,151,1
0.201771,248,501,2
0.076098,301,836,2
0.2481,15000,1215077,81
0.365282,87,133,1
0.107387,7156,269404,37
0.117712,296,843,2
0.219769,96,100,1
0.136963,5785,205441,35
0.25996,326,1080,3
0.310873,15000,414243,27
0.096155,999,63348,63
0.180678,2545,103170,40
0.241892,6709,594358,88
0.189612,189,242,1
0.293855,15000,873064,58
0.149961,999,15336,15
0.087287,7149,519324,72
0.310467,8662,577528,66
0.39385,101,103,1
0.274151,7733,687976,88
0.285634,86,106,1
0.35544,15000,951497,63
0.218215,1458,60505,41
0.3532,4023,332896,82
0.259512,101,109,1
0.231938,410,880,2
0.274293,15000,1156718,77
0.213864,1039,10114,9
0.14869,208,236,1
0.270375,7502,389709,51
0.164512,121,141,1
0.16136,69,134,1
0.349273,5685,285190,50
0.098662,89,100,1
0.193263,6390,329172,51
0.2735,15000,545084,36
0.057881,1636,185694,113
0.118776,104,132,1
0.29842,239,581,2
0.387559,99,100,1
0.137389,162,2010,12
0.160046,1193,9861,8
0.232843,366,1305,3
0.357406,98,105,1
0.270177,115,126,1
0.128973,1960,89276,45
0.331898,15000,1327822,88
0.195773,1095,39943,36
0.290362,132,152,1
0.201149,74,85,1
0.266316,15000,813122,54
0.347156,1035,18865,18
0.092695,114,239,2
0.360622,102,106,1
0.111032,95,104,1
0.270118,240,885,3
0.096576,15000,942161,62
0.249879,1151,14884,12
0.288922,2358,73792,31
0.290949,98,104,1
0.160748,361,517,1
0.095159,8858,874755,98
0.323452,15000,993899,66
0.112754,1141,62014,54
0.128881,141,156,1
0.363771,133,151,1
0.177045,223,262,1
0.328019,435,977,2
0.168061,7688,587954,76
0.265434,15000,779063,51
0.349298,143,156,1
0.127551,65,93,1
0.112198,264,344,1
0.173072,756,17560,23
0.085163,6858,222483,32
0.225673,293,1485,5
0.33233,15000,422177,28
0.05238,2358,112918,47
0.388662,1138,20463,17
0.239704,4888,204522,41
0.338697,100,105,1
0.28351,88,97,1
0.256921,15000,645172,43
0.246776,999,28144,28
0.392083,138,248,1
0.247715,647,7052,10
0.282953,87,98,1
0.244442,15000,738177,49
0.312976,999,12232,12
0.383252,103,152,1
0.179364,9055,495694,54
0.11912,59,446,7
0.082066,1142,10300,9
0.136147,2614,143485,54
0.103094,72,130,1
0.392044,215,315,1
0.185096,1047,29747,28
0.360578,68,97,1
0.184062,87,95,1
0.332459,15000,1108005,73
0.274899,73,81,1
0.305576,89,113,1
0.088834,115,191,1
0.177792,135,163,1
0.234041,76,93,1
0.330394,15000,459045,30
0.260262,1096,23381,21
0.219634,99,102,1
0.055622,591,5465,9
0.327397,15000,709483,47
0.384155,999,9388,9
0.327113,1999,36635,18
0.174919,104,242,2
0.272765,190,255,1
0.267104,71,87,1
0.287271,9206,879574,95
0.349855,211,2449,11
0.173357,1393,23689,17
0.055043,2705,154360,57
0.055314,108,110,1
0.302567,108,318,2
0.099731,163,491,3
0.294808,15000,463258,30
0.35419,999,9422,9
0.134626,87,145,1
0.069553,439,5362,12
0.072888,9236,990223,107
0.291245,298,1155,3
0.387405,1658,14408,8
0.140149,81,98,1
0.24038,5499,311392,56
0.215771,188,388,2
0.336064,59,95,1
0.342339,77,91,1
0.390947,65,772,11
0.103441,1271,47285,37
0.243553,95,100,1
0.261428,103,106,1
0.10727,85,101,1
0.155149,147,189,1
0.321587,15000,1292089,86
0.306433,98,103,1
0.140077,364,551,1
0.213853,5343,275688,51
0.238058,69,82,1
0.343093,15000,601222,40
0.102091,80,86,1
0.259171,15000,571518,38
0.327281,1024,10500,10
0.18501,2151,133105,61
0.17366,94,108,1
0.33172,473,3922,8
0.270575,15000,914954,60
0.194507,1458,17112,11
0.357767,163,201,1
0.179145,72,103,1
0.371786,67,89,1
0.216772,7668,495972,64
0.376071,131,147,1
0.227598,4957,284133,57
0.058396,287,383,1
0.130792,81,91,1
0.101203,59,64,1
0.209592,15000,654936,43
0.248027,1088,21650,19
0.315611,2794,101289,36
0.169876,157,296,1
0.206142,117,145,1
0.288846,7497,825373,110
0.317036,15000,1082120,72
0.116687,2565,116158,45
0.227206,1519,71927,47
0.090453,98,108,1
0.271659,67,701,10
0.126239,1186,29646,24
0.357831,106,108,1
0.344122,165,367,2
0.330715,15000,433555,28
0.074325,1069,53118,49
0.140129,82,90,1
0.262414,51,67,1
0.394622,6663,406792,61
0.210404,259,530,2
0.252762,15000,606394,40
0.273459,1054,11184,10
0.265567,331,2080,6
0.363537,72,245,3
0.38156,99,104,1
0.289643,15000,1093319,72
0.229422,83,84,1
0.134459,163,223,1
0.323115,862,4037,4
0.10962,15000,492234,32
0.378786,77,98,1
0.176654,369,2231,6
0.189996,7099,332500,46
0.267491,15000,517578,34
0.250925,90,108,1
0.240563,98,105,1
0.125117,380,718,1
0.272513,15000,1398546,93
0.071889,499,7692,15
0.286023,85,103,1
0.102865,89,139,1
0.13649,276,901,3
0.252377,189,547,2
0.275426,2398,105259,43
0.196885,124,146,1
0.348815,15000,1022609,68
0.093159,1951,108474,55
0.34023,64,83,1
0.258269,6498,372977,57
0.3644,103,152,1
0.35105,90,99,1
0.146144,212,264,1
0.240735,320,767,2
0.11107,162,253,1
0.304055,97,263,2
0.393888,15000,631921,42
0.181266,999,16159,16
0.289896,88,105,1
0.392677,61,84,1
0.100357,498,12586,25
0.182972,193,1194,6
0.112969,5456,186047,34
0.313981,137,161,1
0.25782,69,70,1
0.365238,15000,490071,32
0.17998,3284,149860,45
0.192053,97,108,1
0.157163,1131,24553,21
0.394237,15000,750334,50
0.059593,1143,15528,13
0.139555,76,98,1
0.307094,8235,920366,111
0.358248,15000,1103867,73
0.255926,1889,25498,13
0.382587,90,96,1
0.241772,88,100,1
0.142182,139,157,1
0.28478,909,10082,11
0.266551,106,159,1
0.086166,97,99,1
0.125626,83,86,1
0.311261,551,8188,14
0.293184,15000,585939,39
0.155939,1498,17697,11
0.164397,96,103,1
0.148679,6153,408091,66
0.191385,86,96,1
0.274888,68,72,1
0.280548,15000,920434,61
0.28757,1101,31155,28
0.11058,2461,137292,55
0.136837,115,145,1
0.143284,273,374,1
0.10417,7923,729325,92
0.357818,102,205,2
0.33212,109,170,1
0.303794,186,561,3
0.370669,307,584,1
0.27821,140,147,1
0.243639,9498,624096,65
0.317889,609,2720,4
0.231465,81,94,1
0.155733,437,9956,22
0.250394,124,196,1
0.331389,57,62,1
0.074938,91,194,2
0.271054,9786,576089,58
0.238803,440,2552,5
0.072754,410,2428,5
0.139391,991,48436,48
0.388971,226,1169,5
0.230187,256,926,3
0.181261,94,139,1
0.072774,84,99,1
0.07626,117,2316,19
0.204469,1135,30053,26
0.17334,2288,42251,18
0.202084,244,297,1
0.059909,1405,36521,25
0.187557,15000,693350,46
0.107503,1285,54978,42
0.232055,89,97,1
0.256047,7979,361766,45
0.130192,80,84,1
0.089246,491,11718,23
0.227572,403,658,1
0.05504,202,491,2
0.06575,7739,645142,83
0.054146,88,94,1
0.223183,154,200,1
0.120263,227,308,1
0.063126,100,101,1
0.284329,148,189,1
0.100358,347,11203,32
0.289876,1665,41264,24
0.23939,93,117,1
0.149532,61,64,1
0.286844,7847,753604,96
0.188467,714,2497,3
0.152488,847,10148,11
0.217375,1890,22028,11
0.376446,61,82,1
0.278496,15000,990344,66
0.285012,267,435,1
0.222601,80,95,1
0.207495,7028,332017,47
0.09329,1284,32171,25
0.195759,15000,501809,33
0.101667,302,539,1
0.280437,137,152,1
0.186509,920,6714,7
0.299505,149,166,1
0.311114,113,293,2
0.28538,91,92,1
0.062064,661,16160,24
0.278002,335,464,1
0.284372,55,70,1
0.112603,202,307,1
0.227696,15000,601543,40
0.134954,1024,38315,37
0.334378,15000,431449,28
0.179749,1061,19242,18
0.070162,2656,231940,87
0.159063,472,2365,5
0.38017,86,89,1
0.361686,141,151,1
0.391183,120,128,1
0.382115,393,5675,14
0.391325,266,2667,10
0.141151,91,94,1
0.345472,15000,876598,58
0.17819,1035,21895,21
0.37558,132,144,1
0.302256,2140,102464,47
0.307469,109,676,6
0.262321,1347,16885,12
0.370747,104,135,1
0.22905,303,1989,6
0.39352,89,111,1
0.220867,136,253,1
0.34293,589,6788,11
0.077792,403,1719,4
0.149973,3185,127611,40
0.131746,87,90,1
0.277113,135,157,1
0.387911,2176,61683,28
0.313764,15000,442172,29
0.354146,1347,40015,29
0.293512,85,88,1
0.194236,15000,1202515,80
0.071226,1495,67637,45
0.19032,75,82,1
0.245517,83,104,1
0.211192,15000,860200,57
0.130738,1025,24742,24
0.196538,5399,349655,64
0.241448,15000,942897,62
0.054213,80,94,1
0.350762,196,240,1
0.06453,5847,576271,98
0.24263,4927,357874,72
0.108265,347,6901,19
0.330095,1482,30307,20
0.238879,3086,137592,44
0.292313,6547,347348,53
0.265605,15000,711068,47
0.228999,1347,38231,28
0.234299,3869,252927,65
0.062027,72,88,1
0.061534,61,593,9
0.322897,1876,78000,41
0.37798,81,86,1
0.131324,358,3410,9
0.092354,9331,913508,97
0.05771,347,6103,17
0.067254,71,84,1
0.08881,94,105,1
0.225208,15000,899852,59
0.193816,1240,29915,24
0.149187,183,204,1
0.128106,15000,751421,50
0.125333,86,101,1
0.288076,53,68,1
0.213407,837,13816,16
0.142961,128,178,1
0.156044,176,394,2
0.341796,395,1552,3
0.313504,94,153,1
0.214869,15000,598253,39
0.060248,1248,16728,13
0.148415,2847,63906,22
0.383789,101,207,2
0.186862,441,1331,3
0.270248,847,13894,16
0.131155,149,436,2
0.397675,135,214,1
0.078492,8681,375683,43
0.235097,15000,503713,33
0.132763,1040,29105,27
0.339968,143,253,1
0.227865,223,692,3
0.094942,97,109,1
0.368906,101,107,1
0.218255,945,26740,28
0.221026,2283,50897,22
0.140706,104,105,1
0.201895,7659,731382,95
0.241015,187,207,1
0.381951,108,110,1
0.099181,100,106,1
0.264715,15000,1097198,73
0.185906,97,99,1
0.384168,400,774,1
0.066383,8247,704260,85
0.346318,81,97,1
0.132653,103,104,1
0.092605,74,80,1
0.23463,65,673,10
0.373298,1745,43441,24
0.095184,2832,186809,65
0.143339,6847,494145,72
0.166495,2452,193051,78
0.139841,87,97,1
0.14781,553,11633,21
0.050693,190,1046,5
0.285142,202,299,1
0.244417,1271,44314,34
0.275392,167,912,5
0.090381,2691,185198,68
0.338802,954,12953,13
0.3323,74,75,1
0.082553,135,300,2
0.134362,500,1965,3
0.209932,103,110,1
0.256217,2230,37588,16
0.388171,239,3070,12
0.358119,1454,36004,24
0.11318,81,101,1
0.381166,263,1149,4
0.169525,79,102,1
0.300691,15000,806826,53
0.310217,1050,16474,15
0.09818,2454,179051,72
0.284229,338,444,1
0.228046,8101,821580,101
0.30588,15000,1129402,75
0.07826,1327,70008,52
0.21344,959,2083,2
0.168904,148,172,1
0.134984,92,94,1
0.142354,6454,272582,42
0.290496,109,114,1
0.083296,67,641,9
0.111495,1102,23375,21
0.296594,104,242,2
0.130423,15000,598159,39
0.167157,1454,34042,23
0.226385,350,1861,5
0.142579,15000,1003237,66
0.306361,1111,16463,14
0.308617,87,92,1
0.273048,76,95,1
0.204361,6949,381859,54
0.383396,59,99,1
0.374699,86,103,1
0.102674,602,9964,16
0.292406,109,111,1
0.325568,170,2964,17
0.330213,1781,40080,22
0.179242,89,95,1
0.296393,6275,672853,107
0.164301,449,1364,3
0.25266,15000,1062794,70
0.326622,81,130,1
0.270158,207,658,3
0.329645,158,195,1
0.1543,72,85,1
0.135018,82,172,2
0.236553,73,724,9
0.322345,90,100,1
0.247313,797,3668,4
0.123867,5873,600448,102
0.273958,15000,1035797,69
0.06682,1312,88860,67
0.316945,3452,211034,61
0.125007,2225,108379,48
0.390328,474,8534,18
0.051444,102,107,1
0.321539,15000,769819,51
0.31574,1626,49628,30
0.270466,2912,94314,32
0.236791,15000,1012087,67
0.389466,1006,13741,13
0.323359,15000,907771,60
0.267009,1194,19576,16
0.281087,75,90,1
0.095883,230,1047,4
0.069363,83,99,1
0.200606,15000,1196551,79
0.37564,1433,14262,9
0.056222,4360,136397,31
0.15245,7963,303493,38
0.059299,370,3561,9
0.277534,160,347,2
0.078926,257,396,1
0.208574,70,109,1
0.219896,15000,404363,26
0.203535,1307,24481,18
0.172178,76,79,1
0.29922,15000,1149222,76
0.111815,1297,106934,82
0.364163,81,96,1
0.396141,87,114,1
0.298001,15000,1345096,89
0.140146,1338,41119,30
0.271076,115,183,1
0.375888,202,383,1
0.170113,6487,627494,96
0.308658,15000,1234611,82
0.343157,1097,10095,9
0.144902,90,92,1
0.091002,87,149,1
0.396201,130,156,1
0.106122,2839,76908,27
0.106424,810,9994,12
0.317424,15000,1268489,84
0.352454,1124,15148,13
0.272485,105,113,1
0.342245,109,112,1
0.343581,121,202,1
0.285594,168,245,1
0.270687,124,324,2
0.343545,92,98,1
0.076071,86,101,1
0.196537,2035,63813,31
0.193987,104,109,1
0.079271,118,198,1
0.085514,1279,46275,36
0.053092,94,98,1
0.105615,521,4853,9
0.322403,838,24394,29
0.088715,171,293,1
0.142381,109,171,1
0.392289,3438,299479,87
0.39907,97,101,1
0.166976,397,1500,3
0.351269,98,99,1
0.193725,234,2004,8
0.18358,15000,1282140,85
0.079379,219,462,2
0.219193,67,94,1
0.090434,9240,1101595,119
0.36324,293,5733,19
0.171817,95,101,1
0.072884,46,72,1
0.154432,6151,694312,112
0.131783,188,295,1
0.361337,15000,1211924,80
0.353687,1991,148917,74
0.352052,15000,1125458,75
0.192553,1085,55506,51
0.392739,86,93,1
0.052995,306,1366,4
0.390083,15000,1032373,68
0.177841,1151,18988,16
0.301592,181,240,1
0.31091,49,68,1
0.144051,53,72,1
0.071794,131,938,7
0.187721,15000,604144,40
0.3998,139,181,1
0.30948,154,275,1
0.090977,6151,331180,53
0.1152,181,320,1
0.136024,324,2039,6
0.350241,15000,553124,36
0.346422,1386,25724,18
0.336987,2965,56026,18
0.053564,98,105,1
0.090502,593,3238,5
0.248559,15000,1309177,87
0.160038,1382,17283,12
0.353731,93,99,1
0.099519,5403,201553,37
0.357398,15000,447296,29
0.172156,1515,48789,32
0.096773,82,101,1
0.304203,139,283,2
0.305728,15000,529882,35
0.288588,1207,31665,26
0.264068,110,205,1
0.15488,7414,646683,87
0.372529,15000,931863,62
0.333762,1151,21884,19
0.156857,8871,713121,80
0.053918,15000,705744,47
0.097917,1151,44633,38
0.172297,91,99,1
0.218882,101,113,1
0.063286,1627,89727,55
0.204885,106,110,1
0.077548,85,102,1
0.074916,6104,749967,122
0.109947,115,154,1
0.279329,64,109,1
0.142544,8509,900342,105
0.212829,82,95,1
0.332931,15000,1309327,87
0.395455,1405,16136,11
0.182874,309,627,2
0.1388,7035,564387,80
0.140589,1859,80299,43
0.150478,15000,898267,59
0.364585,1405,12155,8
0.139892,2674,213611,79
0.126283,439,5668,12
0.193792,7148,788321,110
0.22292,89,96,1
0.373902,119,160,1
0.260564,727,22979,31
0.271429,1905,42351,22
0.08565,126,151,1
0.328005,188,378,2
0.351967,71,86,1
0.397922,319,4912,15
0.286818,105,115,1
0.301812,15000,708794,47
0.28331,358,4146,11
0.25712,7004,662133,94
0.175988,98,182,1
0.325454,98,110,1
0.235862,905,21868,24
0.330344,86,94,1
0.299763,7019,530891,75
0.156424,149,156,1
0.39474,272,4814,17
0.28451,1296,9475,7
0.111208,3586,224664,62
0.075466,90,101,1
0.253565,651,1730,2
0.280067,861,5947,6
0.099839,134,151,1
0.382927,89,147,1
0.066157,9098,414350,45
0.13725,112,1068,9
0.252215,1236,47842,38
0.072229,136,145,1
0.351309,15000,432669,28
0.268361,1206,23976,19
0.271851,144,150,1
0.121049,6994,758196,108
0.104155,102,152,1
0.245102,15000,1198655,79
0.089238,324,794,2
0.368713,73,206,2
0.143584,1452,110580,76
0.119961,493,2306,4
0.173562,307,4526,14
0.159417,7604,677647,89
0.337276,15000,946190,63
0.270549,999,22374,22
0.116592,3602,262912,72
0.319697,93,113,1
0.05753,499,3585,7
0.238853,1499,26905,17
0.226922,283,557,1
0.296792,4999,522029,104
0.081126,203,222,1
0.107628,275,314,1
0.052387,97,103,1
0.374845,6461,620597,96
0.357885,15000,1133134,75
0.194726,1168,12381,10
0.231679,101,104,1
0.090325,96,109,1
0.222344,294,665,2
0.295401,15000,791675,52
0.190871,1225,25097,20
0.227252,2289,39497,17
0.161175,123,156,1
0.134849,272,758,2
0.18877,88,97,1
0.121607,148,413,2
0.123585,122,130,1
0.330617,941,19274,20
0.150091,2035,41481,20
0.134773,95,135,1
0.098989,74,93,1
0.283062,15000,864894,57
0.263857,143,159,1
0.170838,93,157,1
0.15709,99,113,1
0.181476,179,494,2
0.266464,15000,458878,30
0.067123,1773,115721,65
0.250941,547,2706,4
0.057654,189,1014,5
0.335596,499,1916,3
0.159801,268,379,1
0.247479,270,3114,11
0.249186,93,95,1
0.123289,101,108,1
0.287701,82,258,3
0.149624,1553,89845,57
0.098143,15000,890327,59
0.18465,1199,14273,11
0.302537,83,100,1
0.129683,101,145,1
0.094074,75,94,1
0.158343,7454,565239,75
0.108616,89,106,1
0.281573,15000,740415,49
0.072755,1758,80058,45
0.196134,2809,69687,24
0.203247,111,164,1
0.24394,363,1151,3
0.126277,96,98,1
0.250448,15000,744403,49
0.196218,1368,23450,17
0.149813,144,247,1
0.210987,89,99,1
0.245532,15000,1281410,85
0.333186,1436,23605,16
0.31731,2544,79872,31
0.370526,92,96,1
0.223248,132,164,1
0.249513,15000,1266911,84
0.146127,1134,34506,30
0.149181,2856,164438,57
0.266122,88,94,1
0.328813,15000,1080319,72
0.304691,1040,20811,20
0.252662,2954,107847,36
0.381124,285,1262,4
0.079741,6954,792831,114
0.071176,1918,129387,67
0.325929,459,2708,5
0.142741,230,849,3
0.149194,117,133,1
0.316797,1499,32080,21
0.175818,2499,142258,56
0.151712,93,99,1
0.379956,199,266,1
0.253815,15000,642603,42
0.369493,999,12312,12
0.319355,98,111,1
0.220943,73,78,1
0.104478,122,154,1
0.378453,113,163,1
0.230987,15000,1228930,81
0.354651,1908,48028,25
0.102251,428,3498,8
0.061038,216,358,1
0.231714,15000,1235270,82
0.256929,999,18877,18
0.128396,100,104,1
0.181068,375,502,1
0.321749,578,2042,3
0.095394,893,48153,53
0.063939,100,110,1
0.326253,189,315,1
0.148041,258,612,2
0.287032,87,100,1
0.052205,240,701,2
0.234414,15000,1161706,77
0.265624,1290,25500,19
0.292971,133,165,1
0.194771,102,275,2
0.221551,15000,418474,27
0.245509,86,97,1
0.068436,128,226,1
0.171504,7398,411875,55
0.251945,791,9283,11
0.094253,176,510,2
0.270869,1398,58681,41
0.135054,2955,243244,82
0.343533,222,750,3
0.353297,242,336,1
0.165844,7653,749145,97
0.2139,15000,1227211,81
0.089185,1505,101312,67
0.338824,15000,1137477,75
0.179253,1063,18426,17
0.168615,156,644,4
0.244066,268,1196,4
0.084922,237,261,1
0.231012,15000,567135,37
0.089703,1190,45060,37
0.308853,102,104,1
0.244174,71,113,1
0.088121,107,175,1
0.272116,83,91,1
0.141074,97,204,2
0.22282,1262,18272,14
0.254859,199,416,2
0.11664,83,88,1
0.390762,15000,744911,49
0.342035,1517,26411,17
0.364249,15000,1121622,74
0.353995,1106,11890,10
0.198576,126,143,1
0.098219,98,103,1
0.139494,164,647,3
0.333764,15000,518301,34
0.124883,263,477,1
0.248691,95,119,1
0.159443,15000,336253,22
0.185996,317,2980,9
0.324119,263,384,1
0.201297,587,1148,1
0.378947,114,149,1
0.20696,186,230,1
0.315398,15000,1048271,69
0.321326,1023,35854,35
0.27852,1956,61439,31
0.179551,95,202,2
0.143693,5543,467925,84
0.377008,238,357,1
0.269849,15000,919903,61
0.221771,1025,15435,15
0.241856,123,499,4
0.168237,115,346,3
0.360922,91,93,1
0.272403,533,7668,14
0.314724,15000,1041149,69
0.229106,1174,27729,23
0.149607,2200,158987,72
0.227999,218,1047,4
0.158976,93,96,1
0.209215,138,164,1
0.313215,15000,1077497,71
0.108776,1637,90277,55
0.271023,112,207,1
0.345766,240,432,1
0.090655,7144,780248,109
0.387755,862,12473,14
0.264862,89,99,1
0.171055,1809,17017,9
0.099712,81,136,1
0.121981,105,107,1
0.272628,747,7643,10
0.299282,87,88,1
0.181206,289,804,2
0.271817,167,348,2
0.194422,324,8963,27
0.080318,2499,153729,61
0.352433,103,107,1
0.3259,15000,1186097,79
0.086829,1246,54453,43
0.16798,185,451,2
0.125327,217,1912,8
0.288439,79,131,1
0.207882,1435,37464,26
0.34289,92,96,1
0.299478,118,153,1
0.152719,88,100,1
0.097955,78,83,1
0.075405,741,14564,19
0.060809,936,40741,43
0.134744,183,197,1
0.065609,1800,79889,44
0.201034,206,408,1
0.363493,8241,363847,44
0.397649,15000,435725,29
0.097722,1290,27761,21
0.281337,2756,115758,42
0.339112,173,208,1
0.209155,7452,554992,74
0.330732,15000,832806,55
0.318468,1048,18181,17
0.325032,2583,76021,29
0.2529,83,91,1
0.161353,9329,387052,41
0.299027,367,2047,5
0.102348,1927,119053,61
0.305388,62,95,1
0.065434,123,139,1
0.229869,8632,584416,67
0.213736,15000,615222,41
0.135443,1322,22536,17
0.173013,2331,84362,36
0.086505,78,103,1
0.172245,142,296,2
0.277753,99,118,1
0.242671,150,196,1
0.215677,15000,672961,44
0.185271,1619,57270,35
0.252821,6346,314847,49
0.182656,658,2809,4
0.306229,15000,562055,37
0.255664,1309,39036,29
0.179264,169,309,1
0.351923,77,96,1
0.112513,179,580,3
0.356534,15000,1054080,70
0.131516,1462,66032,45
0.324325,97,115,1
0.189258,198,294,1
0.322732,324,3252,10
0.360921,245,1314,5
0.269649,15000,828146,55
0.160264,156,262,1
0.260164,187,195,1
0.155438,56,61,1
0.148972,111,165,1
0.362963,122,137,1
0.051371,86,90,1
0.116377,1917,85966,44
0.084046,128,298,2
0.219488,55,59,1
0.1196,204,1210,5
0.183779,627,3546,5
0.266662,407,1002,2
0.170939,5756,260838,45
0.312623,196,394,2
0.115098,854,9447,11
0.095243,2631,122568,46
0.131423,104,155,1
0.056812,98,103,1
0.337687,15000,668568,44
0.176822,999,32600,32
0.1869,88,97,1
0.054234,618,60250,97
0.32346,15000,1410517,94
0.263421,1095,29304,26
0.231305,97,100,1
0.181197,92,101,1
0.060362,1656,81379,49
0.243689,15000,777820,51
0.197131,999,21048,21
0.171757,89,104,1
0.301122,399,1247,3
0.250015,15000,639038,42
0.161162,1219,11636,9
0.319758,499,2306,4
0.398532,481,1064,2
0.381916,99,156,1
0.247696,99,147,1
0.243337,128,205,1
0.19046,136,152,1
0.064728,2865,118788,41
0.165332,86,104,1
0.273128,94,98,1
0.095732,86,148,1
0.354111,399,9184,23
0.386425,170,224,1
0.330836,80,89,1
0.326279,235,308,1
0.1817,273,669,2
0.299409,15000,480438,32
0.194183,81,85,1
0.300515,1534,23203,15
0.060369,397,1678,4
0.289494,133,492,3
0.09428,223,236,1
0.350801,97,100,1
0.249728,151,270,1
0.336971,82,88,1
0.060789,240,361,1
0.276874,15000,729414,48
0.189034,1225,27628,22
0.173745,91,150,1
0.25046,15000,1044237,69
0.109989,1142,33112,28
0.114907,87,94,1
0.364893,208,435,2
0.346606,179,413,2
0.12286,80,102,1
0.268415,447,9520,21
0.365,68,91,1
0.174073,554,3070,5
0.368212,245,429,1
0.170042,7358,543785,73
0.272854,97,105,1
0.130677,200,659,3
0.174624,1725,28417,16
0.062091,3313,331999,100
0.381989,139,153,1
0.231639,8332,734052,88
0.133417,156,269,1
0.305193,71,86,1
0.175219,93,108,1
0.285549,15000,1116730,74
0.059802,1916,81751,42
0.161354,301,673,2
0.316589,15000,614306,40
0.323369,1098,23859,21
0.136642,3313,269292,81
0.162356,147,155,1
0.167207,9132,754727,82
0.104372,157,1724,10
0.350994,1263,13449,10
0.129909,2354,109839,46
0.192711,91,302,3
0.321768,15000,808590,53
0.142529,1213,27787,22
0.075073,2416,174151,72
0.235082,83,91,1
0.181868,5057,237805,47
0.313243,93,97,1
0.343457,44,68,1
0.340193,15000,925600,61
0.210273,1210,13708,11
0.349576,79,85,1
0.199286,73,90,1
0.065153,6103,336035,55
0.22243,179,509,2
0.116502,2864,118733,41
0.280259,15000,625401,41
0.192889,1129,33011,29
0.262255,2151,72883,33
0.146236,90,93,1
0.385731,88,99,1
0.098688,91,114,1
0.38473,84,107,1
0.186731,15000,863291,57
0.126175,385,657,1
0.285315,101,105,1
0.240598,15000,774275,51
0.10961,588,7239,12
0.327752,15000,1316648,87
0.353136,48,53,1
0.387415,88,96,1
0.097988,6603,837094,126
0.205539,15000,1393515,92
0.146339,1739,67746,38
0.205984,95,152,1
0.099279,87,105,1
0.26033,85,102,1
0.137435,87,242,2
0.196628,831,10540,12
0.163554,116,157,1
0.358778,130,152,1
0.389908,15000,393210,26
0.097407,1007,19722,19
0.300625,84,106,1
0.398058,192,274,1
0.391886,154,220,1
0.261964,161,418,2
0.328765,15000,412044,27
0.076636,1224,80971,66
0.341517,2773,85586,30
0.209275,6553,379403,57
0.368079,7960,390225,49
0.210729,82,92,1
0.163952,92,105,1
0.263513,5513,238908,43
0.316234,15000,568677,37
0.211804,2591,88731,34
0.133482,206,253,1
0.225504,1164,17527,15
0.324528,15000,470871,31
0.141354,1083,14795,13
0.32528,3003,83044,27
0.080695,4893,275839,56
0.316307,153,195,1
0.328814,8115,411278,50
0.063156,134,308,2
0.300111,2999,201043,67
0.224993,49,50,1
0.184976,111,192,1
0.246215,148,157,1
0.24798,100,108,1
0.381675,446,7586,17
0.05453,1668,90289,54
0.331211,15000,643820,42
0.230737,2091,51297,24
0.327853,199,1079,5
0.337295,83,87,1
0.359036,154,178,1
0.399542,4446,273768,61
0.180879,88,144,1
0.187184,342,7833,22
0.112308,51,66,1
0.309918,3062,234223,76
0.174749,104,163,1
0.084893,136,537,3
0.158242,62,1575,25
0.099862,1062,39274,36
0.333636,76,84,1
0.108271,255,361,1
0.195195,6953,612871,88
0.193405,15000,1011432,67
0.168027,1562,157838,101
0.1865,87,98,1
0.362153,477,2846,5
0.150713,145,151,1
0.367505,15000,941468,62
0.105198,105,106,1
0.361833,88,102,1
0.333466,5062,477457,94
0.058836,2951,213756,72
0.181608,74,88,1
0.152022,1062,8851,8
0.17227,116,823,7
0.281697,1501,46567,31
0.100423,3501,315247,90
0.284283,90,98,1
0.197212,4230,498652,117
0.282368,15000,1323161,88
0.065016,90,115,1
0.297217,86,95,1
0.324662,15000,517967,34
0.29665,1001,41571,41
0.382245,120,159,1
0.34378,5591,404420,72
0.241216,85,94,1
0.309445,15000,753595,50
0.244477,1001,63484,63
0.328692,123,490,3
0.261253,6780,595127,87
0.359203,294,780,2
0.077558,97,107,1
0.157771,1984,158465,79
0.176671,93,110,1
0.365383,15000,1075956,71
0.252125,76,148,1
0.314356,6001,548071,91
0.190781,131,140,1
0.112317,143,201,1
0.15795,1399,54453,38
0.311879,15000,1139921,75
0.216209,1047,15346,14
0.222855,96,100,1
0.341447,748,9311,12
0.107283,254,395,1
0.313011,499,20408,40
0.288512,1499,46846,31
0.104419,2999,301997,100
0.211459,98,113,1
0.311116,384,661,1
0.170938,499,17874,35
0.280547,178,468,2
0.302725,88,136,1
0.173683,85,100,1
0.085866,247,1777,7
0.100039,535,13719,25
0.098538,75,94,1
0.348651,88,96,1
0.18307,757,2857,3
0.340786,149,395,2
0.15415,73,92,1
0.259269,1004,29010,28
0.354015,91,93,1
0.332564,103,108,1
0.102886,141,161,1
0.280736,15000,756425,50
0.214494,1170,30203,25
0.222903,171,241,1
0.093365,291,2552,8
0.073548,831,6837,8
0.331442,15000,1143698,76
0.317959,1011,10833,10
0.101328,104,108,1
0.289923,99,101,1
0.188963,410,3939,9
0.126644,8840,382833,43
0.241496,15000,427487,28
0.203559,199,353,1
0.3031,74,98,1
0.184385,5475,234544,42
0.127562,655,4820,7
0.12388,15000,464306,30
0.090876,99,143,1
0.326419,90,99,1
0.126243,138,155,1
0.191716,258,439,1
0.183871,15000,559396,37
0.285565,1129,28668,25
0.353148,145,227,1
0.337183,6966,349268,50
0.105054,138,158,1
0.160975,182,205,1
0.064293,348,466,1
0.063699,65,223,3
0.255645,1087,28715,26
0.397212,97,110,1
0.174175,81,97,1
0.373447,272,442,1
0.130329,228,1493,6
0.168167,88,90,1
0.290219,129,310,2
0.185263,81,137,1
0.086952,205,676,3
0.39952,87,93,1
0.324535,167,391,2
0.153927,4604,182013,39
0.149197,88,142,1
0.059045,199,259,1
0.384528,181,340,1
0.291272,15000,505738,33
0.243534,1110,10612,9
0.102591,88,102,1
0.354495,230,661,2
0.225677,90,102,1
0.394284,192,331,1
0.069987,118,252,2
0.109549,6536,262602,40
0.148,340,643,1
0.26177,15000,462641,30
0.136244,1216,36924,30
0.257734,80,117,1
0.382292,142,156,1
0.326184,89,106,1
0.372627,15000,466807,31
0.214879,469,1428,3
0.333228,104,105,1
0.216515,259,620,2
0.139242,7774,386129,49
0.127981,101,115,1
0.264175,543,4133,7
0.215024,325,451,1
0.129795,96,112,1
0.375517,55,60,1
0.08151,15000,554660,36
0.348275,1422,10933,7
0.067018,204,1706,8
0.284468,77,93,1
0.058271,104,148,1
0.384976,589,5789,9
0.167096,196,220,1
0.374347,6619,615493,92
0.334518,15000,1144764,76
0.395772,1322,21793,16
0.271302,140,161,1
0.180037,188,229,1
0.054805,1540,129655,84
0.316578,15000,1122424,74
0.184287,1090,20131,18
0.185478,2191,135007,61
0.394875,144,167,1
0.278771,113,115,1
0.346939,217,1508,6
0.356605,107,109,1
0.240807,15000,1176417,78
0.090256,1389,34469,24
0.086788,117,157,1
0.131576,1793,152881,85
0.339278,15000,1077549,71
0.248905,1009,52017,51
0.155543,71,84,1
0.110407,999,35241,35
0.23828,15000,962468,64
0.156894,1404,18534,13
0.121828,84,89,1
0.201083,7694,463280,60
0.279888,90,132,1
0.071007,2920,72794,24
0.055134,77,87,1
0.271187,101,108,1
0.174697,110,192,1
0.144456,81,104,1
0.169074,81,90,1
0.361903,157,270,1
0.338958,15000,605220,40
0.122067,1086,82338,75
0.186785,555,1612,2
0.25582,146,165,1
0.318093,15000,1062854,70
0.178904,77,84,1
0.072035,368,3394,9
0.297625,89,109,1
0.256061,1794,21857,12
0.122615,6344,821530,129
0.065225,7415,876154,118
0.179747,574,12004,20
0.364798,103,106,1
0.286448,15000,1446616,96
0.257625,1525,37786,24
0.21773,2942,296254,100
0.361351,79,83,1
0.279542,73,94,1
0.294808,158,208,1
0.360895,942,18885,20
0.310765,181,196,1
0.070471,91,94,1
0.069407,96,151,1
0.219176,100,110,1
0.187218,8983,394329,43
0.243423,15000,433761,28
0.15093,1497,54851,36
0.12891,102,103,1
0.072129,105,134,1
0.101798,124,135,1
0.309096,15000,1389792,92
0.249598,1442,26488,18
0.151419,184,211,1
0.070186,97,156,1
0.190645,97,151,1
0.352309,543,7298,13
0.201321,2284,179964,78
0.157718,103,147,1
0.234086,154,281,1
0.142484,109,111,1
0.261978,15000,1027255,68
0.091313,1442,75281,52
0.322652,159,207,1
0.240083,7442,699703,94
0.223282,15000,922743,61
0.23375,1351,43029,31
0.257766,2942,160738,54
0.328482,4936,403378,81
0.082346,273,3013,11
0.073377,2509,328359,130
0.361316,94,111,1
0.293323,15000,1162023,77
0.09576,1133,46064,40
0.288504,105,144,1
0.084517,97,162,1
0.177974,64,569,8
0.32074,1442,22610,15
0.055213,2583,132891,51
0.091406,89,109,1
0.376193,161,227,1
0.167797,7047,417717,59
0.140151,206,621,3
0.37956,84,94,1
0.380239,373,529,1
0.18381,93,149,1
0.335187,15000,754936,50
0.373786,110,149,1
0.1807,204,567,2
0.168293,430,1399,3
0.367239,86,104,1
0.247496,92,98,1
0.266565,88,96,1
0.146969,727,32129,44
0.194868,145,156,1
0.06434,3102,200327,64
0.091007,68,179,2
0.371781,90,109,1
0.090306,157,272,1
0.140802,15000,447570,29
0.218309,162,507,3
0.234954,145,200,1
0.055364,103,104,1
0.110651,7802,819062,104
0.342567,15000,1102351,73
0.228191,1501,68729,45
0.186941,337,2233,6
0.171982,6135,551520,89
0.379754,74,84,1
0.347182,82,85,1
0.356905,15000,1259108,83
0.380023,440,2624,5
0.10034,589,1425,2
0.057475,304,1902,6
0.203976,332,655,1
0.256389,15000,366897,24
0.284534,1396,22917,16
0.050852,5647,508219,89
0.200979,105,106,1
0.160367,4754,351431,73
0.310342,15000,668323,44
0.180433,1298,46421,35
0.307827,81,102,1
0.215877,63,68,1
0.230507,15000,942753,62
0.22168,1298,44153,34
0.131121,15000,1054069,70
0.210734,1135,14581,12
0.351312,469,1087,2
0.134272,97,98,1
0.098457,2400,87192,36
0.263463,5999,286228,47
0.11938,72,102,1
0.294713,15000,485209,32
0.234584,999,13277,13
0.255513,133,159,1
0.251161,304,771,2
0.233293,351,4206,11
0.050055,9091,846518,93
0.306702,90,148,1
0.389305,88,91,1
0.109574,84,95,1
0.313612,15000,1036172,69
0.176227,1026,34678,33
0.195858,3391,165534,48
0.081206,101,102,1
0.392683,117,118,1
0.136131,7208,816257,113
0.196854,15000,1087083,72
0.304501,1592,18670,11
0.169146,69,99,1
0.311822,138,411,2
0.137733,96,112,1
0.290073,15000,426235,28
0.135564,1688,92432,54
0.233145,99,100,1
0.29565,131,156,1
0.103542,86,1544,17
0.098413,1991,109534,55
0.136005,126,163,1
0.243997,6835,705563,103
0.330791,15000,1171469,78
0.250501,1293,38914,30
0.285137,123,140,1
0.152806,6873,897986,130
0.345613,1646,59821,36
0.332563,891,18015,20
0.311648,507,3627,7
0.094255,49,190,3
0.187569,682,5099,7
0.303333,15000,334095,22
0.123188,1792,103880,57
0.072829,252,695,2
0.138368,92,102,1
0.385387,88,90,1
0.317505,70,95,1
0.131472,8689,724975,83
0.140576,649,22598,34
0.11544,1796,127228,70
0.303051,102,103,1
0.110395,136,425,3
0.245209,240,5160,21
0.220271,85,93,1
0.068213,748,16177,21
0.251477,2034,29163,14
0.196194,134,392,2
0.129624,5629,506615,90
0.050626,111,134,1
0.066506,391,7372,18
0.097454,91,103,1
0.105732,499,1113,2
0.119377,96,110,1
0.284848,94,97,1
0.355531,15000,578589,38
0.250543,1230,23453,19
0.248534,101,105,1
0.07918,85,95,1
0.289511,15000,470863,31
0.228489,1181,8210,6
0.34442,104,196,1
0.141723,6190,558812,90
0.109295,999,14362,14
0.103605,89,94,1
0.206234,15000,1059180,70
0.133974,1044,47721,45
0.198339,335,751,2
0.307057,15000,1106164,73
0.05075,2138,113670,53
0.147171,172,302,1
0.252914,6327,324000,51
0.142187,105,108,1
0.205407,15000,627814,41
0.335611,1122,14588,13
0.190493,8176,897322,109
0.095609,2689,201771,75
0.177106,1433,39708,27
0.340187,80,92,1
0.217237,8420,384009,45
0.24121,15000,427772,28
0.2283,1233,22764,18
0.093297,83,96,1
0.305781,99,111,1
0.165206,6936,845639,121
0.218308,15000,1316811,87
0.196018,2241,87746,39
0.330985,112,132,1
0.271152,8524,505346,59
0.286052,15000,648199,43
0.30189,1176,33177,28
0.247327,116,145,1
0.321539,15000,741943,49
0.230879,1053,23963,22
0.118789,150,169,1
0.30929,108,109,1
0.387653,61,447,7
0.185693,999,7771,7
0.109344,131,144,1
0.399345,93,111,1
0.19944,176,4968,28
0.332989,416,2537,6
0.266571,88,117,1
0.266176,15000,788520,52
0.246323,85,99,1
0.236689,96,98,1
0.152885,122,155,1
0.08029,150,160,1
0.186256,15000,990597,66
0.12911,1361,134418,98
0.15568,2676,298593,111
0.37802,124,155,1
0.119021,110,132,1
0.369177,15000,1294962,86
0.249654,1507,75460,50
0.167931,3151,136686,43
0.08296,86,97,1
0.254841,238,1116,4
0.211476,309,1939,6
0.257274,101,104,1
0.313373,94,98,1
0.141656,363,2445,6
0.357267,87,109,1
0.386593,116,141,1
0.121997,5339,411029,76
0.302198,85,87,1
0.311469,218,1188,5
0.111324,96,114,1
0.079418,87,913,10
0.122269,1424,120762,84
0.386749,101,204,2
0.132385,675,26401,39
0.054189,3775,311354,82
0.166135,70,783,11
0.194177,1265,31576,24
0.264259,135,149,1
0.283672,15000,556108,37
0.273613,1110,10063,9
0.287219,86,96,1
0.350121,204,369,1
0.111495,159,216,1
0.377304,91,96,1
0.217777,15000,850084,56
0.055051,1233,43411,35
0.25703,79,89,1
0.285807,248,349,1
0.341749,8649,342333,39
0.257119,15000,459496,30
0.339839,3429,105774,30
0.385223,206,372,1
0.092598,955,29999,31
0.324708,2163,81192,37
0.241383,170,245,1
0.272083,51,52,1
0.333846,15000,363249,24
0.122377,84,139,1
0.319209,95,97,1
0.271979,65,369,5
0.106749,1156,44271,38
0.06178,100,103,1
0.168062,120,133,1
0.208191,75,101,1
0.136663,8346,507464,60
0.365833,15000,586159,39
0.097581,1134,24201,21
0.353619,69,94,1
0.336422,103,215,2
0.114296,137,323,2
0.195068,129,182,1
0.325743,15000,635679,42
0.221552,3179,351948,110
0.067558,283,385,1
0.228513,69,92,1
0.275783,97,113,1
0.178145,40,60,1
0.231337,15000,1077399,71
0.168129,999,6954,6
0.12522,135,152,1
0.112371,213,297,1
0.363385,690,4940,7
0.282304,15000,508067,33
0.166046,999,36367,36
0.23555,2379,62088,26
0.300275,90,154,1
0.125776,531,2361,4
0.320332,15000,1046134,69
0.280728,999,30616,30
0.209101,1999,60942,30
0.114351,123,132,1
0.064535,271,2500,9
0.222307,114,204,1
0.184883,8801,916417,104
0.286787,15000,1127360,75
0.051069,1499,53837,35
0.358494,15000,460185,30
0.161215,999,20028,20
0.206343,69,79,1
0.372951,85,92,1
0.220686,93,152,1
0.204246,95,163,1
0.195533,642,25884,40
0.305526,15000,1197014,79
0.114116,1130,49849,44
0.299922,2358,158661,67
0.26535,103,110,1
0.269297,384,4986,12
0.247905,15000,1199272,79
0.350163,1393,20557,14
0.216161,79,96,1
0.310829,107,233,2
0.052969,99,103,1
0.302003,15000,598697,39
0.272599,999,16655,16
0.206032,2144,129417,60
0.19887,99,102,1
0.378502,82,107,1
0.16931,80,85,1
0.320601,15000,997199,66
0.206506,2105,62171,29
0.207551,3499,86676,24
0.14275,7670,431536,56
0.330159,15000,574307,38
0.348758,79,88,1
0.115633,87,113,1
0.340484,15000,409992,27
0.305807,1794,26254,14
0.174743,2999,112127,37
0.115435,527,5881,11
0.146787,103,111,1
0.289884,807,10898,13
0.27483,15000,1049009,69
0.142051,999,32988,33
0.343105,90,101,1
0.080783,96,109,1
0.304693,15000,1350025,90
0.197521,1693,42975,25
0.181997,247,711,2
0.179736,2133,140002,65
0.065646,144,149,1
0.315291,15000,1146500,76
0.135019,999,27222,27
0.131012,3596,187849,52
0.147764,7305,523720,71
0.32386,439,2111,4
0.25391,15000,723653,48
0.070491,1094,11253,10
0.205139,89,140,1
0.371837,15000,1359675,90
0.089277,1231,61254,49
0.284342,459,1265,2
0.232736,93,105,1
0.371962,378,1137,3
0.257708,702,4883,6
0.317549,232,248,1
0.16316,96,98,1
0.261089,409,1352,3
0.346112,108,140,1
0.264508,999,24170,24
0.284504,15000,1144715,76
0.332522,1054,17089,16
0.362568,128,188,1
0.219243,111,131,1
0.156723,6872,632628,92
0.222637,85,92,1
0.114523,9201,835799,90
0.167117,93,100,1
0.206823,15000,1063217,70
0.35584,1219,34057,27
0.221965,3204,65559,20
0.302039,72,82,1
0.317342,158,184,1
0.209837,8704,766596,88
0.282417,216,2399,11
0.164818,217,260,1
0.203403,7207,630857,87
0.205786,15000,972806,64
0.344952,1104,9197,8
0.391419,79,109,1
0.216423,81,84,1
0.369499,127,174,1
0.05836,76,120,1
0.324568,15000,1103620,73
0.231818,1650,33168,20
0.209163,5055,196967,38
0.106417,80,89,1
0.307858,15000,470337,31
0.228585,1559,63345,40
0.337323,83,98,1
0.085283,138,248,1
0.195325,232,702,3
0.333593,15000,655036,43
0.345336,1048,14055,13
0.073041,55,65,1
0.287992,15000,657618,43
0.056733,1919,123029,64
0.170124,15000,652547,43
0.16333,1849,151253,81
0.361302,92,96,1
0.278112,15000,1306883,87
0.250467,1152,32234,27
0.320398,140,214,1
0.133103,84,109,1
0.080582,8951,499365,55
0.362334,15000,578951,38
0.109065,1379,71608,51
0.199958,106,115,1
0.325013,15000,754150,50
0.296721,157,222,1
0.235918,6218,411499,66
0.216254,15000,715308,47
0.182911,1814,43216,23
0.189427,3451,278165,80
0.247511,15000,958967,63
0.213945,57,70,1
0.298453,155,163,1
0.081121,66,661,10
0.344085,1593,42553,26
0.247908,198,247,1
0.151336,307,2087,6
0.288603,15000,1021972,68
0.08193,1268,33933,26
0.146986,1022,15388,15
0.106167,66,92,1
0.279634,106,108,1
0.268259,66,84,1
0.259044,15000,1157785,77
0.358181,80,103,1
0.265365,202,421,2
0.249217,78,96,1
0.093869,6722,275250,40
0.169549,8624,327307,37
0.386979,2441,81484,33
0.243375,85,87,1
0.318952,4006,155813,38
0.062668,98,100,1
0.242419,157,252,1
0.382156,83,113,1
0.299447,122,140,1
0.150809,4251,165736,38
0.321317,15000,420261,28
0.196648,1326,49215,37
0.349429,15000,824663,54
0.234719,2302,91767,39
0.17345,89,96,1
0.368516,288,614,2
0.235152,212,417,1
0.335157,263,440,1
0.133788,87,101,1
0.382747,1150,21710,18
0.334559,3145,126151,40
0.086036,256,535,2
0.119698,83,169,2
0.398007,164,363,2
0.329367,15000,931482,62
0.220675,94,147,1
0.054741,161,390,2
0.136274,440,2624,5
0.206399,9831,476953,48
0.054405,133,299,2
0.223213,141,240,1
0.381847,6270,536041,85
0.120673,7492,654781,87
0.094082,128,325,2
0.220154,15000,1183475,78
0.165061,999,22422,22
0.065576,116,216,1
0.31918,106,160,1
0.29978,6999,357560,51
0.092687,97,200,2
0.320533,15000,543670,36
0.063092,1408,69716,49
0.101708,220,632,2
0.260428,94,100,1
0.338112,240,404,1
0.283299,15000,494208,32
0.38431,119,241,2
0.149274,107,145,1
0.164535,5915,312434,52
0.322479,2545,115938,45
0.304424,15000,624161,41
0.071149,1784,113828,63
0.167895,3499,248368,70
0.245022,283,1830,6
0.348362,6337,316320,49
0.097267,100,107,1
0.221406,93,95,1
0.144751,177,322,1
0.120818,8837,818056,92
0.285412,15000,1012139,67
0.075469,1665,99478,59
0.294741,2674,62833,23
0.397914,91,97,1
0.168027,8470,890982,105
0.147547,3430,197036,57
0.364149,92,194,2
0.142257,15000,1031840,68
0.138908,89,90,1
0.059672,99,100,1
0.129169,97,100,1
0.331926,78,97,1
0.07097,237,563,2
0.112045,347,790,2
0.380247,999,25109,25
0.341218,238,363,1
0.36615,103,108,1
0.215596,15000,848020,56
0.067895,452,1514,3
0.363173,108,110,1
0.285137,58,101,1
0.237352,15000,613627,40
0.371658,999,13597,13
0.125448,2429,174578,71
0.064397,8477,695941,82
0.145619,15000,872188,58
0.223861,1308,32054,24
0.267132,97,119,1
0.146269,99,144,1
0.345276,104,106,1
0.081858,311,795,2
0.054443,82,100,1
0.270163,15000,801389,53
0.241982,1999,57477,28
0.398016,100,101,1
0.106084,319,6624,20
0.063531,755,25270,33
0.19251,71,136,1
0.212608,2878,127099,44
0.12188,7386,336447,45
0.391409,5887,252424,42
0.397024,62,98,1
0.212021,146,363,2
0.33525,499,9334,18
0.287999,158,585,3
0.2976,616,5352,8
0.071285,4359,142695,32
0.319408,187,373,1
0.127883,152,185,1
0.093709,4471,267668,59
0.056686,432,4318,9
0.053967,91,206,2
0.343913,84,106,1
0.177178,6654,290852,43
0.282211,941,12561,13
0.310003,15000,482675,32
0.326024,1228,38859,31
0.112306,2738,302758,110
0.169993,5499,522730,95
0.241797,305,706,2
0.097534,78,179,2
0.231376,230,3971,17
0.076983,250,469,1
0.218359,15000,1172523,78
0.277391,1416,15513,10
0.198149,15000,738805,49
0.24912,1416,28079,19
0.136275,1208,19976,16
0.396508,492,1328,2
0.337705,9916,679410,68
0.349739,916,24845,27
0.179681,6745,472617,70
0.071788,608,32588,53
0.242143,74,155,2
0.203966,5542,416628,75
0.329744,15000,859468,57
0.083219,4393,448648,102
0.111165,78,81,1
0.187747,99,101,1
0.315296,15000,1288140,85
0.066466,1253,25349,20
0.191912,496,13976,28
0.084898,5999,290027,48
0.069255,94,99,1
0.137762,125,261,2
0.080997,873,6341,7
0.116298,1880,25922,13
0.284164,240,478,1
0.392014,92,101,1
0.115956,87,91,1
0.065984,121,143,1
0.384083,402,720,1
0.190005,15000,442191,29
0.306238,999,16307,16
0.100458,1999,123089,61
0.177685,92,106,1
0.065698,79,87,1
0.230084,90,146,1
0.340462,15000,818155,54
0.101892,1183,25530,21
0.102949,125,140,1
0.270279,90,112,1
0.23573,182,572,3
0.325104,15000,490101,32
0.327489,1265,18858,14
0.132427,2466,158237,64
0.180237,106,107,1
0.334632,15000,945964,63
0.103003,1186,71837,60
0.20433,499,1382,2
0.158187,7999,453841,56
0.21718,15000,666097,44
0.336282,999,15293,15
0.227734,2373,213474,89
0.266568,15000,1273432,84
0.051356,1029,20742,20
0.201194,2035,32519,15
0.282258,107,226,2
0.189888,43,64,1
0.076874,15000,650512,43
0.081222,999,32977,33
0.153979,203,636,3
0.355184,3950,129587,32
0.204417,633,10143,16
0.262525,200,317,1
0.32863,499,12997,26
0.178381,1499,21243,14
0.186218,2999,49888,16
0.071069,799,10940,13
0.2082,406,748,1
0.195271,373,2357,6
0.228849,2243,50091,22
0.126251,128,153,1
0.310972,101,102,1
0.184992,15000,1258968,83
0.277461,1063,16288,15
0.122364,93,107,1
0.344886,353,6748,19
0.138865,498,6013,12
0.11441,451,7279,16
0.259715,77,88,1
0.056613,166,232,1
0.203695,15000,644487,42
0.20248,85,145,1
0.092244,4308,196876,45
0.133262,240,666,2
0.258783,198,324,1
0.29155,15000,504451,33
0.25919,1178,22694,19
0.142052,84,97,1
0.099567,103,106,1
0.214399,237,919,3
0.062277,7158,315936,44
0.334052,15000,575431,38
0.07576,92,98,1
0.171971,154,217,1
0.350776,140,173,1
0.317454,7498,318910,42
0.115294,499,15979,32
0.052498,2499,78230,31
0.257238,655,5152,7
0.216158,199,513,2
0.300314,3926,142380,36
0.056047,74,103,1
0.385199,408,4902,12
0.347,1853,41349,22
0.190578,73,84,1
0.31878,5413,371248,68
0.311957,87,107,1
0.373463,15000,694365,46
0.3941,1092,29403,26
0.300492,91,97,1
0.274802,15000,1271275,84
0.130616,1196,12536,10
0.330212,132,150,1
0.244925,844,14457,17
0.225181,15000,586551,39
0.308298,1092,49842,45
0.366867,3248,211585,65
0.200772,102,108,1
0.120351,167,197,1
0.220846,127,288,2
0.313501,15000,869034,57
0.221807,1072,25725,23
0.302332,172,700,4
0.322079,87,101,1
0.136499,5092,492511,96
0.358718,55,59,1
0.27167,85,87,1
0.373123,72,137,1
0.059176,165,227,1
0.260269,15000,637382,42
0.136475,2258,138735,61
0.302118,15000,741314,49
0.370815,105,659,6
0.190008,704,6060,8
0.079656,2501,84440,33
0.233895,94,97,1
0.242576,74,102,1
0.195213,93,111,1
0.296443,15000,672294,44
0.215134,2058,205719,99
0.27062,111,127,1
0.198917,1934,185494,95
0.360661,15000,1229758,81
0.091449,60,65,1
0.336597,152,461,3
0.088588,175,284,1
0.386985,15000,1259734,83
0.056413,80,82,1
0.050936,88,92,1
0.324892,193,340,1
0.140451,5688,497192,87
0.292757,6422,644828,100
0.263014,115,142,1
0.305462,153,496,3
0.119608,1693,103297,61
0.226445,898,7300,8
0.121283,83,96,1
0.221364,77,90,1
0.392529,1049,21112,20
0.295496,92,105,1
0.367951,96,211,2
0.19338,264,742,2
0.153063,94,113,1
0.05426,434,4598,10
0.341606,117,150,1
0.12508,98,103,1
0.346497,178,201,1
0.151743,90,101,1
0.390964,86,99,1
0.050054,89,97,1
0.166723,403,12458,30
0.28447,75,106,1
0.366958,78,121,1
0.239584,91,97,1
0.231102,15000,1027981,68
0.090358,1102,126012,114
0.102527,121,155,1
0.066264,193,254,1
0.277509,94,141,1
0.381987,86,94,1
0.260022,186,257,1
0.383141,436,5457,12
0.142198,15000,837140,55
0.096679,71,98,1
0.274378,68,84,1
0.288111,15000,453556,30
0.390178,287,409,1
0.312737,4501,250629,55
0.253657,73,84,1
0.348631,15000,576266,38
0.119524,1001,91627,91
0.293409,104,107,1
0.261731,105,118,1
0.312494,15000,1300923,86
0.193188,2564,154879,60
0.217499,459,1575,3
0.24911,92,108,1
0.123911,9212,790872,85
0.071685,1094,56496,51
0.118524,241,319,1
0.193073,7895,604062,76
0.25468,15000,706971,47
0.161349,15000,926640,61
0.360297,843,2428,2
0.201527,15000,1235450,82
0.109994,2285,189555,82
0.119724,85,98,1
0.277307,178,1019,5
0.234211,15000,841765,56
0.118143,127,361,2
0.066617,245,789,3
0.066015,6199,554182,89
0.178687,89,102,1
0.196946,15000,1143410,76
0.284298,1001,20852,20
0.284204,73,91,1
0.241281,67,82,1
0.055349,1105,1606,1
0.124686,15000,531078,35
0.355704,222,468,2
0.371752,6836,961840,140
0.323705,15000,1202862,80
0.302119,90,96,1
0.053105,81,102,1
0.24505,15000,1354818,90
0.257664,1001,16872,16
0.341807,124,148,1
0.231606,170,203,1
0.323029,15000,1460835,97
0.158384,93,99,1
0.060325,95,99,1
0.38063,89,92,1
0.263812,8001,596128,74
0.276091,15000,769288,51
0.308789,442,1081,2
0.387958,86,135,1
0.062336,179,453,2
0.134732,81,87,1
0.288306,102,147,1
0.10886,103,104,1
0.092044,15000,817642,54
0.144028,1001,57326,57
0.281424,44,74,1
0.093115,458,15965,34
0.214201,7307,403110,55
0.283915,15000,643499,42
0.198142,125,144,1
0.167663,85,193,2
0.113801,112,113,1
0.144549,1215,9138,7
0.099453,79,1619,20
0.316989,70,82,1
0.271164,120,313,2
0.204289,548,10008,18
0.118841,140,1606,11
0.202849,185,195,1
0.280032,4666,247421,53
0.110473,211,310,1
0.152913,301,991,3
0.381857,148,200,1
0.253411,97,147,1
0.126166,130,147,1
0.359532,15000,483597,32
0.060315,1473,134158,91
0.346567,106,110,1
0.144666,879,21183,24
0.112015,66,92,1
0.139734,182,297,1
0.198674,232,9621,41
0.116538,5945,510767,85
0.257217,15000,986527,65
0.26578,97,100,1
0.337911,396,1115,2
0.211635,253,457,1
0.105354,145,171,1
0.092359,97,115,1
0.339326,84,105,1
0.37023,62,101,1
0.136925,789,14722,18
0.235702,6008,309229,51
0.227386,80,139,1
0.250414,15000,496465,33
0.203242,1541,115905,75
0.347461,192,317,1
0.281015,98,101,1
0.342419,15000,711202,47
0.091333,1216,30300,24
0.074282,92,95,1
0.396328,90,119,1
0.094282,6761,360084,53
0.29089,15000,642887,42
0.121869,1541,68399,44
0.136145,106,178,1
0.326691,146,208,1
0.106547,56,60,1
0.235612,15000,1058514,70
0.372892,1041,17907,17
0.367776,2852,31254,10
0.295323,394,604,1
0.285712,582,7112,12
0.279964,15000,1285818,85
0.341362,85,95,1
0.146939,180,338,1
0.243525,128,146,1
0.236599,105,142,1
0.341073,55,78,1
0.137881,205,420,2
0.104173,6793,324842,47
0.309218,15000,445114,29
0.068364,1802,124053,68
0.265927,334,2034,6
0.202558,108,109,1
0.356974,247,858,3
0.217761,15000,903526,60
0.104787,252,337,1
0.314137,315,1574,4
0.176272,240,1628,6
0.221241,110,225,2
0.343314,15000,672698,44
0.304942,141,286,2
0.116086,5529,447484,80
0.091264,105,107,1
0.130231,106,111,1
0.236177,45,65,1
0.147536,495,11109,22
0.385607,15000,858442,57
0.396341,277,401,1
0.150933,88,103,1
0.177457,299,3581,11
0.081633,1596,102544,64
0.305092,70,139,1
0.254655,15000,884004,58
0.192525,74,87,1
0.381179,6501,638298,98
0.392324,105,106,1
0.07169,1,2,2
0.338176,84,94,1
0.316967,15000,1298866,86
0.263412,1085,79851,73
0.359385,87,92,1
0.268878,15000,1261710,84
0.234544,1546,45973,29
0.080662,61,94,1
0.396118,108,155,1
0.14649,901,15165,16
0.192174,15000,567225,37
0.165215,187,258,1
0.170527,90,94,1
0.084794,4594,419184,91
0.058907,482,7734,16
0.103189,15000,1139403,75
0.167503,1392,112477,80
0.385497,83,85,1
0.087413,66,85,1
0.230858,130,177,1
0.275287,15000,1030295,68
0.173484,2787,84994,30
0.342233,6561,511374,77
0.220272,8501,632792,74
0.390476,153,295,1
0.338541,15000,849975,56
0.320352,1267,17407,13
0.251757,115,118,1
0.128363,8105,662377,81
0.329725,15000,1020838,68
0.061767,1607,88823,55
0.13751,7296,594694,81
0.335509,15000,790583,52
0.270358,999,25547,25
0.085901,2999,163795,54
0.051521,97,110,1
0.291176,88,93,1
0.161841,154,1390,9
0.104797,1155,43847,37
0.38596,1075,3726,3
0.179228,15000,460333,30
0.35573,999,14026,14
0.103395,2558,113616,44
0.292835,5294,248919,47
0.228258,120,259,2
0.266623,15000,841164,56
0.304563,1332,24676,18
0.320206,67,102,1
0.331732,319,443,1
0.265254,15000,1040126,69
0.19622,999,46952,46
0.19139,198,647,3
0.30866,220,572,2
0.284835,15000,1071953,71
0.118592,1103,57731,52
0.144746,8873,1107818,124
0.287147,15000,1384264,92
0.164907,1362,14988,11
0.069536,399,4932,12
0.35376,101,300,2
0.254467,114,162,1
0.368787,176,187,1
0.244777,252,334,1
0.060414,3408,159831,46
0.249079,83,99,1
0.160654,704,1916,2
0.069448,195,2358,12
0.376931,2912,76689,26
0.255583,134,253,1
0.27472,6439,405149,62
0.216935,150,217,1
0.303393,15000,811962,54
0.090117,97,115,1
0.22934,371,959,2
0.101658,85,95,1
0.139197,15000,1077119,71
0.112703,1848,113080,61
0.105335,192,523,2
0.225775,504,2018,4
0.261564,75,95,1
0.132918,15000,1085292,72
0.303354,1439,41018,28
0.08064,91,112,1
0.274252,301,573,1
0.104086,83,89,1
0.140605,77,85,1
0.074324,147,250,1
0.348658,167,244,1
0.122629,243,460,1
0.178353,100,149,1
0.352314,15000,1189970,79
0.068076,299,1023,3
0.16759,1525,45188,29
0.127323,89,105,1
0.365588,15000,658072,43
0.37018,114,171,1
0.361277,7737,519791,67
0.127541,2293,141519,61
0.286556,86,135,1
0.20285,5747,365803,63
0.108945,185,274,1
0.322392,15000,817888,54
0.28751,162,218,1
0.147705,173,318,1
0.246655,1447,99878,69
0.272688,223,599,2
0.113834,897,32150,35
0.205458,100,102,1
0.175806,15000,517288,34
0.247475,1146,24669,21
0.168228,2338,122870,52
0.095222,128,144,1
0.133033,118,193,1
0.276685,15000,761458,50
0.171461,1201,22524,18
0.365796,76,106,1
0.268477,127,148,1
0.265624,15000,448093,29
0.072859,1065,76160,71
0.314771,77,131,1
0.153098,285,5457,19
0.132153,129,2207,17
0.077113,1305,55308,42
0.215652,3060,149564,48
0.190176,179,199,1
0.339408,89,98,1
0.212858,950,26095,27
0.219767,1222,10690,8
0.067606,374,1462,3
0.195786,283,435,1
0.155121,15000,782890,52
0.269259,1338,23517,17
0.189576,2463,168655,68
0.142159,3838,212664,55
0.235905,157,280,1
0.120663,225,462,2
0.164859,8021,738154,92
0.112216,261,2117,8
0.235577,338,7664,22
0.214118,428,816,1
0.169153,7834,426537,54
0.18614,15000,587617,39
0.071144,1079,71790,66
0.229614,151,179,1
0.070372,76,159,2
0.30063,15000,1258878,83
0.266222,92,97,1
0.112043,225,479,2
0.347042,312,1951,6
0.081828,75,122,1
0.23897,15000,1376944,91
0.18542,98,259,2
0.081358,297,586,1
0.088383,101,118,1
0.382032,838,22712,27
0.202592,95,102,1
0.363461,93,96,1
0.252286,15000,823216,54
0.262221,1338,49187,36
0.338553,3205,73790,23
0.140234,95,103,1
0.340845,339,1160,3
0.189235,137,148,1
0.359817,338,8078,23
0.163025,1464,51499,35
0.226683,92,95,1
0.076418,68,191,2
0.394467,82,99,1
0.196643,5347,243539,45
0.396451,80,95,1
0.26067,141,236,1
0.148505,106,159,1
0.168138,50,56,1
0.330552,81,147,1
0.094903,299,687,2
0.079068,8670,344757,39
0.163212,3143,91927,29
0.351124,1321,33122,25
0.252124,96,101,1
0.194433,93,100,1
0.390007,88,98,1
0.252562,93,97,1
0.221879,15000,642510,42
0.297032,693,7962,11
0.227141,140,203,1
0.161945,677,6175,9
0.086499,97,100,1
0.193232,561,9911,17
0.297191,235,1151,4
0.284679,300,2226,7
0.306445,113,203,1
0.385132,179,286,1
0.242148,15000,963737,64
0.22764,1001,41054,41
0.210357,79,85,1
0.23531,88,95,1
0.1091,440,1415,3
0.369728,15000,463287,30
0.179535,96,97,1
0.300527,148,485,3
0.085854,118,299,2
0.328358,188,2266,12
0.071747,783,13962,17
0.222902,15000,452160,30
0.293599,119,146,1
0.067666,112,116,1
0.095039,203,1019,5
0.21765,750,34010,45
0.221453,85,93,1
0.396207,88,95,1
0.06569,1303,94903,72
0.133432,181,1073,5
0.228118,15000,828142,55
0.229009,1055,34179,32
0.263694,156,304,1
0.108895,185,885,4
0.075942,7348,242878,33
0.24135,15000,426655,28
0.349673,1518,109062,71
0.077716,98,101,1
0.289922,289,606,2
0.084238,499,2194,4
0.312874,127,145,1
0.085855,201,6920,34
0.369957,190,246,1
0.192329,97,151,1
0.326182,7406,377451,50
0.179395,3306,144613,43
0.372998,490,16864,34
0.296634,1501,55466,36
0.363543,80,122,1
0.130918,83,89,1
0.23419,111,167,1
0.059977,4077,342266,83
0.309906,140,251,1
0.392736,97,2639,27
0.080884,79,82,1
0.141592,123,312,2
0.142218,6095,495314,81
0.393616,59,81,1
0.391406,15000,817836,54
0.337298,215,251,1
0.29674,177,204,1
0.30979,15000,509006,33
0.285506,95,104,1
0.340458,747,5036,6
0.371098,96,108,1
0.156621,358,841,2
0.172628,7117,499428,70
0.369678,87,109,1
0.323689,15000,767617,51
0.087991,256,378,1
0.173103,87,117,1
0.159345,97,105,1
0.365496,15000,702030,46
0.310789,1097,21406,19
0.182466,76,84,1
0.296533,131,194,1
0.254861,6633,453216,68
0.136376,7963,533775,67
0.218865,66,72,1
0.214141,158,534,3
0.324834,447,1007,2
0.316606,15000,670333,44
0.273895,1086,13639,12
0.189696,83,92,1
0.130178,609,10539,17
0.396018,74,88,1
0.328428,15000,585696,39
0.311703,1068,31441,29
0.224437,2661,102846,38
0.313512,488,3896,7
0.17379,367,3888,10
0.349087,2023,31874,15
0.36875,267,7628,28
0.284086,318,1050,3
0.335088,15000,776872,51
0.152359,1404,29113,20
0.193891,88,190,2
0.208939,96,99,1
0.380472,88,94,1
0.093614,499,705,1
0.077349,8915,709642,79
0.176958,82,90,1
0.13772,72,103,1
0.062163,4670,221418,47
0.368319,83,91,1
0.303076,107,108,1
0.379332,803,14675,18
0.395909,99,113,1
0.085957,499,3117,6
0.30871,109,114,1
0.097733,108,132,1
0.253654,110,852,7
0.053272,1353,86695,64
0.284401,3367,104134,30
0.312499,6579,514594,78
0.098175,134,172,1
0.317703,15000,1153026,76
0.146394,112,158,1
0.127352,9406,920560,97
0.287522,406,7485,18
0.347468,83,95,1
0.322894,179,260,1
0.373096,291,1547,5
0.306146,15000,919522,61
0.097299,1406,67062,47
0.097071,86,159,1
0.33938,124,148,1
0.322424,270,303,1
0.350556,845,7751,9
0.137761,2192,177210,80
0.074958,91,141,1
0.172321,1499,97889,65
0.151131,74,87,1
0.398023,692,7295,10
0.302273,145,461,3
0.119093,15000,964527,64
0.332718,1084,19509,17
0.2938,94,103,1
0.342183,212,255,1
0.216003,15000,1188027,79
0.378609,1406,30401,21
0.335627,102,110,1
0.289247,75,88,1
0.323277,15000,648432,43
0.209975,2081,53151,25
0.224486,277,431,1
0.331375,90,93,1
0.109525,94,147,1
0.360612,65,718,11
0.299088,1226,27058,22
0.218977,97,99,1
0.257797,446,1528,3
0.220998,99,108,1
0.123331,9988,1009622,101
0.057282,93,152,1
0.129451,499,1085,2
0.302218,80,99,1
0.237315,152,377,2
0.094816,1168,68571,58
0.293284,81,117,1
0.053308,82,94,1
0.305232,15000,1077501,71
0.114384,1044,26063,24
0.270211,132,146,1
0.152247,7526,465065,61
0.350432,131,144,1
0.230756,173,184,1
0.086796,88,99,1
0.168174,135,149,1
0.389475,101,148,1
0.151866,182,436,2
0.058043,821,36239,44
0.200439,2162,36453,16
0.225118,160,191,1
0.201634,7250,498043,68
0.297218,15000,714419,47
0.235131,1439,45890,31
0.14439,77,80,1
0.088035,3802,442490,116
0.220033,155,292,1
0.167769,218,340,1
0.207894,15000,1305886,87
0.207859,1173,28921,24
0.199055,153,190,1
0.297854,77,121,1
0.371683,192,393,2
0.17373,15000,563087,37
0.186633,1711,23329,13
0.286102,6331,423962,66
0.20144,85,95,1
0.298729,15000,710507,47
0.342719,1488,32552,21
0.237168,673,2799,4
0.234741,15000,848309,56
0.212939,1081,7811,7
0.239209,92,141,1
0.067483,74,90,1
0.126405,7859,519320,66
0.285947,949,3807,4
0.203412,15000,711498,47
0.151975,1424,49693,34
0.076051,3654,109530,29
0.342567,97,100,1
0.116026,3155,119957,38
0.209791,15000,426361,28
0.151985,1029,65011,63
0.11897,96,105,1
0.168482,15000,1170664,78
0.213309,1154,20714,17
0.219453,3359,158777,47
0.185247,5859,367237,62
0.112328,7640,586558,76
0.156304,3080,161266,52
0.216256,102,105,1
0.270496,8498,709449,83
0.302289,81,315,3
0.113536,629,6355,10
0.212186,1884,39379,20
0.252684,6882,373278,54
0.183339,1039,6207,5
0.132531,142,176,1
0.39972,501,9386,18
0.200141,109,110,1
0.303287,134,155,1
0.242234,15000,506559,33
0.068497,1339,103150,77
0.078735,80,98,1
0.277098,6501,680469,104
0.317652,15000,1196518,79
0.112477,93,149,1
0.260058,4664,300482,64
0.306712,292,1974,6
0.268189,633,1958,3
0.238599,15000,940076,62
0.08611,1164,108459,93
0.098091,178,219,1
0.270369,88,97,1
0.30639,7355,746898,101
0.265465,15000,1200153,80
0.22572,1205,95619,79
0.346761,96,104,1
0.19073,89,101,1
0.374933,102,164,1
0.082471,9001,717435,79
0.18068,1,2,2
0.209684,1102,31911,28
0.129,99,103,1
0.113924,290,487,1
0.359317,100,108,1
0.108781,1637,148863,90
0.240329,89,102,1
0.337706,1162,41082,35
0.081706,614,1878,3
0.346957,440,8438,19
0.089079,122,411,3
0.272615,15000,587777,39
0.062937,1222,119661,97
0.2865,100,102,1
0.152362,5781,450934,78
0.292855,131,231,1
0.350064,15000,940635,62
0.220703,6405,736958,115
0.361788,15000,1156083,77
0.119997,1126,50987,45
0.200533,182,335,1
0.288345,6480,339818,52
0.061775,88,136,1
0.280351,180,534,2
0.169291,95,107,1
0.38351,124,150,1
0.392107,15000,571110,38
0.211153,1094,22810,20
0.120002,186,472,2
0.331989,85,95,1
0.053922,111,156,1
0.279174,308,2554,8
0.062572,2063,142501,69
0.188501,86,104,1
0.05118,226,316,1
0.252329,168,200,1
0.341558,15000,1223065,81
0.130561,1005,27882,27
0.118287,195,276,1
0.370489,48,94,1
0.213919,83,132,1
0.145113,155,238,1
0.19167,232,757,3
0.291796,81,101,1
0.17801,105,109,1
0.211169,4820,417494,86
0.388176,225,400,1
0.123906,410,12448,30
0.184194,1410,18911,13
0.183401,57,58,1
0.241426,205,246,1
0.322973,88,157,1
0.245949,110,111,1
0.10171,676,6927,10
0.208839,1116,45514,40
0.162215,78,202,2
0.147712,618,5693,9
0.141731,6889,511666,74
0.263782,122,189,1
0.265047,15000,739202,49
0.209491,1004,18836,18
0.206637,2859,171843,60
0.243262,91,102,1
0.137583,15000,1237886,82
0.250657,126,197,1
0.28158,95,97,1
0.14384,99,150,1
0.376219,90,95,1
0.136278,107,326,3
0.384608,73,87,1
0.147026,675,5156,7
0.122032,100,106,1
0.299186,15000,947917,63
0.297381,1175,23621,20
0.133978,3342,263261,78
0.125839,177,520,2
0.187667,7378,568441,77
0.318397,15000,761525,50
0.167436,103,105,1
0.152507,88,158,1
0.328655,15000,812197,54
0.066538,46,49,1
0.086605,87,145,1
0.354177,15000,438956,29
0.211927,1097,18461,16
0.305576,663,3999,6
0.249317,226,343,1
0.17076,168,206,1
0.211328,106,170,1
0.18634,15000,755816,50
0.307101,1274,33090,25
0.281386,79,90,1
0.281992,162,299,1
0.257649,15000,1104020,73
0.329503,1064,10236,9
0.235801,2240,55139,24
0.306613,119,295,2
0.257059,15000,766616,51
0.157035,1214,32040,26
0.186305,319,465,1
0.314406,260,351,1
0.078412,123,142,1
0.100746,241,312,1
0.251702,4192,401849,95
0.395788,83,141,1
0.342991,173,4646,26
0.125767,471,2532,5
0.127051,86,100,1
0.26988,15000,1031420,68
0.179967,1230,30032,24
0.13122,80,138,1
0.226343,887,18328,20
0.335489,93,100,1
0.362588,213,527,2
0.184858,97,102,1
0.297076,1213,35995,29
0.090752,103,117,1
0.346439,332,593,1
0.386396,15000,505866,33
0.372859,71,91,1
0.098775,234,381,1
0.20478,6012,423464,70
0.243881,98,102,1
0.10008,77,223,2
0.14483,408,4051,9
0.184816,87,98,1
0.105133,7213,351310,48
0.148196,136,234,1
0.26737,6128,246596,40
0.293473,15000,362772,24
0.321629,999,17201,17
0.277174,99,102,1
0.255001,401,4169,10
0.356117,172,503,2
0.058511,6152,258216,41
0.085898,7328,270706,36
0.282656,80,88,1
0.281379,330,380,1
0.261977,169,218,1
0.314185,15000,460987,30
0.225844,1241,51594,41
0.362782,76,133,1
0.186651,1403,47641,33
0.314104,15000,1042613,69
0.266464,1596,81141,50
0.340997,50,51,1
0.271463,15000,738697,49
0.360056,79,82,1
0.363771,210,258,1
0.132773,740,17156,23
0.198808,440,14201,32
0.067582,302,6208,20
0.217027,133,267,2
0.231865,98,102,1
0.128757,15000,1208650,80
0.152934,999,34542,34
0.174176,2612,124380,47
0.059278,461,13377,29
0.153638,1143,20449,17
0.300792,88,94,1
0.146386,1359,14326,10
0.18476,77,86,1
0.271608,87,99,1
0.286792,82,101,1
0.394388,15000,672659,44
0.31474,1238,14348,11
0.28598,40,50,1
0.206404,5499,447063,81
0.200114,194,303,1
0.180749,15000,1259506,83
0.087405,195,568,2
0.347395,105,108,1
0.242142,121,157,1
0.245798,15000,654916,43
0.350464,999,24455,24
0.070372,67,253,3
0.144634,46,48,1
0.11813,129,200,1
0.271184,134,159,1
0.259404,1664,44421,26
0.097842,231,344,1
0.096662,131,151,1
0.269986,7001,335122,47
0.282639,15000,502373,33
0.159689,78,91,1
0.082732,1258,16259,12
0.202277,125,233,1
0.138192,131,141,1
0.296144,15000,869867,57
0.302805,152,264,1
0.129594,131,160,1
0.291373,410,2816,6
0.305657,15000,662607,44
0.223787,419,874,2
0.255726,90,111,1
0.16301,15000,1278402,85
0.251922,2001,83957,41
0.130803,89,90,1
0.054607,449,1254,2
0.2647,66,74,1
0.180274,483,3146,6
0.267247,15000,1006236,67
0.257977,605,6969,11
0.266383,85,114,1
0.166827,8895,837104,94
0.352243,15000,974102,64
0.077416,1501,99321,66
0.291573,90,101,1
0.262974,15000,1010776,67
0.358309,1461,49465,33
0.370994,5783,480499,83
0.37814,100,103,1
0.381107,92,103,1
0.232065,201,435,2
0.306466,797,19427,24
0.137354,1455,47770,32
0.053361,131,142,1
0.39294,159,622,3
0.139737,1924,49101,25
0.289592,15000,378263,25
0.366551,1389,74494,53
0.332828,71,99,1
0.25406,186,347,1
0.296031,15000,819689,54
0.263373,333,407,1
0.339754,145,201,1
0.183686,159,198,1
0.053364,341,919,2
0.359774,15000,499160,33
0.266963,2001,58865,29
0.245097,145,174,1
0.213815,217,345,1
0.217103,15000,401915,26
0.141926,130,148,1
0.07116,2266,118142,52
0.326486,134,145,1
0.350002,99,144,1
0.294125,3909,235892,60
0.321277,93,97,1
0.184853,69,90,1
0.062386,991,80961,81
0.309562,69,82,1
0.303717,96,97,1
0.171277,265,7387,27
0.25261,77,93,1
0.371558,94,358,3
0.37779,281,452,1
0.262544,6939,649739,93
0.289685,15000,1043553,69
0.062534,322,4842,15
0.074448,2513,139991,55
0.134464,5427,260545,48
0.387502,15000,586370,39
0.261926,1285,33491,26
0.098571,2367,56826,24
0.082721,91,98,1
0.276689,375,1879,5
0.212375,15000,641302,42
0.248482,175,209,1
0.129546,106,108,1
0.258942,76,102,1
0.383752,106,161,1
0.344988,15000,1156763,77
0.260839,1023,14059,13
0.262961,105,154,1
0.150085,245,5006,20
0.098037,178,374,2
0.345948,15000,1340246,89
0.247708,1645,72100,43
0.329866,127,222,1
0.276817,175,187,1
0.158625,1193,19154,16
0.305726,133,157,1
0.249507,105,106,1
0.086744,5470,494477,90
0.315628,15000,930176,62
0.300782,1067,51606,48
0.282601,118,146,1
0.132838,304,749,2
0.271193,148,271,1
0.24398,285,1709,5
0.246296,95,98,1
0.201564,470,6148,13
0.094315,148,161,1
0.293364,945,42946,45
0.079173,453,2932,6
0.165222,970,25381,26
0.190616,101,132,1
0.397213,311,614,1
0.25674,6970,291912,41
0.199659,15000,474045,31
0.09328,1470,112060,76
0.244916,2796,61234,21
0.07111,97,100,1
0.171406,102,105,1
0.113893,66,74,1
0.360442,970,15642,16
0.173882,85,93,1
0.083368,119,286,2
0.103764,292,2395,8
0.337668,1091,13038,11
0.250651,81,96,1
0.200734,5386,225075,41
0.265373,367,2513,6
0.221541,75,85,1
0.07074,4212,124493,29
0.283615,1268,16057,12
0.079936,79,100,1
0.097469,668,3221,4
0.138521,3853,160024,41
0.398537,91,102,1
0.276002,144,196,1
0.143139,247,587,2
0.357215,15000,447472,29
0.067726,1237,13723,11
0.287715,72,77,1
0.274969,77,91,1
0.310624,68,105,1
0.301835,219,424,1
0.107072,226,6097,26
0.197702,1499,41074,27
0.184088,78,88,1
0.373198,221,381,1
0.050207,7198,564582,78
0.247603,1265,48870,38
0.055708,185,259,1
0.390009,4498,275924,61
0.331928,15000,852820,56
0.310002,135,278,2
0.135192,651,4560,7
0.240832,86,95,1
0.296804,15000,880348,58
0.268344,1493,47306,31
0.096411,99,103,1
0.384562,1107,18708,16
0.303935,129,139,1
0.351742,166,617,3
0.19915,82,92,1
0.146567,95,151,1
0.169114,64,763,11
0.291665,1259,14339,11
0.297268,15000,847371,56
0.228385,1109,25179,22
0.143871,5349,346811,64
0.312411,6740,420984,62
0.336809,101,132,1
0.170462,4986,336588,67
0.233198,88,174,1
0.311745,1084,37804,34
0.209406,130,277,2
0.151968,328,2887,8
0.360766,15000,587782,39
0.23831,1313,19264,14
0.096604,95,98,1
0.099547,120,196,1
0.331173,225,356,1
0.157326,9891,739542,74
0.302822,955,14571,15
0.076235,3284,180015,54
0.372983,97,105,1
0.263343,109,113,1
0.280228,374,1752,4
0.319554,105,201,1
0.259608,15000,793888,52
0.140605,2120,130800,61
0.366104,1360,76979,56
0.315985,98,105,1
0.375491,95,109,1
0.196603,15000,1011684,67
0.264026,2013,45048,22
0.102714,144,159,1
0.145739,391,12841,32
0.340302,86,94,1
0.314471,15000,876339,58
0.277158,1194,110525,92
0.152429,91,109,1
0.284374,75,84,1
0.23441,138,148,1
0.381165,955,11768,12
0.183553,15000,1262980,84
0.174971,1083,23611,21
0.232157,2251,69464,30
0.17853,6820,846797,124
0.050516,221,414,1
0.23027,122,541,4
0.21411,147,193,1
0.309439,64,140,2
0.378071,443,1706,3
0.28788,15000,683261,45
0.101766,93,96,1
0.069355,73,83,1
0.086982,90,106,1
0.086649,211,426,2
0.087657,7803,655801,84
0.186649,15000,914370,60
0.243087,1001,36014,35
0.171784,504,1035,2
0.102024,103,105,1
0.15844,332,1314,3
0.330626,15000,565501,37
0.382974,1558,68149,43
0.066178,102,103,1
0.243872,84,96,1
0.387398,15000,1347038,89
0.102642,103,150,1
0.38006,6499,509958,78
0.335706,239,312,1
0.271043,15000,702812,46
0.055912,97,107,1
0.07611,3859,196430,50
0.195283,185,517,2
0.127401,204,299,1
0.223104,93,145,1
0.205834,15000,652672,43
0.304307,91,94,1
0.219801,144,246,1
0.252409,96,111,1
0.348827,6154,263323,42
0.200021,91,96,1
0.06952,1001,117394,117
0.126486,1886,149973,79
0.396771,83,108,1
0.262821,92,102,1
0.129952,99,102,1
0.280717,15000,675075,45
0.147298,1835,116135,63
0.158154,85,91,1
0.057776,149,906,6
0.19793,15000,829921,55
0.092986,1720,117236,68
0.218846,193,205,1
0.349851,90,92,1
0.261325,319,2621,8
0.375775,96,236,2
0.174512,1259,31521,25
0.350235,98,245,2
0.125068,6318,293664,46
0.189498,15000,462028,30
0.148335,999,23135,23
0.053114,1999,78934,39
0.307938,68,84,1
0.086923,65,66,1
0.158266,365,707,1
0.181131,7626,348478,45
0.058402,435,8200,18
0.155091,62,82,1
0.361583,75,95,1
0.080568,6808,295372,43
0.344401,156,273,1
0.316724,78,98,1
0.324627,15000,464000,30
0.326152,999,25063,25
0.269,248,994,4
0.142034,84,91,1
0.388454,623,11769,18
0.182244,1790,42062,23
0.073981,114,208,1
0.214937,100,102,1
0.206592,81,94,1
0.299436,345,2352,6
0.14722,1346,49871,37
0.268157,133,145,1
0.102684,348,1482,4
0.092386,88,144,1
0.131698,15000,607599,40
0.199314,999,11560,11
0.127942,78,85,1
0.368037,80,91,1
0.305063,353,568,1
0.171395,91,93,1
0.325145,180,1090,6
0.070584,9730,345870,35
0.311331,732,16315,22
0.34864,6999,548791,78
0.295296,222,1233,5
0.304716,15000,1060603,70
0.18997,999,36132,36
0.060689,173,1148,6
0.175445,5736,604761,105
0.335738,75,93,1
0.057851,113,203,1
0.253141,15000,1159413,77
0.280125,1207,40794,33
0.15114,2544,93213,36
0.238437,7373,411327,55
0.200478,862,22531,26
0.279304,15000,526456,35
0.322679,2999,217618,72
0.272266,208,350,1
0.386806,34,41,1
0.357538,15000,1134817,75
0.097205,1096,45912,41
0.225869,73,105,1
0.203945,1647,101168,61
0.258417,15000,712382,47
0.212102,1499,52582,35
0.067685,2877,162405,56
0.375978,77,90,1
0.17051,158,464,2
0.152456,241,4003,16
0.186129,15000,683453,45
0.312351,250,1577,6
0.164358,108,115,1
0.185254,263,307,1
0.180671,6325,319445,50
0.173817,131,189,1
0.211262,15000,526026,35
0.299341,999,10975,10
0.066146,190,246,1
0.218449,15000,885930,59
0.247906,999,21050,21
0.066088,2809,133827,47
0.115213,76,140,1
0.138583,558,11952,21
0.174851,724,14905,20
0.257816,87,95,1
0.392991,88,138,1
0.092319,6261,674281,107
0.133979,94,99,1
0.254828,194,255,1
0.198811,919,24187,26
0.139817,2280,160391,70
0.235733,99,102,1
0.19514,96,121,1
0.33124,202,528,2
0.305863,82,85,1
0.367512,879,18424,20
0.169759,111,118,1
0.212438,83,151,1
0.202042,69,88,1
0.05297,216,1079,4
0.341072,1499,20144,13
0.212297,446,7138,16
0.146601,3618,118929,32
0.120823,108,140,1
0.185498,1211,11589,9
0.290934,1135,32338,28
0.090733,2346,104691,44
0.157376,82,89,1
0.180732,15000,704582,46
0.274641,999,31308,31
0.13169,2263,158208,69
0.378095,95,98,1
0.291833,15000,1163747,77
0.393489,104,113,1
0.152776,83,98,1
0.314112,15000,999048,66
0.192619,999,5081,5
0.301857,96,147,1
0.337716,86,109,1
0.290678,93,98,1
0.088722,15000,1198178,79
0.188639,1039,18913,18
0.311055,100,153,1
0.32413,79,86,1
0.191417,7416,840355,113
0.193027,102,158,1
0.228027,15000,1237343,82
0.283053,1637,52663,32
0.176087,3138,104615,33
0.110365,109,188,1
0.341478,650,7620,11
0.276824,15000,791141,52
0.137957,1102,39462,35
0.356628,105,111,1
0.062674,66,98,1
0.258548,175,932,5
0.314595,15000,512411,34
0.169,999,43236,43
0.203156,44,52,1
0.152932,235,444,1
0.282489,74,94,1
0.203899,15000,671104,44
0.331715,999,28170,28
0.256133,1999,51428,25
0.051857,123,159,1
0.244571,532,13691,25
0.188023,835,40880,48
0.354452,118,1282,10
0.143306,1276,32793,25
0.110927,2362,169287,71
0.305576,71,84,1
0.229308,154,338,2
0.328798,15000,939405,62
0.208657,999,20143,20
0.148599,3999,298553,74
0.099832,1469,29895,20
0.342325,15000,1226981,81
0.365603,1651,17160,10
0.356448,98,102,1
0.310905,15000,1155600,77
0.138811,999,41784,41
0.283887,1999,46971,23
0.29254,104,134,1
0.25386,5251,469351,89
0.325368,270,872,3
0.087605,73,158,2
0.060426,1432,99005,69
0.153026,4061,242009,59
0.399132,301,616,2
0.262905,384,978,2
0.196853,4166,273641,65
0.354084,15000,655919,43
0.190643,1009,18434,18
0.176035,80,100,1
0.371399,76,90,1
0.316797,6859,267573,39
0.110299,96,101,1
0.146574,232,499,2
0.081984,121,148,1
0.218791,749,5380,7
0.098802,84,102,1
0.382386,101,104,1
0.108362,385,740,1
0.263043,15000,370058,24
0.355036,1312,13854,10
0.124391,82,101,1
0.221454,4333,315263,72
0.28196,15000,700331,46
0.170816,1312,54037,41
0.186855,481,802,1
0.164211,88,109,1
0.353482,106,114,1
0.37961,170,294,1
0.328952,69,106,1
0.218905,812,15796,19
0.246747,97,111,1
0.290857,695,3213,4
0.29863,118,199,1
0.074332,925,62406,67
0.339067,15000,656609,43
0.290133,1571,27025,17
0.196533,3682,265811,72
0.196705,98,253,2
0.254944,15000,769688,51
0.305004,1812,33075,18
0.36524,104,156,1
0.333614,62,90,1
0.141757,6970,347446,49
0.278658,15000,504738,33
0.376744,279,625,2
0.137536,64,95,1
0.349918,999,11708,11
0.104686,106,109,1
0.251937,15000,616288,41
0.240828,223,286,1
0.158859,5890,362080,61
0.217916,15000,567718,37
0.281219,1315,28031,21
0.173037,89,90,1
0.282874,244,678,2
0.37957,73,97,1
0.242738,7812,348792,44
0.099909,92,113,1
0.278697,409,12323,30
0.396716,3268,94127,28
0.361386,85,99,1
0.140944,88,97,1
0.126514,96,100,1
0.378027,15000,455951,30
0.288109,1538,48476,31
0.347689,4787,261230,54
0.061071,93,103,1
0.309107,15000,840162,56
0.294877,225,583,2
0.347477,86,96,1
0.192973,15000,458350,30
0.367121,1312,14857,11
0.28165,181,372,2
0.081858,130,155,1
0.107876,15000,1173923,78
0.173883,2312,196397,84
0.219948,103,113,1
0.280241,230,638,2
0.391291,15000,718292,47
0.238093,86,88,1
0.068812,2812,65126,23
0.385589,177,1099,6
0.359063,87,103,1
0.278334,3172,123855,39
0.215943,100,104,1
0.249809,97,166,1
0.114329,499,1991,3
0.175763,100,112,1
0.310274,1145,16064,14
0.096771,2506,171377,68
0.124425,171,354,2
0.353883,98,109,1
0.319561,96,97,1
0.17816,15000,818796,54
0.121089,4809,266073,55
0.053415,184,257,1
0.36045,48,141,2
0.319033,15000,563907,37
0.104986,102,169,1
0.190553,252,296,1
0.39499,361,864,2
0.34328,8812,403970,45
0.214766,133,194,1
0.090492,255,2004,7
0.08815,94,100,1
0.372607,92,141,1
0.281232,509,2489,4
0.342606,15000,377938,25
0.068129,1221,50804,41
0.06297,332,869,2
0.277233,89,157,1
0.125677,256,1207,4
0.208731,898,11192,12
0.169286,62,497,8
0.259036,1090,31839,29
0.066361,84,279,3
0.121981,6117,478949,78
0.057253,580,25766,44
0.223944,15000,918750,61
0.277334,1446,35713,24
0.082511,285,839,2
0.3586,15000,504200,33
0.153029,2740,44286,16
0.278622,268,581,2
0.362493,64,90,1
0.12166,92,143,1
0.301841,15000,392586,26
0.176867,1406,28989,20
0.318225,83,85,1
0.260033,86,96,1
0.307498,133,162,1
0.293134,79,101,1
0.194489,78,95,1
0.143009,206,3600,17
0.191635,2109,72728,34
0.333208,154,226,1
0.29588,246,401,1
0.334189,15000,1177236,78
0.164327,1149,41691,36
0.211823,100,148,1
0.281528,195,241,1
0.136629,242,293,1
0.174336,495,5268,10
0.331064,15000,1099122,73
0.126456,2086,64985,31
0.100198,43,77,1
0.202598,86,95,1
0.288559,133,154,1
0.235453,15000,676396,45
0.208866,1022,18108,17
0.297288,535,1851,3
0.215191,96,108,1
0.177661,5656,548639,97
0.131507,79,83,1
0.20256,216,3760,17
0.161057,1406,38950,27
0.174821,97,107,1
0.271485,72,94,1
0.073203,7121,460655,64
0.258368,15000,619060,41
0.206222,1608,23618,14
0.061388,93,107,1
0.114014,7188,498667,69
0.212342,307,479,1
0.298582,82,85,1
0.125098,91,104,1
0.067022,8212,484966,59
0.172342,83,97,1
0.28402,479,2905,6
0.276361,46,57,1
0.102779,93,118,1
0.197321,15000,795918,53
0.274974,1316,12755,9
0.198523,66,82,1
0.283114,6178,494738,80
0.189951,15000,1169477,77
0.18186,1138,30474,26
0.169523,67,74,1
0.316016,77,90,1
0.098178,93,98,1
0.328184,1307,21921,16
0.055819,15000,744590,49
0.197019,1143,16253,14
0.341756,72,93,1
0.283724,105,110,1
0.170468,80,102,1
0.33471,123,164,1
0.076659,569,9568,16
0.332806,70,668,9
0.290641,1194,22817,19
0.396384,270,791,2
0.288817,182,373,2
0.321863,15000,635477,42
0.083898,2089,110343,52
0.373124,117,186,1
0.359083,98,156,1
0.370628,9558,542239,56
0.121146,241,1187,4
0.307725,15000,670031,44
0.339191,81,97,1
0.390955,82,97,1
0.283164,447,8622,19
0.219131,7939,470073,59
0.157896,953,38593,40
0.361707,241,2270,9
0.242545,1499,40656,27
0.114019,2700,143788,53
0.252403,107,109,1
0.293081,135,144,1
0.233892,454,2090,4
0.196414,285,454,1
0.121242,346,3277,9
0.251044,1499,55133,36
0.333848,246,342,1
0.175255,104,110,1
0.228012,174,189,1
0.218469,201,405,2
0.27617,79,106,1
0.089767,99,106,1
0.395059,454,15440,34
0.203139,73,90,1
0.301256,142,260,1
0.052063,255,309,1
0.20933,94,104,1
0.385958,88,98,1
0.111379,59,114,1
0.282119,97,107,1
0.377728,15000,550815,36
0.269348,1136,69523,61
0.175729,116,195,1
0.356584,15000,1371407,91
0.190817,1175,25585,21
0.277987,230,698,3
0.138482,289,1464,5
0.290286,104,108,1
0.134795,684,17152,25
0.307189,15000,501604,33
0.190449,1360,34397,25
0.161751,115,201,1
0.255571,58,62,1
0.251297,137,275,2
0.167756,98,108,1
0.157757,210,1343,6
0.303644,93,99,1
0.378838,93,110,1
0.090019,93,102,1
0.191575,6923,598849,86
0.331052,15000,1046634,69
0.220349,1267,81896,64
0.284715,90,91,1
0.255838,4188,318730,76
0.301914,449,1456,3
0.356203,15000,972974,64
0.255915,1693,23985,14
0.111323,203,253,1
0.131155,61,83,1
0.092949,130,238,1
0.199632,9970,411422,41
0.365203,1288,38772,30
0.145903,101,107,1
0.162921,70,290,4
0.260492,1322,33331,25
0.281188,118,145,1
0.360522,97,102,1
0.160362,667,36626,54
0.183947,1099,6702,6
0.213182,15000,639302,42
0.372884,1001,56548,56
0.11948,91,101,1
0.364699,131,138,1
0.327301,98,103,1
0.144495,389,6040,15
0.05209,8958,759956,84
0.255307,15000,890221,59
0.075923,81,96,1
0.051818,104,172,1
0.243978,6071,712165,117
0.148963,98,100,1
0.34296,57,66,1
0.338446,15000,1174027,78
0.128748,2204,180049,81
0.390747,85,88,1
0.155968,6505,692206,106
0.188312,15000,1375370,91
0.087654,249,414,1
0.262332,96,165,1
0.071163,97,158,1
0.057215,6609,298566,45
0.345333,288,378,1
0.12107,247,560,2
0.058913,778,9545,12
0.068795,2173,174351,80
0.393897,65,74,1
0.133627,5001,380540,76
0.303089,91,102,1
0.327387,15000,727234,48
0.263512,532,9929,18
0.374737,96,104,1
0.385547,7501,319714,42
0.198624,98,160,1
0.080542,103,152,1
0.317851,15000,340972,22
0.149607,1301,58137,44
0.172598,5918,505781,85
0.155944,104,109,1
0.078455,59,70,1
0.356062,15000,882034,58
0.204172,1131,10791,9
0.243205,4929,261893,53
0.174759,102,196,1
0.233149,15000,461828,30
0.23218,1193,57740,48
0.250357,280,332,1
0.079212,736,12834,17
0.321411,15000,1103973,73
0.164739,1160,35295,30
0.114761,87,95,1
0.192173,92,153,1
0.32148,15000,1181832,78
0.092403,1440,49879,34
0.1409,3301,92715,28
0.379081,108,134,1
0.205945,243,1442,5
0.204991,184,258,1
0.247515,409,2712,6
0.058881,71,88,1
0.180362,63,614,9
0.087974,1126,58898,52
0.149929,2508,229174,91
0.144021,172,174,1
0.190283,107,110,1
0.056582,4281,381086,89
0.333936,15000,943840,62
0.275197,1041,15499,14
0.358186,101,158,1
0.296632,100,161,1
0.205387,200,271,1
0.392514,268,364,1
0.192826,948,28566,30
0.288548,90,96,1
0.288224,167,189,1
0.094944,397,5363,13
0.334785,15000,1106681,73
0.201679,1059,28422,26
0.10609,67,89,1
0.304162,92,97,1
0.399889,83,101,1
0.308655,15000,360181,24
0.3228,1049,3756,3
0.214253,2327,29438,12
0.07483,86,95,1
0.386652,134,156,1
0.138742,15000,877648,58
0.097388,1709,104193,60
0.304524,66,136,2
0.063769,263,352,1
0.364359,15000,991931,66
0.292249,1267,21284,16
0.107117,133,142,1
0.195103,82,94,1
0.097193,182,2357,12
0.213692,78,96,1
0.224449,331,2414,7
0.212723,642,20335,31
0.202784,191,494,2
0.175862,302,404,1
0.273809,15000,929814,61
0.172537,1330,20499,15
0.078789,3747,311514,83
0.30886,165,315,1
0.277972,108,110,1
0.261227,130,330,2
0.388053,97,103,1
0.143642,1173,47031,40
0.078168,83,107,1
0.30312,555,5702,10
0.226841,86,110,1
0.283289,15000,775440,51
0.259981,1023,31349,30
0.096005,79,102,1
0.33114,365,1087,2
0.342911,95,99,1
0.264862,638,6187,9
0.218602,97,101,1
0.297345,126,143,1
0.344208,96,115,1
0.157378,15000,529020,35
0.102753,1298,28623,22
0.372049,218,478,2
0.145833,7713,587021,76
0.183663,976,14114,14
0.258717,325,3468,10
0.051339,229,309,1
0.108128,6499,419243,64
0.052243,1640,116578,71
0.151545,235,294,1
0.264482,95,99,1
0.263452,687,6311,9
0.250712,278,445,1
0.322281,15000,442241,29
0.129563,1042,55762,53
0.096443,347,768,2
0.345574,15000,1124185,74
0.372642,1187,29906,25
0.362511,105,109,1
0.068186,89,134,1
0.172054,101,111,1
0.31374,194,272,1
0.145242,614,1451,2
0.211898,15000,1154578,76
0.228895,1060,16732,15
0.185387,62,70,1
0.352344,3258,292593,89
0.177198,96,108,1
0.232243,5750,714759,124
0.175595,349,1478,4
0.101634,1066,51561,48
0.171798,100,102,1
0.232032,103,250,2
0.200666,141,155,1
0.142556,15000,663244,44
0.314109,119,154,1
0.337671,85,150,1
0.256428,76,85,1
0.214733,396,2000,5
0.277447,972,8274,8
0.28394,15000,1151904,76
0.071855,1005,17704,17
0.389723,100,104,1
0.189636,163,209,1
0.379048,97,135,1
0.395231,518,6002,11
0.070218,1593,147547,92
0.129179,234,915,3
0.192836,73,100,1
0.171783,132,153,1
0.29812,1335,9515,7
0.328784,143,160,1
0.193309,7734,356255,46
0.09695,79,80,1
0.398806,144,1781,12
0.104996,94,106,1
0.208293,231,1020,4
0.063031,8424,873828,103
0.270262,109,155,1
0.305894,1187,12494,10
0.111585,91,99,1
0.21246,1719,105173,61
0.296096,15000,1149878,76
0.156667,123,165,1
0.136419,5852,536839,91
0.206517,87,143,1
0.093407,50,73,1
0.328609,237,11958,50
0.212545,1349,32346,23
0.099576,91,159,1
0.260775,15000,771742,51
0.375114,1048,36547,34
0.253101,553,2522,4
0.135245,15000,1062222,70
0.087363,1183,69745,58
0.377166,793,3041,3
0.361674,188,436,2
0.292608,15000,854731,56
0.116753,1687,74106,43
0.145339,113,141,1
0.336247,441,1608,3
0.173662,6970,296617,42
0.148823,139,169,1
0.263659,15000,466438,31
0.180219,1072,31863,29
0.255854,82,135,1
0.346206,146,251,1
0.182689,5584,287921,51
0.093806,63,194,3
0.081844,1850,22294,12
0.189887,680,6995,10
0.283505,87,93,1
0.347964,90,97,1
0.322957,94,102,1
0.189632,101,108,1
0.327172,91,104,1
0.396953,94,99,1
0.348875,76,139,1
0.36667,15000,1378592,91
0.248171,1434,48784,34
0.223783,93,114,1
0.313764,5042,369948,73
0.203565,160,184,1
0.131981,581,944,1
0.223539,15000,861787,57
0.229777,1501,64132,42
0.108433,71,87,1
0.188935,74,87,1
0.216903,132,152,1
0.250227,7776,382593,49
0.333596,15000,502737,33
0.268326,153,202,1
0.31399,77,85,1
0.106353,439,1191,2
0.363242,15000,1131899,75
0.098642,1301,44845,34
0.091103,176,307,1
0.244305,93,99,1
0.076596,700,14657,20
0.357647,82,93,1
0.10824,622,35416,56
0.260399,113,115,1
0.298257,91,93,1
0.132717,113,115,1
0.115247,168,359,2
0.132974,87,203,2
0.331782,15000,1261931,84
0.194553,1035,15415,14
0.243455,1000,4985,4
0.110424,5776,301965,52
0.116896,78,84,1
0.217225,86,198,2
0.11879,203,389,1
0.117936,106,156,1
0.266116,155,163,1
0.133922,122,1764,14
0.206435,1197,53016,44
0.210906,90,98,1
0.062874,88,137,1
0.132751,100,107,1
0.179039,697,3834,5
0.209888,1697,80942,47
0.264421,95,96,1
0.222817,115,139,1
0.097647,115,144,1
0.34306,15000,995403,66
0.094254,156,295,1
0.217538,99,102,1
0.103926,6590,379602,57
0.083801,7601,544996,71
0.344462,129,220,1
0.172524,7249,537178,74
0.197958,376,7341,19
0.141725,90,97,1
0.362395,15000,772854,51
0.266493,1327,38288,28
0.163001,96,98,1
0.234502,259,738,2
0.253371,176,283,1
0.086726,15000,636087,42
0.063567,1270,33941,26
0.394968,176,339,1
0.348142,330,557,1
0.210595,7827,616404,78
0.177643,341,1153,3
0.366083,473,8333,17
0.060297,1332,77857,58
0.398299,94,98,1
0.051562,86,97,1
0.317171,15000,616999,41
0.215391,1685,56412,33
0.230994,956,3836,4
0.397791,125,181,1
0.125392,87,96,1
0.121256,1398,58855,42
0.283995,717,12590,17
0.211592,15000,953075,63
0.307365,143,152,1
0.33463,3347,108594,32
0.328979,85,93,1
0.09183,82,136,1
0.200505,171,277,1
0.289854,80,96,1
0.23007,342,507,1
0.14934,115,296,2
0.150725,112,1287,11
0.195417,1394,38637,27
0.378455,90,91,1
0.126456,80,91,1
0.232365,99,101,1
0.22461,15000,1022042,68
0.343809,1588,46746,29
0.270483,3577,95742,26
0.361161,7106,546340,76
0.158562,110,113,1
0.274058,15000,927905,61
0.116748,1831,94528,51
0.079054,96,113,1
0.149135,252,979,3
0.385061,156,249,1
0.343632,231,7168,31
0.185246,1452,27816,19
0.271333,103,107,1
0.136046,6952,565328,81
0.396451,96,128,1
0.226292,15000,889963,59
0.062928,1297,91523,70
0.22085,77,94,1
0.335345,137,378,2
0.145004,6093,539882,88
0.364935,705,6807,9
0.380744,15000,951185,63
0.325209,235,475,2
0.141274,415,765,1
0.367795,88,99,1
0.176337,94,158,1
0.362105,452,9463,20
0.26182,1452,18245,12
0.278205,45,47,1
0.200559,7452,516327,69
0.111511,997,40214,40
0.141341,15000,691463,46
0.14022,1091,103714,95
0.176561,99,106,1
0.216625,102,105,1
0.310525,56,84,1
0.098396,601,3029,5
0.298195,671,7941,11
0.391607,272,1832,6
0.09917,8123,388457,47
0.175391,88,93,1
0.316989,169,185,1
0.249661,100,159,1
0.392708,101,111,1
0.225667,89,136,1
0.131921,147,267,1
0.284051,64,671,10
0.22822,1344,23792,17
0.145865,323,510,1
0.19751,106,110,1
0.321689,350,623,1
0.086839,9006,1145727,127
0.158241,65,853,13
0.111485,198,335,1
0.11255,78,104,1
0.399756,271,588,2
0.051616,100,113,1
0.283635,15000,1130506,75
0.264759,5559,280809,50
0.19897,1271,55515,43
0.177344,85,107,1
0.39214,248,523,2
0.286788,7231,346260,47
0.222392,347,2176,6
0.241904,946,28368,29
0.173725,473,2244,4
0.060276,96,100,1
0.157998,194,875,4
0.177004,444,2346,5
0.229959,153,1310,8
0.316616,15000,917653,61
0.065327,1320,49164,37
0.082412,4011,135117,33
0.219494,6004,240046,39
0.196598,144,156,1
0.085579,100,102,1
0.084986,268,933,3
0.342973,81,100,1
0.290255,8068,376100,46
0.326809,88,92,1
0.162029,195,240,1
0.082185,236,474,2
0.36962,15000,581729,38
0.118887,1214,30467,25
0.159189,2227,149630,67
0.392317,95,109,1
0.320442,91,97,1
0.058577,80,111,1
0.244864,15000,937306,62
0.312523,999,16490,16
0.26928,1999,38826,19
0.238188,3999,238473,59
0.298889,442,1672,3
0.102289,7829,670997,85
0.396731,1087,7563,6
0.339072,305,4273,14
0.164282,1892,71143,37
0.204794,63,77,1
0.249328,74,84,1
0.16849,89,101,1
0.206686,499,7682,15
0.350863,99,101,1
0.312494,166,580,3
0.1453,7920,510778,64
0.377453,190,400,2
0.127879,15000,636707,42
0.236451,1680,81045,48
0.348481,15000,633916,42
0.106163,90,104,1
0.121033,74,99,1
0.162114,101,161,1
0.107297,324,1862,5
0.365123,44,59,1
0.248533,229,386,1
0.197705,999,20908,20
0.083546,2700,175128,64
0.287922,5318,259279,48
0.185146,86,92,1
0.197865,165,349,2
0.161927,2461,148881,60
0.374309,347,605,1
0.366806,71,93,1
0.325199,6732,535763,79
0.276956,103,119,1
0.206856,91,100,1
0.381585,15000,816707,54
0.363327,1343,28743,21
0.092401,77,87,1
0.095159,140,651,4
0.173333,15000,1265776,84
0.134876,2109,159380,75
0.07521,74,114,1
0.367721,78,85,1
0.355244,213,372,1
0.275324,7783,465479,59
0.305397,15000,662931,44
0.055525,2449,255278,104
0.394774,148,295,1
0.392903,140,270,1
0.251011,15000,1270439,84
0.065983,279,386,1
0.249728,269,636,2
0.122067,202,1986,9
0.300829,231,6183,26
0.258101,1001,26450,26
0.117941,394,724,1
0.14229,109,112,1
0.261514,169,606,3
0.204563,91,94,1
0.105586,15000,954101,63
0.075059,1108,112533,101
0.223655,408,1944,4
0.318414,6369,632134,99
0.11191,937,12494,13
0.377814,15000,1074237,71
0.075673,1698,95424,56
0.254581,150,177,1
0.376041,766,6413,8
0.381816,6501,317192,48
0.262103,416,634,1
0.101231,15000,498082,33
0.154951,799,33792,42
0.344786,109,208,1
0.261516,98,108,1
0.052668,318,1398,4
0.364406,92,142,1
0.247267,140,146,1
0.181503,15000,493242,32
0.323455,192,234,1
0.262594,94,111,1
0.173348,77,95,1
0.356759,359,1770,4
0.230658,8056,399551,49
0.275397,15000,502231,33
0.068936,83,87,1
0.272637,91,92,1
0.253973,7001,427262,61
0.33205,203,626,3
0.224036,190,1213,6
0.360748,501,8654,17
0.172573,259,862,3
0.397876,130,166,1
0.074376,6496,515886,79
0.297845,15000,961857,64
0.395936,4217,317253,75
0.398711,124,225,1
0.212491,15000,1139456,75
0.384292,185,433,2
0.325477,960,10520,10
0.39868,171,467,2
0.21419,111,353,3
0.198148,499,6029,12
0.056956,373,961,2
0.059665,335,1150,3
0.075774,199,320,1
0.347798,398,6396,16
0.347309,278,1453,5
0.283957,15000,1031320,68
0.298547,96,189,1
0.198741,275,436,1
0.120987,178,295,1
0.266128,15000,809553,53
0.228518,72,83,1
0.204461,133,184,1
0.081368,89,91,1
0.199641,7813,862587,110
0.056828,92,101,1
0.357334,131,172,1
0.058956,2662,181752,68
0.29952,104,108,1
0.147294,77,101,1
0.143023,232,2453,10
0.220684,903,8488,9
0.23887,144,200,1
0.202704,790,6316,7
0.099534,2362,151164,63
0.323958,15000,916314,61
0.296708,1202,26450,22
0.163561,3082,225224,73
0.383539,153,373,2
0.271075,92,110,1
0.099423,237,374,1
0.381691,440,21083,47
0.173149,2177,168295,77
0.256802,3940,357971,90
0.332126,15000,1181553,78
0.20471,1440,75877,52
0.207423,15000,826597,55
0.241108,1203,16472,13
0.286605,71,98,1
0.372842,464,797,1
0.358233,101,102,1
0.167304,9166,350800,38
0.34281,197,3903,19
0.221787,1213,29538,24
0.291737,97,103,1
0.363813,100,163,1
0.326903,95,100,1
0.165309,15000,414329,27
0.146734,1170,22735,19
0.377408,109,157,1
0.201995,6995,630993,90
0.310133,15000,1102771,73
0.102504,1233,30172,24
0.348832,173,318,1
0.217635,111,112,1
0.10223,90,107,1
0.186977,15000,589913,39
0.270522,1048,10983,10
0.082082,270,4229,15
0.221969,146,317,2
0.131202,96,107,1
0.215607,15000,1192557,79
0.180311,1044,19331,18
0.278758,122,147,1
0.136798,196,258,1
0.171532,102,108,1
0.297305,400,2258,5
0.275005,15000,563219,37
0.303992,1061,17377,16
0.218556,2170,134392,61
0.389237,94,155,1
0.162364,3292,235876,71
0.352404,15000,910087,60
0.181614,1225,24396,19
0.051857,179,230,1
0.127638,79,95,1
0.174347,115,208,1
0.207111,15000,488871,32
0.063293,1402,111897,79
0.325363,2551,114498,44
0.333032,4160,212911,51
0.081419,104,149,1
0.298343,15000,649913,43
0.066485,1307,68419,52
0.199239,106,250,2
0.088053,3940,208795,52
0.149145,337,5143,15
0.130927,309,1341,4
0.230182,172,206,1
0.270058,15000,883999,58
0.30683,1137,34370,30
0.275177,83,88,1
0.169105,4712,415492,88
0.271385,8940,801692,89
0.168603,705,7615,10
0.35923,162,350,2
0.232715,15000,922923,61
0.378844,142,151,1
0.269815,82,92,1
0.270577,97,108,1
0.074583,77,99,1
0.32338,90,103,1
0.180491,125,1581,12
0.322079,105,151,1
0.24001,112,113,1
0.144783,147,189,1
0.155236,6251,489658,78
0.245828,79,149,1
0.336509,141,197,1
0.356443,145,2113,14
0.1447,2228,210997,94
0.097974,94,109,1
0.160674,49,56,1
0.189838,77,83,1
0.28465,15000,1275321,85
0.199259,1498,25093,16
0.1213,15000,1128191,75
0.205034,1038,18797,18
0.229297,2051,73710,35
0.076121,198,233,1
0.329136,116,294,2
0.218188,15000,714173,47
0.071,1392,89545,64
0.301451,146,170,1
0.23636,83,103,1
0.222613,7837,693791,88
0.376185,15000,912944,60
0.144259,1270,21320,16
0.39629,130,139,1
0.301108,91,101,1
0.166167,368,2149,5
0.160077,689,9635,13
0.259383,7998,915981,114
0.326004,15000,1242369,82
0.358399,1725,44131,25
0.104292,599,2638,4
0.168159,9449,553451,58
0.055708,498,19212,38
0.062632,88,105,1
0.107109,201,605,3
0.19298,144,154,1
0.377605,96,184,1
0.303865,15000,586437,39
0.24213,1242,20739,16
0.108033,100,101,1
0.162099,352,8324,23
0.16249,679,7735,11
0.293987,94,143,1
0.082844,91,490,5
0.325558,95,99,1
0.335377,218,630,2
0.069058,499,3888,7
0.32092,133,146,1
0.151641,219,10825,49
0.275563,1595,30034,18
0.341303,108,117,1
0.313528,1201,16514,13
0.286043,80,88,1
0.30551,141,154,1
0.380981,15000,1266683,84
0.172572,149,699,4
0.275917,87,95,1
0.372703,15000,1386523,92
0.142543,1001,88062,87
0.103262,78,80,1
0.171999,520,7219,13
0.182996,9001,1085002,120
0.128725,1,2,2
0.138131,1731,129416,74
0.107027,81,87,1
0.18845,8001,823921,102
0.242003,15000,1175153,78
0.282758,111,113,1
0.108375,345,1767,5
0.140765,99,106,1
0.198998,359,1127,3
0.364281,1,2,2
0.225461,1001,46454,46
0.278173,70,96,1
0.252622,67,101,1
0.33904,195,255,1
0.350642,15000,478920,31
0.282334,1701,54590,32
0.153566,4375,559527,127
0.177135,253,867,3
0.069276,372,939,2
0.300681,15000,1223464,81
0.228214,1219,41841,34
0.153997,93,106,1
0.24673,147,159,1
0.092459,43,53,1
0.29299,1,2,2
0.134618,1884,174686,92
0.170675,132,145,1
0.304494,15000,1277798,85
0.151327,1840,207423,112
0.319963,408,895,2
0.067897,95,101,1
0.316565,9233,1131043,122
0.311347,15000,1116661,74
0.282951,1999,105975,53
0.372044,88,94,1
0.332683,15000,926481,61
0.060012,124,169,1
0.053648,129,141,1
0.071516,101,113,1
0.178457,88,180,2
0.249444,186,270,1
0.187329,101,279,2
0.156118,15000,565974,37
0.093485,1247,46658,37
0.130959,6000,410378,68
0.36803,103,105,1
0.109682,190,425,2
0.073307,106,107,1
0.316821,754,11785,15
0.203102,2184,102022,46
0.387223,209,239,1
0.167514,499,1813,3
0.26357,15000,1146722,76
0.364862,1466,21798,14
0.087744,86,162,1
0.364593,312,2113,6
0.189017,15000,780280,52
0.075393,85,148,1
0.192475,8167,374446,45
0.098852,611,7875,12
0.239018,352,3125,8
0.114702,1749,71052,40
0.357271,79,94,1
0.145993,88,97,1
0.09717,6342,674951,106
0.178781,74,138,1
0.163694,15000,923122,61
0.344496,1060,22285,21
0.176785,2413,87131,36
0.075276,3951,392776,99
0.263357,81,100,1
0.318468,74,94,1
0.209795,15000,1097006,73
0.118732,1625,54982,33
0.229934,72,89,1
0.086193,88,95,1
0.192295,948,10611,11
0.314289,15000,538277,35
0.368742,8408,458459,54
0.304898,15000,755812,50
0.257704,1800,44593,24
0.322242,378,749,1
0.331621,63,71,1
0.062198,7083,516085,72
0.152683,89,108,1
0.246719,87,100,1
0.212913,127,133,1
0.141468,499,5862,11
0.168654,1846,143609,77
0.064591,308,1179,3
0.346342,601,4113,6
0.282712,15000,1247172,83
0.186124,1423,55694,39
0.359994,121,129,1
0.357742,15000,1356470,90
0.218192,1214,20838,17
0.200753,88,125,1
0.398918,583,6670,11
0.198569,83,106,1
0.32194,15000,821074,54
0.067243,2209,103504,46
0.288006,7499,394077,52
0.206746,88,99,1
0.100944,175,1752,10
0.250538,1056,21878,20
0.206502,15000,509549,33
0.372475,1259,9087,7
0.063626,2590,147844,57
0.152806,98,104,1
0.198057,6647,460732,69
0.133553,451,1380,3
0.106917,499,17121,34
0.336196,176,213,1
0.226726,109,115,1
0.160385,47,49,1
0.072375,8499,732696,86
0.131189,301,1253,4
0.392642,1251,14060,11
0.341787,107,112,1
0.307688,79,104,1
0.163854,109,198,1
0.189312,15000,1244926,82
0.255313,999,19451,19
0.291509,186,563,3
0.220218,109,151,1
0.05786,4727,191618,40
0.368821,244,514,2
0.300621,198,252,1
0.175131,98,105,1
0.172415,205,380,1
0.243041,1231,27003,21
0.135854,360,4006,11
0.347005,108,138,1
0.35291,49,52,1
0.269557,160,196,1
0.081826,671,19260,28
0.163655,1851,75136,40
0.153283,3364,191066,56
0.119815,114,115,1
0.141243,55,81,1
0.23572,15000,728967,48
0.272872,1141,23204,20
0.052425,969,7122,7
0.382599,144,250,1
0.079643,7895,620170,78
0.27874,505,6423,12
0.165237,15000,745128,49
0.254328,1042,16178,15
0.103605,2229,227434,102
0.196946,7242,756314,104
0.274776,15000,1295167,86
0.050227,2335,214643,91
0.154266,526,1143,2
0.223773,15000,1110219,74
0.160866,1198,7960,6
0.145054,122,139,1
0.141011,9103,768145,84
0.137514,117,1576,13
0.211284,350,836,2
0.219267,93,99,1
0.23844,3518,222676,63
0.175872,95,193,2
0.257155,15000,857316,57
0.184647,1010,15344,15
0.284638,39,43,1
0.179919,9323,407855,43
0.32127,441,7400,16
0.296305,1717,20858,12
0.326367,3978,194092,48
0.311303,89,94,1
0.257642,6541,589884,90
0.34941,87,195,2
0.310165,838,4788,5
0.171158,72,78,1
0.145077,6805,776616,114
0.344882,15000,1272796,84
0.118714,1159,86949,75
0.371523,89,98,1
0.176966,93,103,1
0.250891,15000,1477106,98
0.118182,1390,27639,19
0.205818,96,110,1
0.126792,5558,216353,38
0.376676,15000,537612,35
0.162822,1301,42777,32
0.086117,84,89,1
0.057349,163,291,1
0.105883,100,113,1
0.295424,15000,1158329,77
0.129128,4944,326868,66
0.28758,86,91,1
0.165007,347,4381,12
0.056646,52,57,1
0.182841,4111,184063,44
0.147742,217,342,1
0.121318,91,94,1
0.31257,4215,233643,55
0.377021,9081,497820,54
0.109676,91,102,1
0.174242,472,1511,3
0.342516,97,106,1
0.362365,15000,568546,37
0.283739,2089,73511,35
0.284529,90,100,1
0.227803,15000,996713,66
0.183772,1533,45107,29
0.083337,3278,165353,50
0.261031,102,103,1
0.176752,199,718,3
0.233697,167,241,1
0.128638,175,466,2
0.312922,15000,365465,24
0.265609,1129,11075,9
0.206226,95,209,2
0.302801,130,137,1
0.129922,110,165,1
0.108386,81,106,1
0.098504,33,731,22
0.1585,75,150,2
0.307937,145,168,1
0.337414,91,194,2
0.134357,379,3862,10
0.092443,91,99,1
0.287701,102,105,1
0.351612,136,248,1
0.218624,15000,397237,26
0.215848,1203,18649,15
0.27849,108,195,1
0.272021,1279,12085,9
0.200883,86,109,1
0.255604,15000,558134,37
0.216232,1177,40205,34
0.056106,236,492,2
0.170891,6058,429584,70
0.075447,143,184,1
0.312272,15000,866806,57
0.076828,1998,180318,90
0.240294,130,142,1
0.207408,141,261,1
0.374848,962,20887,21
0.318541,1998,107156,53
0.065247,173,196,1
0.13857,450,5541,12
0.266823,15000,1226126,81
0.150965,1328,17508,13
0.212057,2555,70913,27
0.398919,157,209,1
0.174726,6919,438453,63
0.176123,15000,815432,54
0.177894,1046,10878,10
0.116407,64,81,1
0.362618,82,91,1
0.318949,15000,944044,62
0.386926,1825,13082,7
0.055366,387,1005,2
0.06604,93,105,1
0.175846,804,2441,3
0.137746,15000,1089634,72
0.074384,1148,41323,35
0.144916,2614,169190,64
0.146234,3586,360237,100
0.266946,15000,1029757,68
0.072127,2390,175194,73
0.07139,88,103,1
0.168222,15000,1201793,80
0.103995,1375,47996,34
0.360531,89,90,1
0.165503,111,139,1
0.258963,7960,897666,112
0.3305,15000,1107142,73
0.329958,1585,11132,7
0.105479,3215,336504,104
0.22076,96,106,1
0.239177,96,113,1
0.329083,94,100,1
0.130258,7834,999868,127
0.24795,15000,906928,60
0.24353,1592,23306,14
0.183577,93,99,1
0.174517,5606,602898,107
0.367961,129,143,1
0.263654,15000,1230353,82
0.277114,1133,41315,36
0.174982,6209,451151,72
0.370367,842,13965,16
0.267229,15000,985519,65
0.316236,1003,25335,25
0.32036,2152,19663,9
0.285685,6497,750292,115
0.077116,163,184,1
0.156457,9157,1222690,133
0.05942,116,140,1
0.256301,629,9465,15
0.172347,1408,60790,43
0.348287,15000,1386136,92
0.234644,999,38590,38
0.146122,129,161,1
0.368518,103,144,1
0.114094,6239,470777,75
0.268263,171,247,1
0.065068,15000,692258,46
0.235087,999,33273,33
0.171912,2499,137481,55
0.168257,3499,204747,58
0.360253,136,444,3
0.390251,169,647,3
0.317744,421,1463,3
0.300148,15000,1163530,77
0.296155,999,9832,9
0.17782,4499,128866,28
0.113002,78,80,1
0.348101,15000,435597,29
0.075751,1112,58907,52
0.181485,74,99,1
0.07086,354,10289,29
0.158097,15000,1032077,68
0.290501,1344,30420,22
0.159466,2743,92320,33
0.178411,72,96,1
0.107633,186,758,4
0.247611,15000,895209,59
0.217852,999,26360,26
0.115977,372,809,2
0.183361,98,146,1
0.212582,15000,649944,43
0.35031,1043,10207,9
0.196403,3206,87394,27
0.204868,120,294,2
0.178766,255,620,2
0.204344,7127,324375,45
0.107491,133,251,1
0.281358,15000,586694,39
0.125652,133,152,1
0.092624,176,218,1
0.23194,108,178,1
0.106955,70,95,1
0.24425,15000,1163601,77
0.371393,244,361,1
0.185522,15000,721991,48
0.252471,1215,33528,27
0.131197,84,89,1
0.286186,215,309,1
0.218637,50,61,1
0.219308,15000,753297,50
0.314129,999,27042,27
0.097629,207,1388,6
0.191229,819,16195,19
0.111089,149,707,4
0.267668,92,151,1
0.229562,15000,553060,36
0.214359,1046,28936,27
0.084585,2773,303587,109
0.151067,95,98,1
0.37396,96,97,1
0.360546,415,1507,3
0.302258,234,1315,5
0.284674,15000,1026697,68
0.276054,999,31579,31
0.378704,76,86,1
0.120914,89,95,1
0.26645,138,158,1
0.376714,302,596,1
0.088815,499,19904,39
0.122132,1888,96309,51
0.387975,101,102,1
0.262339,15000,1013737,67
0.089623,262,1300,4
0.093919,134,183,1
0.096186,15000,512284,34
0.206407,999,13107,13
0.398688,58,179,3
0.220995,1850,157192,84
0.364997,67,89,1
0.349028,108,119,1
0.251669,101,106,1
0.284643,111,163,1
0.390187,1156,42594,36
0.097095,87,100,1
0.144843,136,165,1
0.051881,115,220,1
0.37321,361,11924,33
0.313226,175,388,2
0.209381,88,99,1
0.250273,77,98,1
0.353199,82,86,1
0.124423,42,60,1
0.053203,72,103,1
0.206188,212,304,1
0.350629,6214,250385,40
0.179345,69,116,1
0.388368,46,68,1
0.391618,83,244,2
0.217044,81,89,1
0.122816,162,192,1
0.310664,7797,360937,46
0.145144,196,1083,5
0.076159,163,265,1
0.307782,204,351,1
0.075832,110,146,1
0.106801,75,87,1
0.325827,210,3575,17
0.150505,1678,23371,13
0.186238,93,117,1
0.065237,465,4042,8
0.098461,747,17104,22
0.261847,15000,520588,34
0.183088,2695,224046,83
0.253296,6475,566601,87
0.341222,15000,843225,56
0.295355,1261,32388,25
0.332928,2991,64822,21
0.317836,134,148,1
0.111979,1311,46328,35
0.171334,15000,1042444,69
0.358503,1261,26503,21
0.267376,112,114,1
0.227713,5679,436302,76
0.219738,172,244,1
0.103265,87,107,1
0.246667,15000,839894,55
0.133965,1858,30327,16
0.088668,347,1079,3
0.296812,570,2234,3
0.055758,88,92,1
0.12681,114,145,1
0.28196,761,16576,21
0.32522,1244,12392,9
0.254797,90,95,1
0.081255,7377,825651,111
0.05711,1094,56119,51
0.123754,99,101,1
0.08838,395,2017,5
0.247445,75,96,1
0.2673,103,105,1
0.246593,15000,1215019,81
0.104856,86,93,1
0.134629,6422,381393,59
0.235084,244,1029,4
0.098273,2938,76257,25
0.281216,169,200,1
0.377064,86,99,1
0.147912,6109,325281,53
0.171881,55,58,1
0.23484,15000,551014,36
0.110325,1219,61590,50
0.362463,82,103,1
0.181781,89,204,2
0.263052,5876,595598,101
0.272056,15000,1177731,78
0.050854,1480,38369,25
0.096902,173,242,1
0.089743,81,128,1
0.205643,7229,320282,44
0.299533,86,101,1
0.138125,251,1045,4
0.137062,86,101,1
0.063374,133,198,1
0.058171,655,7304,11
0.098188,448,2158,4
0.283207,15000,498749,33
0.205938,212,331,1
0.273823,139,198,1
0.287788,1017,7796,7
0.287678,947,6667,7
0.153968,336,1632,4
0.25287,178,190,1
0.267767,331,1516,4
0.083576,342,10492,30
0.386499,1352,25716,19
0.398735,150,158,1
0.386081,5212,423187,81
0.105177,125,205,1
0.13852,114,175,1
0.165408,95,102,1
0.329358,15000,782897,52
0.385439,1730,39518,22
0.23603,110,153,1
0.251159,6990,758355,108
0.056311,96,110,1
0.295002,15000,1181406,78
0.306607,78,90,1
0.207653,499,3270,6
0.093362,6381,381125,59
0.362123,178,354,1
0.251423,15000,684870,45
0.209403,423,536,1
0.205576,65,66,1
0.20871,6902,821575,119
0.279013,15000,1322931,88
0.244796,1776,22735,12
0.309108,160,220,1
0.112878,365,837,2
0.15368,6606,353438,53
0.196388,6195,327661,52
0.235097,96,103,1
0.353701,15000,637490,42
0.230317,1400,51772,36
0.130004,180,271,1
0.356673,122,141,1
0.209753,83,95,1
0.296413,15000,1325678,88
0.276522,1400,37227,26
0.084539,457,6481,14
0.366186,5492,295034,53
0.111373,380,583,1
0.303334,15000,602938,40
0.179085,1118,35596,31
0.276057,2900,82329,28
0.317895,85,161,1
0.205652,7530,322332,42
0.214166,710,9205,12
0.151172,92,97,1
0.200348,89,99,1
0.197292,552,5797,10
0.216477,8253,410473,49
0.372647,15000,513983,34
0.161288,1286,27628,21
0.149001,3499,135698,38
0.108968,4967,180490,36
0.375965,97,104,1
0.13921,88,110,1
0.334785,91,127,1
0.294121,15000,420427,28
0.323142,1032,15457,14
0.167487,2650,150668,56
0.221084,99,106,1
0.373528,85,152,1
0.385507,15000,715704,47
0.184507,1334,13592,10
0.115745,75,117,1
0.116465,147,253,1
0.178258,8519,932083,109
0.195711,40,41,1
0.248323,875,21078,24
0.229153,4875,392150,80
0.096364,1413,89857,63
0.240613,108,141,1
0.215094,6264,510355,81
0.282008,225,277,1
0.37751,65,521,8
0.305045,160,163,1
0.262643,553,4048,7
0.062474,81,99,1
0.371177,15000,1294483,86
0.210472,1074,22916,21
0.274915,15000,1121477,74
0.352846,129,232,1
0.142987,255,1412,5
0.198756,224,261,1
0.362249,15000,853279,56
0.292704,1077,8875,8
0.069758,109,201,1
0.101323,203,1160,5
0.23014,74,89,1
0.270901,60,102,1
0.319416,15000,768965,51
0.29576,1728,129026,74
0.347977,140,152,1
0.385115,211,1082,5
0.107009,86,102,1
0.119243,1061,69009,65
0.181905,99,104,1
0.361363,8197,657458,80
0.289061,15000,943349,62
0.336323,1077,11895,11
0.1031,2145,197862,92
0.289735,131,142,1
0.264034,126,147,1
0.365104,112,116,1
0.127526,15000,882793,58
0.250364,1577,78777,49
0.268347,68,77,1
0.17294,110,119,1
0.341949,15000,1031666,68
0.231085,1083,28669,26
0.277675,240,2119,8
0.210145,88,91,1
0.172991,899,21954,24
0.327371,94,153,1
0.150588,88,95,1
0.385884,15000,1314845,87
0.358697,1077,11125,10
0.066791,449,1195,2
0.254642,77,1402,18
0.36118,1077,10007,9
0.255722,209,366,1
0.121912,102,105,1
0.184539,95,151,1
0.282981,94,301,3
0.335685,15000,470347,31
0.162373,162,196,1
0.299031,116,242,2
0.296164,83,90,1
0.207122,70,79,1
0.122749,203,1358,6
0.251904,15000,1172386,78
0.277053,1164,59505,51
0.158418,56,96,1
0.374812,1426,35088,24
0.151194,309,618,2
0.329669,15000,1065908,71
0.387572,1599,99347,62
0.268074,5994,738402,123
0.249353,15000,1234923,82
0.176151,4606,402171,87
0.161781,754,6938,9
0.299415,15000,917898,61
0.270335,577,5925,10
0.13191,6217,679311,109
0.260468,1300,6644,5
0.35732,15000,1024219,68
0.101764,255,1180,4
0.191593,65,67,1
0.135023,139,210,1
0.273764,15000,1488942,99
0.132465,365,2542,6
0.399492,106,372,3
0.32594,77,140,1
0.285492,15000,983613,65
0.250693,73,97,1
0.207188,180,205,1
0.375936,217,500,2
0.252873,15000,738042,49
0.129468,100,110,1
0.276316,2274,25956,11
0.245729,15000,1070628,71
0.275517,1001,12707,12
0.170475,2001,127340,63
0.275038,265,443,1
0.310342,182,285,1
0.135241,7418,631605,85
0.248343,145,242,1
0.208479,98,102,1
0.220223,601,25511,42
0.391051,89,91,1
0.059662,84,100,1
0.235655,222,2613,11
0.086403,112,135,1
0.156045,467,1002,2
0.083808,83,88,1
0.125719,257,945,3
0.207629,97,100,1
0.383475,15000,982321,65
0.056682,214,670,3
0.193364,80,87,1
0.15751,203,339,1
0.21196,94,109,1
0.098005,149,198,1
0.372934,685,1540,2
0.293771,478,16409,34
0.225651,3001,146546,48
0.166162,92,108,1
0.239351,722,10455,14
0.107691,15000,1006229,67
0.39787,159,237,1
0.223839,269,317,1
0.360564,15000,442529,29
0.343255,336,599,1
0.275434,89,164,1
0.178907,100,107,1
0.236524,15000,518391,34
0.160718,1501,48960,32
0.217447,1786,104967,58
0.213883,15000,1248154,83
0.121202,102,105,1
0.246528,467,2143,4
0.386005,15000,925826,61
0.268599,345,688,1
0.205611,15000,677839,45
0.069462,1706,87458,51
0.246784,398,698,1
0.319691,190,613,3
0.174765,100,116,1
0.251587,209,414,1
0.112754,15000,825551,55
0.326665,1001,30955,30
0.126468,120,204,1
0.074193,103,104,1
0.110539,775,34489,44
0.351507,15000,1043591,69
0.316451,261,633,2
0.228099,15000,1274280,84
0.389277,127,211,1
0.056696,95,102,1
0.293615,155,301,1
0.21316,123,197,1
0.142365,7001,773792,110
0.195347,391,2072,5
0.177165,15000,1067745,71
0.255868,2001,63765,31
0.19016,118,145,1
0.082115,185,761,4
0.199425,88,98,1
0.292023,15000,804500,53
0.295425,1701,66641,39
0.110911,80,99,1
0.079011,434,2990,6
0.331148,90,158,1
0.312617,1001,24475,24
0.183498,2175,60203,27
0.120372,368,12529,34
0.206072,67,82,1
0.374259,104,112,1
0.210558,15000,1201613,80
0.173162,1552,62564,40
0.25207,198,490,2
0.149508,6493,605657,93
0.1958,449,1334,2
0.150935,58,61,1
0.382107,945,17701,18
0.116948,97,101,1
0.139119,6059,720469,118
0.197734,15000,1205402,80
0.352302,96,107,1
0.151647,168,1226,7
0.120112,7945,624807,78
0.062605,102,154,1
0.367097,92,104,1
0.076103,315,670,2
0.235423,604,13665,22
0.141155,1350,36595,27
0.065777,1629,18534,11
0.30796,176,641,3
0.195056,459,3573,7
0.343106,1554,31968,20
0.292536,183,268,1
0.221603,15000,667073,44
0.307622,96,109,1
0.229289,105,136,1
0.164088,7371,290505,39
0.393962,110,119,1
0.19393,81,96,1
0.279669,15000,419244,27
0.072812,1098,32146,29
0.397275,106,118,1
0.353094,15000,744535,49
0.380452,1369,80694,58
0.069507,153,277,1
0.290938,74,100,1
0.066936,60,520,8
0.278012,1127,15757,13
0.055511,499,8218,16
0.14021,6869,303699,44
0.191132,15000,420444,28
0.216512,1964,109563,55
0.259791,81,98,1
0.309334,93,101,1
0.11634,408,3476,8
0.306259,15000,1021557,68
0.093948,1335,63989,47
0.055591,97,341,3
0.254502,91,112,1
0.397292,111,160,1
0.283624,15000,1055173,70
0.316637,1161,20886,17
0.108181,153,195,1
0.228358,6803,639142,93
0.266643,15000,1009568,67
0.160965,1033,20561,19
0.365226,84,94,1
0.337961,355,4008,11
0.273215,15000,445935,29
0.134693,1129,33361,29
0.145824,3360,66819,19
0.073392,284,492,1
0.138865,94,128,1
0.304621,15000,659982,43
0.198439,1099,22099,20
0.140151,2189,209278,95
0.359007,88,96,1
0.320787,61,73,1
0.057248,90,92,1
0.077738,964,13577,14
0.151749,2224,47710,21
0.272844,102,108,1
0.23743,78,84,1
0.248192,87,97,1
0.279343,744,3304,4
0.320132,289,922,3
0.151592,869,6757,7
0.363124,64,162,2
0.079391,122,136,1
0.140181,205,865,4
0.191217,5431,466806,85
0.314697,9555,788241,82
0.380158,15000,885290,59
0.143285,2170,39769,18
0.171755,116,161,1
0.112041,1879,108437,57
0.268476,15000,771896,51
0.210746,304,516,1
0.293715,15000,952579,63
0.318002,71,72,1
0.122402,68,86,1
0.235714,97,100,1
0.216438,7070,416732,58
0.057737,8315,463812,55
0.370076,15000,670074,44
0.288443,2215,110512,49
0.208388,15000,1326403,88
0.217072,1049,10126,9
0.29676,174,289,1
0.17847,5606,406278,72
0.214232,93,104,1
0.171493,15000,835187,55
0.176881,1451,10050,6
0.153774,91,105,1
0.186843,93,98,1
0.144014,15000,639475,42
0.170443,6145,623187,101
0.200293,96,99,1
0.339117,87,102,1
0.205064,576,15604,27
0.147354,4502,210070,46
0.326013,160,296,1
0.171815,294,401,1
0.336999,15000,659739,43
0.054639,172,247,1
0.193324,527,16779,31
0.155953,110,113,1
0.317212,76,148,1
0.116701,4372,491600,112
0.399006,6156,493595,80
0.38247,6484,645725,99
0.210688,3111,284895,91
0.191967,405,2965,7
0.344708,92,107,1
0.386439,77,117,1
0.141351,1457,50805,34
0.150786,186,1460,7
0.05425,176,228,1
0.148936,245,1824,7
0.087703,143,159,1
0.123887,5756,338735,58
0.182517,16,18,1
0.367992,684,13571,19
0.255489,2525,157439,62
0.341587,5414,328123,60
0.11336,2814,190555,67
0.270881,15000,785886,52
0.193034,1043,19274,18
0.244456,330,663,2
0.219603,125,360,2
0.352956,15000,614810,40
0.320167,1224,43390,35
0.170819,5737,491260,85
0.104832,348,744,2
0.330348,85,144,1
0.366549,103,109,1
0.392988,6932,669373,96
0.312029,15000,1047537,69
0.23957,1075,13496,12
0.35587,407,760,1
0.223021,213,402,1
0.24495,15000,838220,55
0.241298,1020,25942,25
0.15597,101,142,1
0.20687,1259,73278,58
0.338685,15000,1302534,86
0.323799,67,76,1
0.325617,134,156,1
0.081596,86,169,1
0.323723,6972,513701,73
0.325268,15000,809949,53
0.248033,2020,167532,82
0.318002,5298,516788,97
0.34874,159,183,1
0.143076,92,121,1
0.306634,15000,1149785,76
0.301334,207,268,1
0.234485,94,97,1
0.37093,5829,456798,78
0.398463,163,210,1
0.184493,103,112,1
0.388333,15000,881865,58
0.223692,1262,48958,38
0.167881,104,117,1
0.12378,106,109,1
0.156684,2020,187709,92
0.167222,100,103,1
0.352551,91,98,1
0.288823,15000,1336073,89
0.281849,81,100,1
0.397463,107,175,1
0.29871,5649,604276,106
0.258653,880,16294,18
0.341655,89,106,1
0.218034,123,153,1
0.07722,71,853,12
0.208669,1222,24670,20
0.216707,117,191,1
0.306881,872,7832,8
0.214038,15000,1167372,77
0.263368,1036,11481,11
0.388423,1003,25723,25
0.335619,9946,730378,73
0.359904,1051,24919,23
0.205034,7505,703188,93
0.294968,15000,1075039,71
0.1837,1318,37331,28
0.164449,176,268,1
0.214508,224,842,3
0.162582,1958,61745,31
0.325075,15000,561302,37
0.093775,1208,53846,44
0.353574,71,90,1
0.096702,316,1642,5
0.262996,15000,1103465,73
0.320748,1078,12208,11
0.060348,2446,64983,26
0.156109,93,95,1
0.153848,87,117,1
0.260218,15000,618936,41
0.170126,1251,18821,15
0.257821,2290,44822,19
0.054079,81,89,1
0.077877,56,62,1
0.169139,15000,422890,28
0.067198,1149,60903,53
0.275655,88,153,1
0.076698,174,1439,8
0.228572,51,77,1
0.326592,15000,1200755,80
0.351175,1446,23256,16
0.146408,100,105,1
0.21965,15000,518237,34
0.171262,1003,27211,27
0.346734,2039,34290,16
0.274396,94,161,1
0.079593,78,82,1
0.155247,172,615,3
0.237272,15000,1011866,67
0.137037,101,119,1
0.211019,73,88,1
0.358257,152,176,1
0.372924,901,10596,11
0.097802,3446,153480,44
0.340359,100,196,1
0.143005,184,215,1
0.208719,8711,372728,42
0.292822,9946,472911,47
0.327472,79,109,1
0.065692,4408,210062,47
0.05192,1967,57090,29
0.363495,123,155,1
0.287777,15000,608905,40
0.179469,1323,57891,43
0.140556,88,101,1
0.235268,475,2489,5
0.156389,542,16678,30
0.167225,209,1089,5
0.298306,15000,1118913,74
0.121098,136,265,1
0.070821,3677,211674,57
0.332821,88,137,1
0.39804,222,312,1
0.327572,15000,602317,40
0.324347,1167,27444,23
0.364261,454,2769,6
0.056953,3283,184423,56
0.127732,78,113,1
0.114482,73,96,1
0.215612,7131,343969,48
0.277574,180,2004,11
0.13535,110,146,1
0.378817,3725,185809,49
0.343968,193,455,2
0.105252,2769,132135,47
0.19345,99,144,1
0.36598,613,6605,10
0.115484,238,724,3
0.08298,7286,440729,60
0.175453,105,108,1
0.323068,115,238,2
0.197425,499,987,1
0.330072,15000,520165,34
0.31418,1029,28941,28
0.180301,799,9734,12
0.390005,126,177,1
0.154591,500,6460,12
0.064008,101,269,2
0.326076,5935,191056,32
0.215682,175,321,1
0.367059,90,193,2
0.234703,15000,656147,43
0.166332,471,4353,9
0.109114,100,150,1
0.384496,1817,30938,17
0.393703,354,1715,4
0.329552,502,1480,2
0.334337,15000,1156502,77
0.252304,681,4489,6
0.211003,269,445,1
0.238752,96,111,1
0.341543,94,108,1
0.364341,15000,660268,44
0.058994,1045,46407,44
0.348203,196,442,2
0.118795,136,206,1
0.20185,97,115,1
0.127008,117,123,1
0.267761,80,144,1
0.347497,590,8974,15
0.304845,583,2538,4
0.147188,5327,271934,51
0.340396,294,826,2
0.318541,207,241,1
0.36395,452,5551,12
0.20394,345,438,1
0.262518,15000,530280,35
0.252449,999,27831,27
0.121238,388,824,2
0.158251,6443,417489,64
0.082403,1999,101791,50
0.114783,470,5312,11
0.307405,89,98,1
0.379995,196,326,1
0.260565,107,108,1
0.174792,5999,418727,69
0.322425,93,99,1
0.180414,15000,798790,53
0.065414,2300,74552,32
0.366047,89,99,1
0.152601,93,137,1
0.362699,109,152,1
0.2731,89,105,1
0.194683,5143,440228,85
0.280217,15000,926668,61
0.205948,999,8823,8
0.283374,2871,158454,55
0.220177,1941,43744,22
0.123823,111,182,1
0.394782,391,3258,8
0.311376,1691,14840,8
0.32573,75,98,1
0.124044,208,556,2
0.154703,9804,434880,44
0.267772,1539,43881,28
0.103511,105,117,1
0.07622,102,104,1
0.380463,74,86,1
0.119734,8150,254963,31
0.075846,499,4281,8
0.093267,111,606,5
0.327822,132,252,1
0.351723,78,94,1
0.294454,125,137,1
0.329262,15000,497860,33
0.084699,1309,56363,43
0.062877,93,110,1
0.097221,88,103,1
0.239497,8677,655386,75
0.335461,15000,747731,49
0.197264,2346,71284,30
0.347866,84,85,1
0.272816,120,139,1
0.086941,461,2022,4
0.338072,15000,947309,63
0.312658,1499,42487,28
0.136087,2999,200562,66
0.139153,131,215,1
0.215506,8999,919432,102
0.341856,15000,975805,65
0.120887,1071,31400,29
0.335456,69,90,1
0.273675,115,192,1
0.141197,123,240,1
0.368541,93,103,1
0.255044,9215,592189,64
0.227849,499,1964,3
0.126965,1728,132847,76
0.189099,4499,296131,65
0.106021,1829,139074,76
0.233365,15000,1054191,70
0.079505,2053,55251,26
0.225556,140,626,4
0.363333,2484,57613,23
0.104294,5054,575283,113
0.07361,945,47677,50
0.051036,1196,95606,79
0.275165,2636,106354,40
0.291964,149,198,1
0.189951,5999,400443,66
0.321811,15000,1050310,70
0.235569,999,33004,33
0.254742,2999,53185,17
0.263605,95,97,1
0.108758,113,117,1
0.309511,98,103,1
0.270572,15000,756637,50
0.314614,999,20685,20
0.139884,173,244,1
0.103191,8593,361584,42
0.128604,135,141,1
0.279344,83,102,1
0.337843,195,256,1
0.149788,8373,365743,43
0.177392,15000,449820,29
0.1667,2001,47746,23
0.150889,122,156,1
0.10288,7917,793483,100
0.164383,429,12569,29
0.340582,81,100,1
0.050899,221,2947,13
0.227238,1671,30361,18
0.162111,6187,434980,70
0.381135,138,197,1
0.290583,15000,854289,56
0.263284,999,7225,7
0.311979,2745,78827,28
0.251105,82,92,1
0.301272,15000,1260218,84
0.325549,1352,27004,19
0.213972,96,101,1
0.191524,107,108,1
0.191985,86,88,1
0.188455,15000,1272595,84
0.399676,1283,20522,15
0.319537,5684,259181,45
0.192084,93,241,2
0.274545,15000,440317,29
0.213757,999,17959,17
0.210214,100,138,1
0.213782,96,102,1
0.126727,7614,550732,72
0.328763,15000,790108,52
0.22095,1557,42892,27
0.101988,215,290,1
0.284043,156,668,4
0.118223,657,5496,8
0.229395,128,141,1
0.390222,314,3056,9
0.065534,1733,70379,40
0.260922,99,148,1
0.226285,89,99,1
0.291387,9499,553258,58
0.06038,499,5383,10
0.069438,3340,163687,49
0.167061,785,18844,24
0.366314,737,9603,13
0.361699,84,119,1
0.160099,458,4875,10
0.396706,8695,562087,64
0.121867,102,111,1
0.386724,15000,692620,46
0.302279,100,104,1
0.385086,96,107,1
0.318853,15000,697308,46
0.072951,1744,76324,43
0.08949,909,41330,45
0.2806,15000,1260486,84
0.139685,411,1385,3
0.27928,532,11396,21
0.07287,154,473,3
0.34421,87,93,1
0.105951,193,1270,6
0.256317,803,13379,16
0.368091,15000,513388,34
0.096848,2248,84933,37
0.130322,101,102,1
0.383958,328,3332,10
0.315628,1633,22517,13
0.273358,155,311,2
0.275719,499,1119,2
0.358421,152,215,1
0.248964,15000,1136780,75
0.35044,999,32395,32
0.090996,1999,164594,82
0.228608,50,52,1
0.18544,242,336,1
0.11329,445,3524,7
0.160016,86,91,1
0.371127,105,342,3
0.16831,613,14155,23
0.362897,78,97,1
0.166148,200,1037,5
0.319257,207,542,2
0.213481,724,21779,30
0.366752,164,270,1
0.354018,4991,176244,35
0.117636,178,278,1
0.261022,242,2287,9
0.073778,91,101,1
0.396977,337,603,1
0.251711,839,18338,21
0.18568,394,1967,4
0.329553,15000,874485,58
0.213441,1284,85823,66
0.257349,3637,298594,82
0.270993,5575,570387,102
0.167014,6904,937734,135
0.28366,15000,1377059,91
0.152878,2499,176358,70
0.331139,6678,633017,94
0.15634,296,4020,13
0.25818,15000,927185,61
0.358848,999,15076,15
0.163876,2123,43711,20
0.211025,78,186,2
0.189325,123,130,1
0.249599,86,107,1
0.32878,97,137,1
0.105511,361,443,1
0.093159,234,738,3
0.083442,352,3072,8
0.106747,83,89,1
0.213358,389,8365,21
0.252787,15000,799723,53
0.39362,52,87,1
0.233241,95,104,1
0.162475,135,243,1
0.222895,420,1524,3
0.076214,499,12711,25
0.139993,3207,124712,38
0.12066,226,849,3
0.366327,68,750,11
0.072893,1204,6822,5
0.160388,3042,325698,107
0.292325,74,86,1
0.252769,453,2250,4
0.250242,155,174,1
0.283143,15000,1101571,73
0.170203,999,8993,9
0.130654,87,89,1
0.268479,100,215,2
0.168059,580,4901,8
0.301088,9405,411765,43
0.173904,406,14060,34
0.221931,1924,82006,42
0.131583,196,304,1
0.331626,15000,818493,54
0.299989,999,14786,14
0.338254,1748,47256,27
0.055031,6499,721370,110
0.180537,7758,878835,113
0.370527,138,164,1
0.397569,8659,920000,106
0.301679,15000,1291960,86
0.12962,1499,114133,76
0.215663,15000,1108607,73
0.332062,1981,86948,43
0.1595,3118,146480,46
0.205432,77,95,1
0.188979,139,147,1
0.079341,101,108,1
0.251181,15000,543419,36
0.268591,88,110,1
0.262672,104,105,1
0.132907,6618,315194,47
0.233528,65,154,2
0.220667,1109,12499,11
0.324443,15000,375985,25
0.119904,277,487,1
0.125309,5687,266472,46
0.107434,3068,120135,39
0.262969,324,535,1
0.335136,160,233,1
0.26395,88,100,1
0.236655,153,309,2
0.156552,507,16365,32
0.182174,2160,175342,81
0.350611,117,162,1
0.345817,83,97,1
0.399327,294,786,2
0.157083,872,13478,15
0.134083,5538,518729,93
0.204926,91,95,1
0.302836,15000,1123719,74
0.163663,1326,34943,26
0.112461,91,105,1
0.320532,93,98,1
0.066793,663,38319,57
0.170523,2054,141169,68
0.241582,355,685,1
0.279216,5872,466768,79
0.091705,2048,141958,69
0.343441,383,1269,3
0.333384,15000,736033,49
0.148207,1422,63444,44
0.098392,5866,365944,62
0.322909,233,760,3
0.115108,15000,641096,42
0.186047,1130,5439,4
0.107069,95,98,1
0.252548,491,1448,2
0.317546,185,620,3
0.315472,15000,502050,33
0.314537,1032,12721,12
0.191608,162,189,1
0.367108,15000,1042712,69
0.360634,1939,48820,25
0.196305,90,94,1
0.139607,144,157,1
0.251411,15000,556748,37
0.07797,1169,25484,21
0.146159,189,255,1
0.255266,7372,523735,71
0.36395,134,300,2
0.075817,85,93,1
0.105142,459,1188,2
0.355711,15000,923274,61
0.361461,1413,20390,14
0.27928,101,103,1
0.083549,69,90,1
0.053699,85,107,1
0.216903,15000,743114,49
0.324795,136,285,2
0.064255,135,148,1
0.216513,245,323,1
0.389527,314,5878,18
0.058179,3126,229230,73
0.297848,131,206,1
0.35327,178,202,1
0.313513,15000,921030,61
0.056191,1237,50058,40
0.210208,2907,151896,52
0.271094,107,112,1
0.384678,279,1139,4
0.302744,15000,1169958,77
0.086932,1351,14958,11
0.102705,2650,81408,30
0.364251,319,535,1
0.179167,6536,341924,52
0.349691,80,100,1
0.304018,15000,662832,44
0.143637,499,2363,4
0.357968,2885,130882,45
0.353837,353,1265,3
0.096983,310,3413,11
0.207344,4986,236565,47
0.077677,9385,382626,40
0.25322,118,161,1
0.060161,104,114,1
0.369408,15000,471043,31
0.201607,1790,28695,16
0.088203,130,136,1
0.231587,660,4718,7
0.140439,265,855,3
0.11445,2612,230213,88
0.385721,140,187,1
0.270393,52,63,1
0.372798,123,205,1
0.052659,1088,12255,11
0.159103,393,6584,16
0.328766,1727,27418,15
0.119763,83,99,1
0.36647,87,202,2
0.107017,172,198,1
0.322285,15000,617722,41
0.318953,1290,52555,40
0.243245,92,104,1
0.326608,225,400,1
0.273157,83,84,1
0.356588,15000,729673,48
0.090766,2008,41162,20
0.320437,72,85,1
0.131672,5379,197291,36
0.380801,100,102,1
0.09512,6597,248731,37
0.128715,195,376,1
0.24756,3364,100435,29
0.063575,847,18465,21
0.070894,1188,30211,25
0.068569,104,105,1
0.112667,77,97,1
0.149673,76,100,1
0.128071,499,1908,3
0.382702,299,2436,8
0.30137,80,143,1
0.253434,123,143,1
0.343362,82,142,1
0.148128,1338,37921,28
0.248265,2499,88837,35
0.124165,93,99,1
0.123111,80,108,1
0.304733,15000,971650,64
0.351153,1579,30765,19
0.388176,158,193,1
0.09939,6874,375849,54
0.232673,15000,614578,40
0.192594,1174,26273,22
0.347084,97,102,1
0.067618,6765,592124,87
0.069418,155,428,2
0.131774,15000,869116,57
0.146995,1847,67655,36
0.161887,3089,90639,29
0.270669,166,266,1
0.122932,231,969,4
0.082018,319,4141,12
0.175539,151,346,2
0.079067,128,146,1
0.343941,355,506,1
0.093239,89,101,1
0.369388,15000,545690,36
0.205659,1451,36046,24
0.252282,93,104,1
0.21925,1605,88861,55
0.338227,152,213,1
0.334534,94,100,1
0.325521,135,205,1
0.360561,675,10078,14
0.385673,2451,82863,33
0.21437,81,88,1
0.345839,111,323,2
0.107797,9434,1004947,106
0.228199,451,8089,17
0.266471,7990,439928,55
0.300933,90,102,1
0.122476,451,10509,23
0.374754,149,247,1
0.251257,97,109,1
0.196602,196,282,1
0.282694,54,64,1
0.107206,85,90,1
0.175428,60,445,7
0.252911,1285,17870,13
0.310604,205,355,1
0.202384,8285,425219,51
0.287756,9285,453691,48
0.065666,154,259,1
0.071467,151,288,1
0.23023,124,134,1
0.260245,198,249,1
0.160681,93,198,2
0.091679,15000,431775,28
0.059849,1305,48352,37
0.235676,74,77,1
0.140994,147,201,1
0.131341,7543,626514,83
0.208187,143,263,1
0.23618,81,84,1
0.112086,269,393,1
0.2328,105,110,1
0.397066,68,193,2
0.054833,1386,127402,91
0.174082,443,1699,3
0.21517,7001,574335,82
0.184354,15000,849759,56
0.203688,202,319,1
0.135235,2520,91300,36
0.39965,137,147,1
0.317413,501,16633,33
0.111587,1788,188807,105
0.239748,96,148,1
0.318272,198,297,1
0.180681,78,86,1
0.209202,417,760,1
0.344578,110,144,1
0.318923,94,166,1
0.25745,15000,548809,36
0.275845,123,142,1
0.334973,94,165,1
0.072444,5709,259475,45
0.294496,65,85,1
0.277244,165,232,1
0.231325,217,656,3
0.189856,1,2,2
0.234214,1414,64751,45
0.219336,117,195,1
0.116718,1099,22619,20
0.163645,1076,8371,7
0.302354,15000,1115552,74
0.070895,104,113,1
0.305382,398,726,1
0.073054,650,49821,76
0.140952,1827,141796,77
0.214773,96,154,1
0.354879,93,107,1
0.195217,5392,479542,88
0.33639,15000,1066172,71
0.365172,1069,18499,17
0.359445,107,151,1
0.116186,131,157,1
0.319795,110,141,1
0.149035,8434,568275,67
0.368871,90,202,2
0.370506,784,7124,9
0.081896,225,826,3
0.190369,6136,287542,46
0.163918,81,83,1
0.087829,90,92,1
0.23283,756,7994,10
0.181404,2737,82882,30
0.199202,97,183,1
0.352501,93,127,1
0.303685,153,381,2
0.23248,124,260,2
0.347157,190,506,2
0.329082,15000,753249,50
0.05874,1120,20924,18
0.08999,2143,265939,124
0.261002,129,147,1
0.22035,6284,747018,118
0.143939,251,437,1
0.271815,15000,1314273,87
0.196662,1132,39509,34
0.105132,363,466,1
0.233871,168,192,1
0.121555,157,203,1
0.233918,77,134,1
0.181585,108,116,1
0.18202,727,14781,20
0.350552,905,11657,12
0.206187,8502,559102,65
0.291584,15000,713999,47
0.104222,1173,47180,40
0.125617,87,145,1
0.329138,6502,661714,101
0.373598,79,84,1
0.26852,177,487,2
0.086049,1284,41008,31
0.295733,2284,44128,19
0.377829,145,162,1
0.155698,126,137,1
0.173748,8284,534682,64
0.311805,15000,620320,41
0.094423,3544,382606,107
0.2289,195,215,1
0.383948,88,107,1
0.069746,95,113,1
0.293589,185,221,1
0.227928,185,2376,12
0.122242,1273,68155,53
0.261276,80,92,1
0.387355,98,156,1
0.342251,15000,1215377,81
0.183568,1284,34287,26
0.292557,70,99,1
0.282778,259,351,1
0.171482,147,493,3
0.149541,126,522,4
0.087812,9784,581257,59
0.307709,95,300,3
0.116733,443,1465,3
0.156672,682,5243,7
0.387794,15000,476715,31
0.343578,94,99,1
0.059182,113,116,1
0.143228,245,402,1
0.09934,5949,341368,57
0.221907,237,356,1
0.074465,121,154,1
0.163025,84,97,1
0.32715,95,100,1
0.279143,15000,501378,33
0.346961,1590,11852,7
0.088722,88,92,1
0.091589,106,116,1
0.20271,6355,735818,115
0.188059,877,13024,14
0.336975,15000,1216954,81
0.083303,96,105,1
0.337059,206,255,1
0.109867,6147,409371,66
0.205374,75,139,1
0.093824,104,115,1
0.249357,6161,379294,61
0.133961,104,148,1
0.3093,15000,735218,49
0.350654,1843,62391,33
0.235598,121,131,1
0.306873,46,56,1
0.327197,940,12759,13
0.242103,143,236,1
0.115282,314,1312,4
0.34775,440,7774,17
0.058226,1511,39191,25
0.375607,275,313,1
0.114072,6940,383205,55
0.264957,15000,653547,43
0.314223,1036,12732,12
0.076293,72,91,1
0.220094,94,95,1
0.333869,66,173,2
0.356464,329,570,1
0.347591,116,162,1
0.091028,101,109,1
0.222544,411,1392,3
0.059012,451,5235,11
0.208533,15000,475040,31
0.237997,2278,43407,19
0.100867,3317,198281,59
0.129719,347,590,1
0.123212,243,347,1
0.143218,8952,570815,63
0.339715,15000,765884,51
0.318883,1244,15426,12
0.344916,2897,79513,27
0.335356,233,268,1
0.277262,957,6818,7
0.11844,2150,158549,73
0.385068,105,115,1
0.140029,7515,549938,73
0.209417,76,82,1
0.375971,1063,19095,17
0.052911,84,88,1
0.14443,6176,413181,66
0.143049,219,239,1
0.225477,15000,864494,57
0.285608,1005,15993,15
0.206947,125,192,1
0.229477,8017,321179,40
0.185229,403,4863,12
0.189799,98,112,1
0.083357,134,153,1
0.350184,15000,454970,30
0.123515,1142,44550,39
0.219859,235,540,2
0.067553,115,193,1
0.234432,1278,34501,26
0.187418,143,225,1
0.255373,99,110,1
0.322505,15000,515455,34
0.330103,999,22003,22
0.153629,1999,81266,40
0.357716,110,152,1
0.208722,6792,543345,79
0.356089,101,106,1
0.215137,15000,881373,58
0.178133,1276,32420,25
0.238241,2451,36822,15
0.194981,99,105,1
0.133864,784,18823,24
0.349794,15000,1248321,83
0.057165,999,34524,34
0.396476,98,103,1
0.389939,89,106,1
0.117562,68,102,1
0.326613,15000,560188,37
0.231617,999,13093,13
0.375808,100,151,1
0.09525,5841,640049,109
0.074319,251,397,1
0.329029,15000,1040232,69
0.360024,999,26952,26
0.124964,72,131,1
0.311606,106,113,1
0.050232,114,117,1
0.086956,7448,306607,41
0.331561,15000,461968,30
0.345139,1149,29644,25
0.348505,84,96,1
0.365134,15000,818024,54
0.149305,1311,50581,38
0.166171,66,86,1
0.132229,104,152,1
0.057834,6759,421108,62
0.318934,787,7645,9
0.326454,15000,665537,44
0.273066,1008,22751,22
0.104749,123,139,1
0.051067,15000,623181,41
0.153873,1999,98955,49
0.16735,98,101,1
0.189344,129,158,1
0.185594,264,2263,8
0.07377,80,92,1
0.232462,15000,452045,30
0.290916,999,5217,5
0.177266,2240,78630,35
0.262159,164,396,2
0.26574,85,92,1
0.226852,8999,514580,57
0.365717,148,255,1
0.181769,506,2357,4
0.173069,143,257,1
0.315193,15000,637033,42
0.200917,1004,16601,16
0.147429,2398,31664,13
0.108739,174,414,2
0.181706,128,146,1
0.324111,54,65,1
0.119286,29,40,1
0.147304,8077,754984,93
0.264943,475,1791,3
0.093695,499,34656,69
0.358837,1499,29840,19
0.273902,2589,132356,51
0.134879,330,1238,3
0.229788,6999,683354,97
0.113342,133,148,1
0.272997,15000,782106,52
0.189155,999,10278,10
0.278195,60,147,2
0.383724,2407,111266,46
0.093928,98,161,1
0.339402,182,296,1
0.384476,103,106,1
0.150956,15000,664091,44
0.362035,1001,14023,14
0.166346,4001,190686,47
0.261742,7395,610767,82
0.155436,8717,622391,71
0.06978,88,96,1
0.347138,151,324,2
0.267607,189,280,1
0.369772,15000,990467,66
0.378281,1077,18944,17
0.056352,91,96,1
0.379686,15000,1206362,80
0.223361,1499,43837,29
0.111178,75,131,1
0.141504,59,61,1
0.271086,89,101,1
0.379016,711,16894,23
0.366574,169,269,1
0.233603,15000,877320,58
0.262411,1620,56865,35
0.241274,127,147,1
0.286279,7357,594659,80
0.386695,138,352,2
0.085957,2492,169339,67
0.090349,97,106,1
0.113438,174,203,1
0.314701,102,104,1
0.148155,349,4239,12
0.26936,1868,28058,15
0.089973,99,107,1
0.097654,99,103,1
0.05643,138,152,1
0.101392,82,83,1
0.193327,15000,816811,54
0.076268,1483,35330,23
0.09673,95,107,1
0.230141,447,1017,2
0.119197,77,79,1
0.11977,8446,352071,41
0.387531,95,99,1
0.386914,93,96,1
0.237143,64,87,1
0.241165,8240,356233,43
0.218706,15000,448357,29
0.132802,90,100,1
0.276749,1120,13497,12
0.261691,15000,1127620,75
0.079618,1074,27332,25
0.337917,135,147,1
0.135846,243,349,1
0.166783,209,1172,5
0.05795,104,153,1
0.142304,656,10321,15
0.369029,86,93,1
0.31679,139,172,1
0.288211,6993,958289,137
0.363157,15000,1410510,94
0.301094,1232,25625,20
0.116317,3001,102784,34
0.25237,95,104,1
0.139048,91,100,1
0.377623,354,5710,16
0.079343,1681,83254,49
0.120665,109,110,1
0.259287,1189,64873,54
0.31278,85,98,1
0.296695,111,170,1
0.31224,1654,41371,25
0.249541,85,106,1
0.268252,59,64,1
0.260124,499,1757,3
0.166154,80,97,1
0.335396,638,7173,11
0.36563,1802,23121,12
0.255233,92,110,1
0.307175,174,221,1
0.208385,759,12988,17
0.167499,15000,784591,52
0.331554,1020,7014,6
0.07466,2802,176091,62
0.065131,161,300,1
0.115989,448,7016,15
0.229141,15000,585009,39
0.225617,156,199,1
0.257386,134,325,2
0.110193,85,151,1
0.202433,960,17353,18
0.221345,2019,75220,37
0.353127,79,88,1
0.176873,93,144,1
0.132485,15000,1207053,80
0.359966,1014,6363,6
0.189657,159,323,2
0.087946,94,139,1
0.197248,6685,724625,108
0.068838,93,103,1
0.377178,349,533,1
0.188711,604,1180,1
0.235621,282,1362,4
0.224211,15000,1047842,69
0.371581,999,19805,19
0.274685,93,103,1
0.234739,131,309,2
0.349522,208,556,2
0.251123,214,566,2
0.207987,8499,550496,64
0.297564,85,94,1
0.340195,126,206,1
0.06465,15000,605291,40
0.271546,1595,15687,9
0.205519,499,2226,4
0.092233,6678,518622,77
0.217893,83,98,1
0.186775,112,114,1
0.304555,227,1022,4
0.331661,91,105,1
0.119568,93,154,1
0.242825,15000,811776,54
0.266783,999,13799,13
0.174946,2179,68553,31
0.370076,477,675,1
0.311774,6499,391964,60
0.192358,8999,546386,60
0.306169,91,95,1
0.075855,115,198,1
0.187075,499,1393,2
0.333549,259,4221,16
0.253713,354,552,1
0.36272,145,166,1
0.143666,6511,499187,76
0.327531,76,92,1
0.114156,1259,68813,54
0.123579,227,2802,12
0.09812,94,98,1
0.305655,15000,775444,51
0.121275,1255,67132,53
0.079584,307,4222,13
0.175095,7293,489097,67
0.075978,245,434,1
0.285089,15000,679294,45
0.161608,1259,11200,8
0.395845,100,104,1
0.14323,145,202,1
0.125786,7446,478392,64
0.138267,999,19233,19
0.278175,259,10221,39
0.14945,1313,80133,61
0.317947,15000,879146,58
0.130754,1143,28922,25
0.361642,76,99,1
0.25278,65,102,1
0.10941,7088,279184,39
0.280502,82,91,1
0.264755,5244,261413,49
0.153798,223,466,2
0.38932,7816,394749,50
0.129296,127,149,1
0.38554,316,1465,4
0.354743,15000,524297,34
0.201564,1947,71482,36
0.149516,210,275,1
0.166732,6426,300236,46
0.321555,100,107,1
0.172979,100,828,8
0.124662,1160,81823,70
0.118359,74,133,1
0.380165,89,101,1
0.26404,15000,1071285,71
0.187061,1052,17747,16
0.230663,2086,65416,31
0.250235,137,391,2
0.332731,109,156,1
0.156863,287,469,1
0.155099,1455,44514,30
0.28151,96,98,1
0.352994,79,88,1
0.242108,15000,538331,35
0.071394,1010,33583,33
0.322347,83,133,1
0.260294,601,6284,10
0.276968,9212,569958,61
0.284303,251,2673,10
0.079947,1691,60248,35
0.119182,3375,123383,36
0.318828,184,209,1
0.226303,6677,301476,45
0.218047,95,104,1
0.317596,350,2184,6
0.15124,90,119,1
0.399393,15000,619324,41
0.140727,1384,25483,18
0.077434,3499,428377,122
0.251407,98,136,1
0.205201,788,53259,67
0.268892,76,98,1
0.274399,106,108,1
0.289106,6719,932741,138
0.379139,15000,1440312,96
0.299262,1069,60153,56
0.072599,103,104,1
0.290469,15000,1172248,78
0.142218,1078,17788,16
0.185389,90,96,1
0.239334,186,311,1
0.339708,15000,431745,28
0.180966,1409,53081,37
0.296121,1258,4078,3
0.344912,15000,633116,42
0.227687,1557,39680,25
0.195609,77,85,1
0.054976,450,8024,17
0.270723,197,319,1
0.305595,15000,1144423,76
0.260929,2286,70357,30
0.052218,65,324,4
0.291799,127,432,3
0.39474,78,95,1
0.091817,92,104,1
0.08983,439,5185,11
0.347475,1,2,2
0.214915,105,159,1
0.33102,96,105,1
0.392263,226,586,2
0.374702,93,115,1
0.074213,2797,260106,92
0.054742,1772,53262,30
0.155974,349,956,2
0.256093,82,97,1
0.171803,774,43719,56
0.287727,15000,861120,57
0.161687,1501,133203,88
0.184479,141,201,1
0.383284,611,11925,19
0.153031,851,12446,14
0.386087,15000,1105368,73
0.353755,97,107,1
0.388262,91,105,1
0.132742,150,188,1
0.088769,132,309,2
0.368041,99,101,1
0.363635,86,95,1
0.335544,159,399,2
0.186749,15000,860343,57
0.277888,1840,18222,9
0.111304,104,158,1
0.304255,84,95,1
0.28237,87,98,1
0.386282,501,6918,13
0.115124,76,87,1
0.386266,76,105,1
0.136803,1024,16381,15
0.214943,15000,935971,62
0.240575,1141,103433,90
0.199769,101,107,1
0.050813,143,288,2
0.286022,6864,624501,90
0.292232,88,92,1
0.334703,15000,1167844,77
0.085216,1423,34355,24
0.21201,132,152,1
0.153599,200,229,1
0.25478,130,146,1
0.134216,15000,428691,28
0.195227,1156,23850,20
0.111422,98,103,1
0.201889,5253,383891,73
0.084591,482,21107,43
0.371328,15000,748783,49
0.224541,1545,55541,35
0.081112,128,323,2
0.233877,136,153,1
0.080375,91,93,1
0.301732,105,113,1
0.309685,343,7921,23
0.198283,2796,96708,34
0.232229,90,118,1
0.096159,329,793,2
0.158836,151,190,1
0.232817,15000,390902,26
0.394911,80,103,1
0.215721,784,7912,10
0.142916,86,103,1
0.338399,15000,831997,55
0.099544,92,95,1
0.095681,1250,70547,56
0.247463,15000,966886,64
0.366854,1001,26234,26
0.269016,250,324,1
0.398855,110,142,1
0.191185,15000,1113098,74
0.277899,169,302,1
0.052684,404,2336,5
0.081338,400,982,2
0.372569,143,260,1
0.356472,15000,981215,65
0.069559,87,97,1
0.192636,499,3374,6
0.152088,343,926,2
0.298031,60,87,1
0.258253,91,104,1
0.168779,385,12027,31
0.236709,15000,910766,60
0.261758,2495,58680,23
0.172657,407,797,1
0.259932,93,106,1
0.258547,15000,1035430,69
0.184064,1792,131255,73
0.234054,71,82,1
0.29326,7197,563063,78
0.389608,1083,26716,24
0.233505,15000,850810,56
0.329659,1177,27714,23
0.295055,59,65,1
0.225639,85,93,1
0.19757,181,1712,9
0.268544,83,93,1
0.071913,1501,150025,99
0.342234,2501,41902,16
0.102812,125,139,1
0.258205,93,99,1
0.320907,15000,1046779,69
0.167848,103,165,1
0.346766,121,148,1
0.2936,15000,1309004,87
0.085586,1568,83768,53
0.134618,73,91,1
0.27874,83,102,1
0.127358,6843,420801,61
0.150341,15000,627753,41
0.120896,1221,55111,45
0.396113,81,83,1
0.189496,86,147,1
0.368369,15000,540064,36
0.284077,2368,160839,67
0.379572,121,161,1
0.303002,195,1429,7
0.23702,1456,70523,48
0.367951,15000,734804,48
0.158329,132,142,1
0.378674,108,151,1
0.243381,130,207,1
0.215369,115,133,1
0.363467,189,3309,17
0.112431,140,241,1
0.163897,5647,374602,66
0.150318,1682,98276,58
0.346635,15000,741345,49
0.332011,999,32268,32
0.354984,180,309,1
0.329575,15000,716670,47
0.134635,1835,75905,41
0.167658,3054,190439,62
0.065339,170,526,3
0.327656,15000,774942,51
0.136694,1473,113129,76
0.280786,1002,27764,27
0.2388,108,111,1
0.180729,215,291,1
0.296442,745,21100,28
0.241293,1745,76013,43
0.344846,88,95,1
0.050171,82,88,1
0.085601,95,98,1
0.195151,15000,1099870,73
0.328369,15000,1113173,74
0.172328,1483,122893,82
0.300305,15000,984876,65
0.280774,1111,20538,18
0.259966,291,797,2
0.131321,88,91,1
0.21058,15000,548180,36
0.295996,1745,30085,17
0.295956,2928,90441,30
0.363883,205,519,2
0.386749,173,316,1
0.143409,81,98,1
0.325254,15000,1061799,70
0.115731,1668,50571,30
0.061239,205,297,1
0.300786,195,256,1
0.116587,87,115,1
0.162,15000,595745,39
0.395412,1000,16956,16
0.337016,2245,135335,60
0.057743,345,2457,7
0.350629,2499,140177,56
0.309714,15000,1306087,87
0.229635,1333,30277,22
0.18237,2380,80606,33
0.258513,77,101,1
0.262569,6055,308380,50
0.154079,122,157,1
0.30522,15000,694289,46
0.147798,2245,96284,42
0.169553,201,795,3
0.195534,5231,284275,54
0.299611,87,88,1
0.206144,6603,325315,49
0.338405,76,92,1
0.351906,15000,549344,36
0.356424,1203,10030,8
0.158194,496,12155,24
0.337246,109,273,2
0.234303,82,98,1
0.313496,15000,1044820,69
0.238362,1302,34717,26
0.2823,1101,4757,4
0.331786,97,138,1
0.1696,73,302,4
0.118721,177,214,1
0.208616,80,91,1
0.337293,5994,399688,66
0.32674,65,105,1
0.163011,137,206,1
0.31797,15000,743257,49
0.074527,139,353,2
0.278033,5001,340414,68
0.383823,229,1378,6
0.051722,1058,21675,20
0.372707,78,129,1
0.144899,74,90,1
0.377119,92,101,1
0.370522,641,13035,20
0.355699,207,341,1
0.294576,271,579,2
0.327731,90,91,1
0.24481,15000,1147309,76
0.315726,999,12581,12
0.127858,1999,103929,51
0.271015,95,108,1
0.211742,15000,1062058,70
0.266233,999,12989,13
0.160991,2217,93081,41
0.171801,374,1055,2
0.203381,15000,1015197,67
0.079063,1766,117004,66
0.197042,3096,116977,37
0.243139,98,156,1
0.087735,88,149,1
0.059351,88,89,1
0.145614,464,5872,12
0.240837,499,5144,10
0.057028,62,83,1
0.266757,88,108,1
0.352744,256,815,3
0.286263,344,676,1
0.168562,164,273,1
0.396446,999,17981,17
0.329022,80,88,1
0.396321,93,100,1
0.281216,214,712,3
0.088115,8537,655461,76
0.132787,15000,743622,49
0.231812,999,19829,19
0.051702,171,197,1
0.38275,331,7680,23
0.249971,15000,481378,32
0.269596,999,27628,27
0.267498,70,99,1
0.278203,6899,584461,84
0.203662,148,192,1
0.139367,15000,800380,53
0.382474,1449,32814,22
0.389688,102,103,1
0.238269,380,1120,2
0.216844,49,105,2
0.289152,15000,975314,65
0.389825,999,9827,9
0.175367,2080,101811,48
0.27384,76,79,1
0.281414,15000,767752,51
0.18216,94,100,1
0.386586,105,107,1
0.345981,86,139,1
0.305901,8173,449696,55
0.183126,75,96,1
0.27539,374,3019,8
0.05456,115,116,1
0.189981,151,160,1
0.394058,7051,323601,45
0.275478,8204,425041,51
0.396934,86,88,1
0.386383,93,111,1
0.08185,981,43752,44
0.129216,15000,473165,31
0.121458,93,104,1
0.055014,2349,100263,42
0.127357,292,1724,5
0.102389,6000,326666,54
0.264276,15000,507920,33
0.148251,1281,21820,17
0.110404,2421,75903,31
0.287084,4553,188613,41
0.05421,118,153,1
0.299681,105,163,1
0.342246,85,107,1
0.184233,15000,533835,35
0.323985,999,16474,16
0.062397,2612,238240,91
0.20598,207,256,1
0.316078,76,86,1
0.122051,80,82,1
0.07266,376,2412,6
0.216565,15000,1146205,76
0.184083,1056,20215,19
0.128725,3121,190923,61
0.055784,96,101,1
0.329134,81,87,1
0.285242,95,101,1
0.291282,15000,841586,56
0.06781,1175,52844,44
0.209294,106,107,1
0.245667,68,85,1
0.107445,86,100,1
0.269077,93,94,1
0.348051,93,101,1
0.27995,1751,30308,17
0.354435,182,846,4
0.092173,434,2893,6
0.2362,15000,1258309,83
0.3413,1016,17106,16
0.134626,2025,33753,16
0.058338,3987,420336,105
0.315472,117,145,1
0.131255,84,93,1
0.269246,15000,1001415,66
0.246688,1753,25617,14
0.352198,166,200,1
0.177047,68,71,1
0.076983,136,152,1
0.182674,15000,699290,46
0.181266,1251,36104,28
0.136505,83,87,1
0.332829,95,106,1
0.063859,80,115,1
0.248789,15000,610255,40
0.05704,1549,131878,85
0.133802,4643,614353,132
0.139589,243,352,1
0.345783,101,103,1
0.272971,106,157,1
0.109698,91,101,1
0.28475,1868,14707,7
0.173064,3547,236957,66
0.280531,299,1858,6
0.132567,77,96,1
0.198891,98,101,1
0.398852,96,104,1
0.333083,221,245,1
0.050462,188,291,1
0.205335,75,92,1
0.360096,512,15255,29
0.064513,187,5693,30
0.303673,1698,107893,63
0.276719,6934,387135,55
0.353532,9264,461132,49
0.272659,600,4338,7
0.143237,9200,523676,56
0.278294,118,138,1
0.223408,139,1832,13
0.349232,100,101,1
0.133405,244,1041,4
0.124101,6469,649340,100
0.203108,97,102,1
0.0589,1274,54214,42
0.257301,110,128,1
0.356517,15000,1037856,69
0.242551,92,103,1
0.311518,205,785,3
0.296145,807,18429,22
0.373531,141,276,1
0.343018,247,288,1
0.391484,391,2303,5
0.095371,194,239,1
0.273819,102,104,1
0.389655,15000,562672,37
0.142497,1055,21031,19
0.189511,89,102,1
0.230902,179,297,1
0.119502,536,5060,9
0.079162,7776,364356,46
0.36199,803,3612,4
0.133885,15000,546771,36
0.287651,98,99,1
0.398222,95,225,2
0.056716,242,456,1
0.234137,98,107,1
0.312396,130,234,1
0.051684,203,277,1
0.250002,15000,370964,24
0.392561,999,43724,43
0.350792,2112,49010,23
0.382561,118,163,1
0.294578,7693,414750,53
0.151008,186,240,1
0.325659,15000,572300,38
0.324744,999,16652,16
0.080397,2499,245630,98
0.169554,83,85,1
0.157409,70,96,1
0.322972,15000,1188961,79
0.381258,1158,28437,24
0.152636,5995,436778,72
0.104602,122,129,1
0.344783,375,2838,7
0.240984,121,152,1
0.134135,323,4907,15
0.211187,1499,73153,48
0.362169,15000,1149179,76
0.251878,1123,23331,20
0.182602,86,98,1
0.388444,98,218,2
0.171322,171,732,4
0.22881,92,98,1
0.224845,151,2047,13
0.112084,1306,43857,33
0.196212,2410,97491,40
0.289463,80,95,1
0.314868,15000,888606,59
0.330559,999,17431,17
0.085291,7245,220581,30
0.343164,142,145,1
0.21668,15000,406633,27
0.327034,1130,37027,32
0.344112,179,2149,12
0.247525,9288,712868,76
0.37226,136,154,1
0.200977,175,216,1
0.205632,15000,870237,58
0.185401,1236,24665,19
0.301337,114,116,1
0.260033,15000,1109670,73
0.318328,1261,17270,13
0.05797,4622,385474,83
0.392642,134,188,1
0.307545,122,191,1
0.222029,15000,722599,48
0.1308,68,208,3
0.171236,239,750,3
0.113182,270,462,1
0.103341,15000,1040375,69
0.364207,1001,23791,23
0.359027,135,142,1
0.322726,15000,1308213,87
0.373988,319,1034,3
0.091569,3501,210766,60
0.336068,93,97,1
0.074255,72,75,1
0.234765,15000,734821,48
0.074608,145,203,1
0.197219,97,101,1
0.145311,15000,766585,51
0.283983,4501,361534,80
0.249483,6375,459738,72
0.111034,94,104,1
0.252387,178,325,1
0.291398,15000,765961,51
0.36833,999,17706,17
0.211073,96,97,1
0.376755,76,89,1
0.096524,6999,644355,92
0.36144,464,3225,6
0.295129,15000,1067202,71
0.080764,1372,47405,34
0.270029,5348,162688,30
0.323099,402,1432,3
0.133084,109,130,1
0.068036,1499,65415,43
0.146563,173,252,1
0.127146,109,135,1
0.210379,5955,328073,55
0.057694,98,99,1
0.184928,95,100,1
0.274294,15000,607990,40
0.232241,127,579,4
0.20921,181,312,1
0.181077,408,9185,22
0.184785,15000,1162993,77
0.089587,87,89,1
0.32717,85,102,1
0.127342,87,198,2
0.050426,725,10683,14
0.285565,147,184,1
0.3693,15000,425068,28
0.259625,1629,40383,24
0.137803,6858,715293,104
0.327503,375,1182,3
0.215212,15000,1211332,80
0.310726,2251,122128,54
0.324613,15000,1344134,89
0.35354,2588,79140,30
0.178157,262,636,2
0.343535,199,222,1
0.236975,136,167,1
0.352034,1738,56925,32
0.137345,265,1204,4
0.186477,389,3691,9
0.266458,153,186,1
0.288177,98,153,1
0.245453,250,1415,5
0.124062,15000,787505,52
0.197848,1088,12977,11
0.119149,5440,577773,106
0.273544,497,2530,5
0.319714,170,353,2
0.277254,324,4002,12
0.148219,175,206,1
0.25989,89,94,1
0.19124,377,545,1
0.213335,15000,441602,29
0.30818,1027,12017,11
0.078257,384,2516,6
0.053499,4766,189700,39
0.249307,139,152,1
0.386046,106,116,1
0.051191,291,375,1
0.260879,6966,374922,53
0.278546,944,4568,4
0.369225,653,11087,16
0.323489,1961,28945,14
0.220766,277,542,1
0.251359,764,16834,22
0.209934,143,291,2
0.152716,147,282,1
0.241656,456,3150,6
0.108365,128,143,1
0.276913,1499,27009,18
0.241301,292,2038,6
0.285411,160,246,1
0.080845,179,546,3
0.232011,197,573,2
0.172752,82,86,1
0.364606,15000,594869,39
0.187395,1210,48064,39
0.383999,197,209,1
0.172548,4949,365022,73
0.186784,99,255,2
0.102066,7465,499081,66
0.236691,248,474,1
0.36519,90,113,1
0.221043,999,4109,4
0.238085,15000,722474,48
0.397449,1419,33981,23
0.198602,484,941,1
0.281575,98,109,1
0.153613,170,709,4
0.160923,853,10965,12
0.370716,15000,1265404,84
0.324448,98,108,1
0.225657,147,152,1
0.324604,105,155,1
0.127096,9154,1015119,110
0.068008,307,1491,4
0.070589,1449,111548,76
0.282427,15000,1340485,89
0.242713,127,288,2
0.370831,224,267,1
0.147872,102,169,1
0.162876,107,113,1
0.129473,6594,482448,73
0.266519,138,153,1
0.398348,396,3432,8
0.265493,647,16661,25
0.106958,109,115,1
0.226099,86,98,1
0.257527,98,1288,13
0.091663,3103,172996,55
0.154782,129,143,1
0.180007,184,259,1
0.257472,394,551,1
0.114391,499,15526,31
0.349681,83,90,1
0.314262,189,305,1
0.106295,182,499,2
0.223838,159,214,1
0.212165,118,134,1
0.337601,15000,1087187,72
0.171646,999,23013,23
0.051386,2444,109217,44
0.243265,96,208,2
0.346317,15000,695538,46
0.302301,999,8259,8
0.376802,89,94,1
0.1761,106,107,1
0.328684,15000,1027666,68
0.071104,999,29383,29
0.334246,2139,18766,8
0.151607,81,88,1
0.065753,287,7119,24
0.089989,131,153,1
0.180695,99,103,1
0.300552,499,4386,8
0.065854,1686,111777,66
0.238296,123,147,1
0.312216,5637,343181,60
0.287909,15000,677855,45
0.134006,999,30863,30
0.162681,452,3160,6
0.33562,86,99,1
0.28209,6876,416027,60
0.283863,85,93,1
0.321834,15000,619756,41
0.326871,999,10371,10
0.186972,96,97,1
0.257774,15000,1019892,67
0.301575,999,21099,21
0.145366,133,248,1
0.276341,113,115,1
0.317399,6499,476506,73
0.244393,89,190,2
0.233158,15000,760952,50
0.201704,1059,23055,21
0.136138,2286,128387,56
0.234473,7058,591808,83
0.30398,92,105,1
0.279509,15000,1112521,74
0.098432,1428,38689,27
0.374981,98,108,1
0.379619,107,111,1
0.143699,15000,435188,29
0.179811,1758,51034,29
0.181226,88,98,1
0.242097,102,113,1
0.321419,113,116,1
0.255685,519,6904,13
0.362121,911,5322,5
0.059536,156,197,1
0.335299,83,93,1
0.273425,853,4289,5
0.164359,399,753,1
0.101729,609,11159,18
0.374375,15000,508924,33
0.233568,999,7936,7
0.18364,3168,156239,49
0.326919,129,337,2
0.180394,111,353,3
0.291028,15000,790520,52
0.374674,999,14644,14
0.368382,99,104,1
0.310783,15000,1061026,70
0.222848,1249,25584,20
0.207838,140,395,2
0.170757,88,97,1
0.238545,202,237,1
0.287539,15000,506823,33
0.07699,1341,33331,24
0.276325,83,136,1
0.243361,3773,143132,37
0.322372,123,162,1
0.238049,105,121,1
0.175683,15000,423637,28
0.281116,1040,13393,12
0.248485,305,4643,15
0.298333,166,233,1
