evolution rate,geometric mean length lived,geometric mean species population time
0.05,336.579856794788,3756.598993770828
0.05,450.0,4611.000000000001
0.05,354.0,30704.999999999996
0.05,156.0,5266.999999999999
0.05,282.0,1405.0000000000002
0.05,176.59275183313724,1261.2089438312748
0.05,82.0,86.0
0.05,558.0,34175.000000000015
0.05,88.0,107.0
0.05,260.0,15319.999999999993
0.05,348.0,16538.000000000004
0.05,475.0,33614.000000000015
0.05,155.0,1427.9999999999998
0.05,922.0000000000002,49497.99999999999
0.05,233.0,1907.0
0.05,361.00000000000006,3549.0
0.05,395.00000000000006,22968.000000000007
0.05,62.769419305900875,625.227958427964
0.05,57.99999999999999,1203.0
0.05,135.6171080653175,2141.4172876858916
0.05,614.4281894574824,36143.80083776469
0.05,355.0,31731.000000000007
0.05,637.0000000000001,37680.0
0.05,242.0,7106.999999999999
0.05,405.99999999999994,26487.0
0.05,637.0000000000001,14837.0
0.05,525.0161902265492,29230.707141634462
0.05,313.0,6544.000000000003
0.05,528.5451730930857,37281.3101701107
0.05,111.00000000000001,155.0
0.051,178.0,262.0
0.051,204.99999999999997,520.0
0.051,313.0,6827.000000000001
0.051,313.0,10375.000000000004
0.051,252.0,9185.0
0.051,74.0,85.0
0.051,536.0000000000001,13382.0
0.051,181.0,197.0
0.051,291.5681738461864,1631.0953374956348
0.051,183.0,416.0
0.051,365.0,1919.0000000000002
0.051,265.0,2769.9999999999995
0.052,539.0,2596.0000000000005
0.052,82.0,102.0
0.052,430.99999999999994,21102.000000000004
0.052,509.99999999999994,7306.999999999996
0.052,275.68460239919096,1730.9506058810573
0.052,250.99999999999997,4245.0
0.052,186.0,1468.9999999999998
0.052,312.00000000000006,751.9999999999998
0.052,313.0,12771.000000000002
0.052,99.0,119.0
0.052,437.0,20339.999999999996
0.052,74.0,93.0
0.053,113.99999999999999,177.0
0.053,337.99999999999994,12363.0
0.053,313.0,864.0
0.053,101.0,138.0
0.053,108.0,117.0
0.053,91.0,97.0
0.053,140.0,193.0
0.053,92.0,94.0
0.053,503.0,21152.00000000001
0.053,313.0,6962.0
0.053,190.0,216.0
0.053,71.0,146.0
0.054,174.0,1522.0
0.054,114.99999999999999,197.0
0.054,195.0,560.0
0.054,266.0,2605.0000000000005
0.054,104.0,214.0
0.054,89.0,139.0
0.054,103.0,106.0
0.054,313.0,31508.999999999985
0.054,240.0,308.0
0.054,236.98101189757801,3508.0188140886576
0.054,114.99999999999999,262.0
0.054,285.0,437.0
0.054,486.00000000000006,10563.000000000002
0.054,194.0,1029.0
0.055,655.0,20103.999999999993
0.055,93.0,94.0
0.055,687.0,5655.0
0.055,455.00000000000006,2713.9999999999995
0.055,111.00000000000001,164.0
0.055,627.0,22824.000000000004
0.055,200.99999999999997,725.0
0.055,313.0,6742.999999999999
0.055,124.0,209.0
0.055,540.0,30579.99999999999
0.055,627.0,2734.0000000000005
0.055,313.0,9634.999999999996
0.056,335.0,15002.000000000004
0.056,86.0,97.0
0.056,67.0,96.0
0.056,339.00000000000006,6497.999999999999
0.056,85.0,90.0
0.056,86.0,103.0
0.056,110.00000000000001,117.0
0.056,80.0,84.0
0.056,91.0,103.0
0.056,108.0,350.0
0.056,313.0,10680.000000000002
0.057,61.0,80.0
0.057,200.0,288.99999999999994
0.057,77.0,88.0
0.057,137.49909090608563,1085.9594835904331
0.057,108.0,313.0
0.057,109.00000000000001,210.0
0.057,73.0,93.0
0.057,313.0,3268.0
0.057,82.0,97.0
0.057,313.0,5203.999999999999
0.057,123.0,152.0
0.058,168.0,536.0000000000001
0.058,279.0,3669.0
0.058,180.0,610.0
0.058,121.0,440.00000000000006
0.058,326.0,8180.000000000003
0.058,145.0,271.0
0.058,716.0000000000001,5178.999999999998
0.058,313.0,10696.999999999996
0.058,116.71332400373147,259.4918110461292
0.058,79.0,91.0
0.059,84.0,98.0
0.059,381.99999999999994,20768.00000000001
0.059,238.0,515.0
0.059,209.0,322.0
0.059,312.00000000000006,2970.0
0.059,229.0,268.0
0.059,434.0,10284.000000000004
0.059,151.0,283.0
0.059,312.00000000000006,10603.999999999996
0.059,271.0,4224.000000000001
0.06,290.0,11508.000000000004
0.06,266.0,1200.0
0.06,101.29165809680478,166.70032993368667
0.06,84.0,88.0
0.06,350.99999999999994,9066.000000000002
0.06,106.0,285.0
0.06,85.0,248.0
0.06,313.0,9223.999999999998
0.06,381.0,1300.0
0.06,393.0,3778.000000000001
0.06,82.0,103.0
0.06,662.0,3640.0000000000005
0.061,442.0,10054.999999999998
0.061,313.0,2703.0
0.061,313.0,18510.000000000004
0.061,152.0,206.99999999999997
0.061,350.0,10270.000000000002
0.061,142.0,158.0
0.061,182.0,221.0
0.061,225.99999999999997,4229.999999999999
0.061,138.0,150.0
0.061,339.00000000000006,499.0
0.061,272.0,9543.0
0.061,313.0,5883.0
0.061,114.99999999999999,199.0
0.061,87.0,90.0
0.061,111.00000000000001,174.0
0.061,313.0,4025.999999999999
0.062,506.12053900232115,22931.716834986444
0.062,44.0,84.0
0.062,68.0,185.0
0.062,252.38858928247927,3566.3779945485303
0.062,381.0,11112.000000000002
0.062,290.39800274795283,16184.115422228053
0.062,356.0,14825.000000000004
0.062,134.0,257.0
0.062,140.16418943510502,3022.722779217438
0.062,678.9999999999999,19561.0
0.062,286.05768648998054,5938.316175482742
0.062,612.032677993676,30361.17063747368
0.062,73.0,93.0
0.062,640.0,39680.000000000015
0.062,790.0000000000002,22828.000000000007
0.062,448.00000000000006,3707.0
0.062,219.0,476.0
0.062,558.0,31721.000000000004
0.062,359.9749991318841,15876.391277617207
0.062,313.0,599.0000000000001
0.062,201.33554082675022,1896.5315710527996
0.062,556.0,38486.99999999999
0.062,126.0,149.0
0.062,54.0,183.0
0.062,583.0,35770.0
0.062,63.0,141.0
0.062,191.9062271006337,4788.453925851222
0.062,78.0,1100.9999999999998
0.062,191.0,2142.0
0.062,325.0,27375.999999999993
0.062,141.0,565.0000000000001
0.062,376.0,13116.000000000005
0.062,394.00000000000006,27080.0
0.062,289.4501073881808,1757.9516933579182
0.063,179.56057473732923,1192.3543936263247
0.063,133.0,250.0
0.063,312.00000000000006,7342.999999999998
0.063,83.0,97.0
0.063,347.0,2177.0
0.063,260.0,518.0
0.063,220.00000000000003,3063.0000000000005
0.063,87.0,100.0
0.063,505.99999999999994,2945.0
0.063,101.0,102.0
0.063,321.0,867.0
0.063,327.00000000000006,24507.0
0.063,144.0,199.0
0.063,169.0,256.0
0.063,223.0,2108.0
0.063,101.0,192.0
0.063,193.0,367.0
0.063,132.36313686219438,1130.964190414533
0.064,346.0,2883.0
0.064,119.0,256.0
0.064,84.0,96.0
0.064,110.00000000000001,288.99999999999994
0.064,77.0,94.0
0.064,150.0,422.0
0.064,415.00000000000006,13397.999999999998
0.064,285.99300690751164,563.7863070348551
0.064,112.99999999999999,141.0
0.064,81.0,165.0
0.064,112.00000000000001,115.99999999999999
0.064,124.0,220.00000000000003
0.064,87.0,109.00000000000001
0.064,98.0,161.0
0.064,313.0,7197.000000000001
0.064,225.0,381.0
0.065,501.99999999999994,6234.0
0.065,261.0,4305.0
0.065,85.0,91.0
0.065,313.99999999999994,18574.999999999996
0.065,312.00000000000006,21491.999999999993
0.065,112.00000000000001,142.0
0.065,248.0,4167.000000000001
0.065,513.0000000000001,24892.0
0.066,627.0,98062.00000000003
0.066,307.0,5803.999999999998
0.066,401.0,1083.0
0.066,90.0,104.0
0.066,311.0,8563.999999999996
0.066,320.0,9707.0
0.066,103.0,156.0
0.066,78.0,146.0
0.066,178.0,499.9999999999999
0.066,263.0,3643.0
0.066,92.0,102.0
0.066,113.88151737661386,378.99868073649014
0.066,313.0,7992.999999999998
0.066,118.0,220.00000000000003
0.066,132.0,262.0
0.066,359.99999999999994,734.0
0.067,113.99999999999999,233.0
0.067,149.0,178.0
0.067,252.99999999999997,464.00000000000006
0.067,265.0,1367.9999999999998
0.067,313.0,7964.000000000002
0.067,446.0,6490.000000000001
0.067,353.0,7965.000000000001
0.067,151.0,159.0
0.067,171.52842330062967,401.09225871362815
0.067,210.0,2189.0
0.067,126.0,144.0
0.067,313.0,43336.000000000015
0.067,157.0,163.0
0.068,248.0,272.0
0.068,312.00000000000006,38349.999999999985
0.068,91.0,95.0
0.068,288.0,6287.0
0.068,193.08029417835473,1129.7079268554328
0.068,180.42172818150257,255.18620652378533
0.068,274.0,877.0
0.068,968.0000000000001,31034.999999999993
0.068,136.29380029920657,514.0077820422566
0.068,94.0,99.0
0.069,573.0,7865.000000000004
0.069,593.0,1170.0
0.069,231.0,711.0
0.069,368.00000000000006,607.0
0.069,132.0,212.0
0.069,92.0,98.0
0.069,313.0,15478.000000000005
0.069,63.0,68.0
0.069,86.0,103.0
0.069,407.0,6767.000000000003
0.069,627.0,24584.000000000004
0.069,249.00000000000003,300.00000000000006
0.069,263.0,480.99999999999994
0.069,313.0,15370.999999999998
0.069,480.99999999999994,27676.00000000001
0.069,313.0,52377.999999999985
0.069,480.0,24448.000000000004
0.069,74.46409091791703,86.2854674547731
0.069,591.0,4634.000000000001
0.069,360.8434563630051,996.1676565719248
0.069,434.99999999999994,15349.999999999995
0.069,174.0,5105.999999999999
0.069,72.0,80.0
0.07,88.0,96.0
0.07,302.0,5258.000000000001
0.07,100.0,106.0
0.07,143.0,863.0000000000002
0.07,313.0,2118.0000000000005
0.07,244.0,503.0
0.07,335.0,9543.999999999996
0.07,132.0,155.0
0.07,224.00000000000003,8691.0
0.07,337.0,396.00000000000006
0.07,385.0,1022.0000000000001
0.07,91.0,112.00000000000001
0.071,209.0,391.99999999999994
0.071,306.78331114974293,3292.478094080507
0.071,85.0,87.0
0.071,69.0,102.0
0.071,93.0,141.0
0.071,248.0,877.0
0.071,545.9999999999999,26148.000000000007
0.071,213.0,799.9999999999998
0.071,65.0,71.0
0.071,269.0,664.0
0.071,104.0,250.0
0.071,162.0,1426.0000000000002
0.072,137.0,234.0
0.072,133.0,488.99999999999994
0.072,312.00000000000006,6759.999999999999
0.072,129.0,308.0
0.072,513.0000000000001,24659.999999999993
0.072,317.0,1765.9999999999995
0.072,166.0,178.0
0.072,100.0,438.0
0.072,86.0,152.0
0.072,279.0,8050.999999999999
0.072,511.00000000000006,21275.000000000004
0.072,92.0,101.0
0.072,348.0,91725.99999999999
0.072,342.00000000000006,8589.000000000004
0.072,401.0,8015.999999999996
0.072,313.0,55948.99999999999
0.072,212.0,366.0
0.072,87.0,103.0
0.072,93.0,206.99999999999997
0.072,177.80044994318772,1371.7492482228665
0.073,432.0,10661.999999999996
0.073,563.0,25859.999999999996
0.073,230.51247254758255,12490.710828451678
0.073,550.0,18086.999999999993
0.073,122.0,188.0
0.073,150.63864046120437,1329.18396018008
0.073,406.52675188725283,9386.771329908917
0.073,326.66955781033533,926.4124351497013
0.073,66.0,802.9999999999999
0.073,368.00000000000006,4386.999999999999
0.073,241.0,21789.0
0.073,171.0,3488.000000000001
0.073,351.99999999999994,6777.000000000001
0.073,204.99999999999997,2790.0
0.073,516.0,10333.000000000002
0.073,394.00000000000006,34773.99999999999
0.073,96.0,153.0
0.073,420.0,24840.0
0.073,309.0,12024.999999999996
0.073,149.57941034781493,564.7919971104407
0.073,185.66636744440282,2850.7632311365323
0.073,100.0,102.0
0.073,151.0,160.0
0.073,331.99999999999994,12301.999999999995
0.073,474.0,23307.999999999993
0.073,424.0,24610.000000000004
0.073,184.0,393.0
0.073,229.91955114778736,3456.39812521648
0.073,149.5927805744649,4976.062499607494
0.073,565.0000000000001,31604.999999999996
0.073,484.99999999999994,7613.999999999998
0.073,177.62882648939615,5454.668092560721
0.073,24.97999199359359,135.16656391282572
0.073,394.00000000000006,17995.0
0.073,161.0,204.0
0.073,438.99999999999994,4268.999999999999
0.073,576.0000000000001,9828.000000000004
0.074,158.0,1143.0000000000002
0.074,359.0,17095.999999999996
0.074,202.0,448.00000000000006
0.074,86.0,95.0
0.074,106.0,206.0
0.074,258.0,10060.0
0.074,102.0,112.00000000000001
0.074,133.0,504.0
0.074,143.0,157.0
0.074,120.0,139.0
0.074,84.0,97.0
0.074,130.0,159.0
0.074,183.0,617.0
0.074,326.0,6434.999999999999
0.074,209.0,1384.0000000000002
0.074,292.0,12479.000000000002
0.074,313.0,3509.9999999999995
0.074,197.0,393.0
0.074,118.0,216.0
0.075,313.0,6421.000000000002
0.075,356.99999999999994,2552.0000000000005
0.075,476.0,4601.0
0.075,293.00000000000006,597.0
0.075,313.0,2488.9999999999995
0.075,151.0,188.0
0.075,73.0,89.0
0.075,221.0,405.99999999999994
0.075,313.0,13460.999999999998
0.075,312.00000000000006,28136.0
0.075,150.0,199.0
0.076,97.0,105.0
0.076,109.00000000000001,215.0
0.076,104.0,107.0
0.076,272.0,367.0
0.076,265.0,1226.9999999999998
0.076,83.0,97.0
0.076,298.0,15428.000000000004
0.076,112.99557513460428,131.24785712536416
0.076,313.0,993.9999999999998
0.076,255.76747252142908,574.7138418378315
0.076,96.0,106.0
0.076,233.0,3243.000000000001
0.076,194.0,1861.0000000000002
0.076,157.0,1414.0
0.076,311.0,1524.0
0.076,137.0,141.0
0.077,324.0,5947.0
0.077,426.0,20949.999999999993
0.077,104.0,204.99999999999997
0.077,491.0,20265.000000000004
0.077,530.0,21211.999999999996
0.077,322.99999999999994,2619.0
0.077,328.0,2270.0
0.077,322.0,9338.000000000004
0.077,95.0,103.0
0.077,87.0,92.0
0.077,198.0,227.99999999999997
0.078,204.0,654.0
0.078,291.0,9534.000000000004
0.078,94.0,105.0
0.078,99.71960689854328,260.05384057921543
0.078,152.0,493.0
0.078,571.9999999999999,4332.000000000001
0.078,313.0,3003.9999999999995
0.078,157.0,218.00000000000003
0.078,626.0000000000001,24981.999999999993
0.078,324.0,7159.999999999999
0.079,708.0000000000001,10787.000000000004
0.079,313.0,12579.0
0.079,216.0,4078.0
0.079,356.0,28785.000000000004
0.079,196.0,621.0
0.079,96.0,100.0
0.079,208.0,1000.0000000000002
0.079,210.0,6497.999999999999
0.079,384.9519450528858,5382.865036390936
0.079,351.99999999999994,652.0
0.079,315.99999999999994,8759.000000000004
0.079,76.0,85.0
0.08,84.0,186.0
0.08,394.00000000000006,19702.0
0.08,115.99999999999999,303.0
0.08,169.6938419625179,946.4671151181111
0.08,248.0,3931.0
0.08,100.0,202.99999999999997
0.08,277.99999999999994,459.99999999999994
0.08,133.0,409.99999999999994
0.08,222.00000000000003,980.9999999999999
0.08,109.00000000000001,246.0
0.08,109.00000000000001,114.99999999999999
0.08,221.0,1141.0000000000002
0.081,313.0,4627.000000000001
0.081,73.0,88.0
0.081,277.99999999999994,591.0
0.081,92.0,101.0
0.081,505.0,12277.999999999996
0.081,256.0,3650.000000000001
0.081,82.0,141.0
0.081,356.0,4712.0
0.081,192.0,433.0
0.082,167.0,1097.0000000000002
0.082,313.0,1774.9999999999995
0.082,179.58284996067974,670.560959197596
0.082,312.00000000000006,2796.0
0.082,144.0,169.0
0.082,891.0,24859.000000000007
0.082,200.539272961682,1136.6305468356902
0.082,143.0,943.0000000000001
0.082,124.0,159.0
0.082,273.0,3988.9999999999995
0.082,355.0,3000.0000000000005
0.082,266.0,484.0
0.082,409.0,1429.0
0.082,313.0,18648.0
0.082,318.0,13587.000000000005
0.082,87.0,88.0
0.082,103.0,107.0
0.083,282.0,10880.000000000004
0.083,175.0,824.0
0.083,183.0,468.0
0.083,222.00000000000003,3991.9999999999995
0.083,84.0,92.0
0.083,98.0,106.0
0.083,273.0,4909.0
0.083,474.0,4722.999999999999
0.083,86.0,97.0
0.083,367.0,15242.000000000004
0.083,96.0,153.0
0.083,626.0000000000001,7328.000000000003
0.084,131.0,1560.9999999999998
0.084,218.00000000000003,259.0
0.084,371.00000000000006,5877.999999999999
0.084,389.0,10652.000000000002
0.084,119.0,219.0
0.084,145.0,279.0
0.084,127.0,135.0
0.084,124.0,152.0
0.084,127.0,169.0
0.084,313.0,7051.000000000004
0.084,313.0,8614.999999999998
0.084,296.0,2659.0000000000005
0.084,132.0,208.0
0.085,415.00000000000006,12826.999999999995
0.085,368.99999999999994,1198.0
0.085,163.11039206623224,309.19896506941933
0.085,552.0,24680.000000000004
0.085,467.6911373973212,10069.455695319384
0.085,578.0,39932.000000000015
0.085,256.0,726.9999999999999
0.085,396.00000000000006,27706.99999999999
0.085,393.0,45143.99999999999
0.085,163.0,16741.000000000004
0.085,476.99999999999994,26454.999999999996
0.085,528.4392112627525,19467.9340968681
0.085,117.0,118.0
0.085,290.0,14739.000000000002
0.085,332.4304438525449,11011.818650885962
0.085,670.9038679274402,13657.304089753578
0.085,815.0,21088.999999999996
0.085,484.99999999999994,36474.0
0.085,491.0,23700.000000000007
0.085,555.0,9591.999999999998
0.085,545.5355167172895,3162.3758473653947
0.085,92.0,964.0
0.085,415.35526961867237,5671.331413345546
0.085,648.9999999999999,33157.999999999985
0.085,233.60222601679118,5236.526329543278
0.085,556.0,18487.000000000004
0.085,28.000000000000004,409.99999999999994
0.085,72.0,200.0
0.085,61.0,204.0
0.085,200.99999999999997,4535.000000000001
0.086,98.0,113.99999999999999
0.086,208.58331668664204,1534.0612764814844
0.086,129.0,303.0
0.086,320.0,5148.0
0.086,81.0,104.0
0.086,225.0,297.0
0.086,213.0,1165.0000000000002
0.086,342.00000000000006,6492.999999999999
0.086,86.0,191.0
0.086,285.1157659618282,762.2243764141897
0.086,81.0,95.0
0.086,190.0,827.9999999999999
0.086,111.44505372604026,165.49018097760361
0.087,313.0,12824.999999999996
0.087,76.0,99.0
0.087,284.22526277584825,1895.4366251605463
0.087,367.0,30302.0
0.087,81.0,113.99999999999999
0.087,367.0,1036.9999999999998
0.087,90.0,100.0
0.087,126.1117677965177,474.03269816625607
0.087,113.99999999999999,134.0
0.087,249.00000000000003,2192.0
0.087,254.0,6082.0
0.087,313.0,7819.0
0.087,313.0,397.00000000000006
0.088,173.0,603.0
0.088,96.0,150.0
0.088,242.0,5338.000000000002
0.088,398.0,12490.999999999995
0.088,367.9782602274216,12684.49644250807
0.088,312.00000000000006,23814.999999999993
0.088,73.0,87.0
0.088,488.0,5517.000000000003
0.088,183.85864135253473,1320.7497870527936
0.088,313.0,10713.999999999996
0.088,100.0,103.0
0.088,87.0,95.0
0.088,82.0,102.0
0.089,303.0,422.0
0.089,244.99795917517355,3707.6879588228567
0.089,313.0,7535.999999999998
0.089,78.0,90.0
0.089,672.0,8420.000000000004
0.089,96.0,250.0
0.089,61.0,66.0
0.089,522.0,2946.9999999999995
0.089,98.0,108.0
0.089,69.0,148.0
0.089,155.0,983.9999999999998
0.089,313.0,13138.999999999993
0.089,124.5792920191795,278.42413688471765
0.089,157.0,806.0
0.09,243.00000000000003,2705.0000000000005
0.09,179.9944443587079,734.8251492702192
0.09,327.00000000000006,12471.999999999998
0.09,266.0,2004.0
0.09,72.0,82.0
0.09,252.0,10144.999999999996
0.09,313.0,10065.000000000002
0.09,413.99999999999994,15309.000000000004
0.09,223.0,282.0
0.09,77.0,90.0
0.09,202.99999999999997,1205.0
0.091,313.0,5837.000000000002
0.091,270.0,5085.000000000001
0.091,82.0,134.0
0.091,653.0,1936.0000000000002
0.091,324.0,6789.999999999999
0.091,313.0,7825.000000000003
0.091,313.0,9487.0
0.091,288.0,4584.000000000001
0.091,371.00000000000006,2402.9999999999995
0.091,103.0,261.0
0.091,188.0,716.0000000000001
0.091,86.0,108.0
0.091,176.0,202.0
0.091,281.0,2458.0
0.091,123.0,150.0
0.092,367.0,4648.999999999999
0.092,105.0,218.00000000000003
0.092,486.00000000000006,4779.000000000001
0.092,627.0,16014.999999999998
0.092,121.0,282.0
0.092,179.0,237.0
0.092,79.48584779695062,85.85452812752511
0.092,244.50562365720748,2332.6332759351612
0.092,85.0,105.0
0.092,463.0,2512.9999999999995
0.092,146.0,151.0
0.092,293.00000000000006,18518.000000000007
0.092,102.0,107.0
0.092,71.0,169.0
0.093,114.99999999999999,195.0
0.093,77.0,85.0
0.093,200.0,286.0
0.093,89.0,105.0
0.093,111.00000000000001,139.0
0.093,313.0,5543.000000000002
0.093,313.0,21234.0
0.093,380.0,12931.999999999993
0.093,91.0,214.0
0.093,76.0,88.0
0.094,185.0,1327.9999999999998
0.094,263.60197267850634,3940.520270218135
0.094,59.0,61.0
0.094,103.0,107.0
0.094,91.0,99.0
0.094,356.99999999999994,9341.000000000002
0.094,181.0,917.9999999999998
0.094,91.0,92.0
0.094,134.0,250.0
0.094,96.0,108.0
0.094,137.18386876958593,508.47166188556844
0.094,82.0,97.0
0.094,640.0,16595.0
0.094,222.00000000000003,1214.9999999999998
0.095,356.0,2569.0
0.095,313.0,511.00000000000006
0.095,88.0,93.0
0.095,110.00000000000001,334.0
0.095,93.0,103.0
0.095,313.0,16390.0
0.095,231.99999999999997,4990.999999999999
0.095,177.0,296.0
0.095,73.0,175.0
0.095,91.19210492142399,98.12237257628863
0.095,361.00000000000006,6418.000000000002
0.095,117.73274820541648,154.31785379534023
0.095,171.0,774.9999999999999
0.095,313.0,1526.0
0.096,95.0,98.0
0.096,142.0,155.0
0.096,313.0,4239.000000000001
0.096,179.0,285.0
0.096,174.0,749.9999999999999
0.096,153.0,249.00000000000003
0.096,93.0,131.0
0.096,214.0,1848.9999999999998
0.096,99.0,259.0
0.096,115.99999999999999,237.0
0.096,42.0,56.00000000000001
0.096,95.0,151.0
0.096,155.0,335.0
0.096,90.0,202.99999999999997
0.096,66.0,123.0
0.096,98.0,110.00000000000001
0.097,403.0,1931.0000000000002
0.097,256.4761197460692,2811.4622529922044
0.097,112.99999999999999,622.0
0.097,516.0,51464.999999999985
0.097,437.0,11648.999999999998
0.097,60.0,555.0
0.097,67.0,995.9999999999999
0.097,59.0,517.0
0.097,275.99999999999994,13972.0
0.097,446.0,10299.0
0.097,322.99999999999994,31311.999999999996
0.097,869.9999999999998,31684.000000000007
0.097,254.0,26959.999999999996
0.097,567.9999999999999,37972.99999999999
0.097,313.0,4624.0
0.097,419.00000000000006,12773.999999999996
0.097,577.0,9976.0
0.097,652.0,24712.000000000004
0.097,160.0,1274.0
0.097,353.0,4871.0
0.097,409.99999999999994,4551.0
0.097,453.9999999999999,3421.0
0.097,375.0,7285.999999999997
0.097,269.0,409.0
0.097,393.0,22794.000000000004
0.097,59.0,147.0
0.097,219.0,2015.9999999999995
0.097,475.0,21741.99999999999
0.097,189.05554739282314,3618.423966314616
0.097,479.0012043734055,11745.672759340547
0.097,150.0,1693.0000000000002
0.097,564.5848031961186,33771.42164611968
0.097,517.0,33248.99999999999
0.097,274.0,19507.000000000004
0.097,639.0,28592.99999999999
0.097,106.0,107.0
0.097,61.0,683.0
0.097,161.0,12727.0
0.097,469.00000000000006,1341.9999999999998
0.097,50.0,91.0
0.098,86.0,112.99999999999999
0.098,333.00000000000006,26342.000000000007
0.098,313.0,19783.000000000007
0.098,134.0,154.0
0.098,342.00000000000006,1648.0
0.098,455.00000000000006,12505.0
0.098,479.0,2963.9999999999995
0.098,78.0,106.0
0.098,59.0,60.0
0.098,85.0,101.0
0.098,142.0,159.0
0.098,212.0,391.99999999999994
0.098,313.0,1549.9999999999998
0.098,318.0,682.0
0.099,68.0,69.0
0.099,308.0,436.00000000000006
0.099,313.0,10861.0
0.099,288.99999999999994,1401.0000000000002
0.099,265.0,7423.999999999999
0.099,535.0,3479.9999999999995
0.099,139.0,145.0
0.099,140.0,155.0
0.099,120.0,135.0
0.099,61.0,89.0
0.1,331.30046785357854,3646.5257437731048
0.1,88.0,100.0
0.1,179.0,315.99999999999994
0.1,196.0,334.0
0.1,297.0959440988719,10699.452182238116
0.1,56.00000000000001,81.0
0.1,108.0,112.00000000000001
0.1,153.0,254.99999999999997
0.1,225.99999999999997,1314.0
0.1,123.0,441.0
0.1,349.0,476.99999999999994
0.1,313.0,18996.000000000004
0.1,91.0,105.0
0.1,313.0,16034.000000000004
0.101,270.0,9402.0
0.101,169.0,1267.0
0.101,133.0,204.99999999999997
0.101,312.00000000000006,15209.999999999995
0.101,127.0,149.0
0.101,105.98113039593416,176.9463195435271
0.101,264.0,3565.9999999999995
0.101,528.0000000000001,18114.999999999996
0.101,82.0,87.0
0.102,313.0,5381.999999999999
0.102,125.0,142.0
0.102,87.0,144.0
0.102,308.0,24960.99999999999
0.102,151.0,194.0
0.102,1164.0,31328.999999999996
0.102,389.0,11135.000000000004
0.102,83.0,104.0
0.102,571.0,15272.999999999993
0.102,321.0,1484.9999999999998
0.102,313.0,9039.000000000004
0.102,164.0,285.0
0.102,211.0,616.0000000000001
0.102,313.0,44868.99999999999
0.102,408.0,12208.999999999998
0.102,86.0,109.00000000000001
0.102,167.24831837719626,1016.0565929120287
0.103,109.00000000000001,110.00000000000001
0.103,105.0,106.0
0.103,160.0,190.0
0.103,229.99999999999997,254.99999999999997
0.103,126.0,206.0
0.103,84.0,190.0
0.103,343.0,5656.999999999999
0.103,88.85943956609223,107.66615066955816
0.103,317.07412382595965,4026.300535230822
0.103,386.99999999999994,13676.000000000005
0.103,46.0,66.0
0.103,67.0,96.0
0.103,96.0,113.99999999999999
0.103,87.0,152.0
0.103,313.0,18172.999999999993
0.103,313.0,10055.999999999998
0.103,312.00000000000006,5230.0
0.104,80.0,133.0
0.104,359.0,474.0
0.104,99.0,100.0
0.104,111.00000000000001,354.0
0.104,384.00000000000006,3902.000000000001
0.104,94.0,103.0
0.104,330.0,733.0
0.104,259.0,8604.999999999996
0.104,143.0,214.0
0.104,362.99999999999994,2444.0
0.104,175.0,229.99999999999997
0.104,168.97041161102732,774.5915052464749
0.104,200.99999999999997,1042.9999999999998
0.104,465.00000000000006,2005.9999999999998
0.105,288.0,1245.0
0.105,313.0,6561.563456981882
0.105,189.0,204.0
0.105,114.99999999999999,147.0
0.105,309.0,5710.0
0.105,111.00000000000001,193.0
0.105,88.0,96.0
0.105,285.0,2555.0000000000005
0.105,368.99999999999994,2009.0
0.105,321.0,14050.000000000005
0.105,596.0,26224.0
0.105,245.00000000000003,521.0
0.105,315.99999999999994,601.0
0.105,87.0,101.0
0.105,312.00000000000006,17160.999999999996
0.105,366.0,24188.000000000004
0.105,115.99999999999999,145.0
0.105,196.0,981.9999999999999
0.105,313.0,14283.999999999995
0.105,578.0,2035.0000000000005
0.106,85.41662601625049,120.66482503198685
0.106,144.0,202.99999999999997
0.106,91.0,99.0
0.106,313.0,6554.000000000004
0.106,243.86471659508265,3065.8277838130434
0.106,80.0,90.0
0.106,95.0,108.0
0.106,213.0,252.0
0.106,95.0,104.0
0.106,162.0,556.0
0.107,556.0,13460.999999999998
0.107,142.0,190.0
0.107,168.0,518.0
0.107,90.0,147.0
0.107,137.0,149.0
0.107,336.0,4434.999999999999
0.107,340.99999999999994,553.9999999999999
0.107,247.00000000000003,655.9999999999999
0.107,206.0,1978.0
0.107,313.0,3750.999999999999
0.107,374.0,9828.000000000004
0.107,350.0,1067.9999999999998
0.107,188.0,275.99999999999994
0.107,143.0,411.00000000000006
0.107,319.0,13824.000000000007
0.107,74.0,93.0
0.107,185.0,210.0
0.107,326.0,21725.0
0.107,362.99999999999994,8629.000000000004
0.108,313.0,27572.000000000004
0.108,66.0,101.0
0.108,405.0,9615.0
0.108,148.0,801.9999999999998
0.108,345.0,43863.99999999998
0.108,78.0,89.0
0.108,331.99999999999994,7870.999999999998
0.108,792.0000000000001,25336.000000000004
0.108,749.4064317845156,43544.433490401505
0.108,76.0,964.0
0.108,430.0,3529.9999999999995
0.108,180.67373909896259,1404.457190518814
0.108,85.0,152.0
0.108,230.77956019860767,3340.401008421535
0.108,476.0,6764.000000000002
0.108,218.21833748974493,2702.5356515552617
0.108,393.0,15189.000000000004
0.108,555.0,28607.999999999985
0.108,154.28869044748546,1396.5349977712694
0.108,628.0,6335.000000000001
0.108,819.0,39784.00000000001
0.108,309.0,383.00000000000006
0.108,97.0,1501.9999999999995
0.108,165.0,3274.0
0.108,312.00000000000006,16097.000000000004
0.108,187.54634295103145,623.4823792538918
0.108,164.0,389.0
0.108,146.0,3935.0
0.108,404.0,25413.000000000007
0.108,335.0,39790.99999999999
0.108,271.21025054374326,8326.664518281012
0.108,430.99999999999994,712.0
0.108,494.00000000000006,17675.000000000004
0.108,132.0,1824.0000000000002
0.108,606.0,38668.00000000001
0.108,33.0,539.0
0.108,88.0,1567.0000000000002
0.108,432.0,12024.999999999996
0.109,479.0,13786.999999999998
0.109,493.0,12962.000000000004
0.109,159.0,1596.0
0.109,100.0,107.0
0.109,380.0,18512.000000000004
0.109,372.0,4292.000000000001
0.109,83.0,99.0
0.109,76.0,90.0
0.109,85.0,93.0
0.109,351.99999999999994,8579.999999999998
0.109,330.0,13276.999999999998
0.109,158.97169559390125,574.5119668031293
0.109,397.00000000000006,4274.000000000001
0.109,172.7831010255343,278.47800631288635
0.109,131.224997618594,269.3232258829528
0.11,465.00000000000006,806.9999999999999
0.11,130.11149065320865,781.6297077261078
0.11,624.0,10076.000000000002
0.11,185.4939352108311,610.3113959283409
0.11,222.49494376277408,805.9057016797934
0.11,313.0,18755.0
0.11,313.0,10880.000000000004
0.11,102.0,154.0
0.11,313.0,2993.0
0.11,355.0,950.0000000000002
0.11,355.0,2754.0000000000005
0.11,231.99999999999997,946.0000000000002
0.11,362.99999999999994,12462.999999999998
0.11,941.0,7187.000000000002
0.11,215.0,5035.999999999999
0.11,371.00000000000006,2963.9999999999995
0.11,59.0,147.0
0.11,91.0,111.00000000000001
0.111,93.0,213.0
0.111,71.0,79.0
0.111,328.0,4018.000000000001
0.111,208.2258389345568,2798.471011105886
0.111,234.0,287.0
0.111,95.0,147.0
0.111,159.0,1376.0
0.111,430.46021883560854,6176.172520258808
0.111,313.0,11075.999999999996
0.111,157.0,185.0
0.111,160.0,216.0
0.112,192.0,219.0
0.112,94.0,102.0
0.112,100.0,105.0
0.112,241.0,393.0
0.112,263.0,3681.000000000001
0.112,63.0,72.0
0.112,94.0,106.0
0.113,95.0,98.0
0.113,175.0,222.00000000000003
0.113,90.0,94.0
0.113,150.0,5261.000000000001
0.113,159.0,1598.0
0.113,94.0,109.00000000000001
0.113,109.00000000000001,114.99999999999999
0.113,313.0,14858.000000000007
0.113,143.0,342.00000000000006
0.113,192.0,396.00000000000006
0.113,303.0,4905.999999999999
0.113,313.0,645.0
0.113,98.0,209.0
0.113,313.0,7436.999999999999
0.113,155.0,386.0
0.113,140.0,1398.0
0.113,319.0,6103.000000000002
0.114,85.0,112.99999999999999
0.114,305.99999999999994,3588.9999999999995
0.114,295.0,2918.0000000000005
0.114,153.0,385.0
0.114,202.0,394.00000000000006
0.114,366.0,4132.000000000001
0.114,134.0,151.0
0.114,94.0,806.0
0.114,318.0,24762.000000000007
0.114,87.0,89.0
0.114,376.4332610171423,3240.87395620379
0.114,133.6413109783049,159.1791443625703
0.114,88.0,92.0
0.114,356.99999999999994,1835.0000000000002
0.114,313.0,10408.000000000002
0.115,165.0,237.0
0.115,297.0,356.99999999999994
0.115,298.0,2044.0000000000005
0.115,78.0,94.0
0.115,172.0,375.0
0.115,627.0,4979.000000000001
0.115,102.0,190.0
0.115,134.0,159.0
0.115,217.40055197722015,1117.2466155688278
0.115,86.0,90.0
0.115,420.0,14232.999999999998
0.115,91.0,139.0
0.115,277.99999999999994,476.0
0.115,354.0,6729.999999999998
0.115,313.0,10727.999999999996
0.116,567.9999999999999,18305.000000000004
0.116,159.0,437.0
0.116,140.16418943510502,489.3332198001684
0.116,558.0,12833.000000000004
0.116,86.0,94.0
0.116,94.0,100.0
0.116,109.00000000000001,258.0
0.116,473.00000000000006,2438.9999999999995
0.116,101.0,105.0
0.116,105.0,139.0
0.116,313.0,2086.9999999999995
0.116,626.0000000000001,17043.0
0.116,79.0,100.0
0.116,297.0,5222.999999999999
0.117,345.0,2502.0
0.117,626.0000000000001,31027.00000000001
0.117,165.0,358.0
0.117,313.0,15640.999999999996
0.117,175.0,295.0
0.117,275.67916134521295,2097.9709244887076
0.117,295.0,11163.999999999998
0.117,597.0,4416.0
0.117,313.0,7638.000000000003
0.117,106.0,107.0
0.117,487.0,14396.0
0.117,94.0,112.00000000000001
0.117,313.0,11722.999999999995
0.117,89.0,141.0
0.117,167.0,585.0
0.117,313.0,11587.000000000004
0.118,95.0,100.0
0.118,154.0,173.0
0.118,84.0,90.0
0.118,266.9194635091266,1298.4221193433207
0.118,313.0,1123.0000000000002
0.118,490.00000000000006,3364.999999999999
0.118,167.0,301.0
0.118,367.0,11703.0
0.118,92.0,94.0
0.118,69.0,99.0
0.118,291.0,16921.999999999993
0.119,290.0,2261.0
0.119,523.0,16202.000000000007
0.119,266.0,726.9999999999999
0.119,144.0,478.0
0.119,104.0,110.00000000000001
0.119,169.0,199.0
0.119,143.0,425.0
0.119,131.0,147.0
0.119,130.0,850.0
0.119,172.0,1345.0
0.119,91.0,96.0
0.12,331.0,13521.999999999996
0.12,267.0,6758.999999999999
0.12,394.00000000000006,20671.000000000004
0.12,288.0,2365.9999999999995
0.12,250.99999999999997,1714.9999999999995
0.12,313.0,6649.000000000003
0.12,208.33872938912407,3514.5745138872217
0.12,289.1366458960192,1898.0115911131834
0.12,156.12494995995996,5234.256394178643
0.12,637.9999999999999,28180.00000000001
0.12,313.0,3942.0
0.12,156.0,517.0
0.12,66.0,835.0
0.12,91.0,141.0
0.12,362.11876504815376,12890.329747527798
0.12,69.0,93.0
0.12,497.4213505671022,4178.684003367568
0.12,87.0,140.0
0.12,93.0,100.0
0.12,484.99999999999994,20678.000000000004
0.12,322.99999999999994,2785.0
0.12,65.0,86.0
0.12,119.0,1999.9999999999995
0.12,567.0000000000001,38790.0
0.12,789.0,46083.99999999998
0.12,575.0,46513.000000000015
0.12,343.0,3595.9999999999995
0.12,63.0,657.0
0.12,61.0,545.0
0.12,84.0,87.0
0.12,116.41305768684198,583.9965753324243
0.12,444.00000000000006,6931.999999999996
0.12,69.0,852.0000000000001
0.121,326.0,13534.000000000005
0.121,500.79936102195654,8625.352166723398
0.121,87.0,97.0
0.121,248.0,677.0
0.121,152.0,376.0
0.121,200.99999999999997,1627.0
0.121,91.0,105.0
0.121,92.0,162.0
0.121,313.0,2987.9999999999995
0.121,183.0,1205.9999999999998
0.121,96.0,108.0
0.121,210.0,1110.0
0.121,313.99999999999994,84161.00000000001
0.121,137.0,165.0
0.121,144.0,195.0
0.122,490.00000000000006,5277.000000000001
0.122,91.0,98.0
0.122,313.0,3562.9999999999995
0.122,70.0,143.0
0.122,231.91377708105225,1730.0552014314455
0.122,313.0,76797.99999999999
0.122,252.99999999999997,1488.9999999999998
0.122,256.0,2499.9999999999995
0.122,313.0,3682.348163875871
0.122,92.0,93.0
0.122,98.0,99.0
0.122,127.0,145.0
0.122,99.0,102.0
0.123,322.0,7006.999999999996
0.123,175.0,206.99999999999997
0.123,88.0,104.0
0.123,92.0,312.00000000000006
0.123,94.89236192983037,194.880400033152
0.123,88.0,103.0
0.123,457.0,6331.999999999999
0.123,287.0,543.0
0.123,94.0,96.0
0.123,344.0,30369.999999999993
0.123,275.0,8696.0
0.123,340.99999999999994,2209.0000000000005
0.123,92.0,102.0
0.123,86.0,117.0
0.123,115.99999999999999,137.0
0.123,144.0,258.0
0.123,379.0,2262.0
0.124,93.0,118.0
0.124,313.0,4025.999999999999
0.124,312.00000000000006,12658.000000000002
0.124,190.0,711.0
0.124,227.99999999999997,453.0
0.124,136.0,244.0
0.124,123.0,142.0
0.124,208.0,2229.9999999999995
0.124,498.00000000000006,14162.000000000005
0.124,89.0,95.0
0.125,109.00000000000001,222.00000000000003
0.125,205.56021015751077,1388.7116331333875
0.125,198.0,659.0
0.125,415.2685877838583,6765.703511091809
0.125,175.0,411.00000000000006
0.125,95.0,104.0
0.125,105.0,107.0
0.125,70.0,85.0
0.125,331.99999999999994,10096.999999999996
0.125,433.0,1269.0
0.126,202.0,605.0
0.126,351.99999999999994,9579.999999999996
0.126,389.0,11408.0
0.126,149.0,198.0
0.126,310.0,1248.9999999999998
0.126,85.0,95.0
0.126,493.0,17173.999999999996
0.126,403.0,19331.0
0.126,261.0,3307.0
0.126,78.0,100.0
0.126,313.0,10886.999999999996
0.126,313.0,6822.999999999999
0.127,56.00000000000001,64.0
0.127,223.0,331.99999999999994
0.127,313.0,4536.999999999999
0.127,248.0,2820.0
0.127,81.0,159.0
0.127,229.99999999999997,4280.999999999999
0.127,400.0,3968.000000000001
0.127,258.0,11491.000000000004
0.127,171.0,270.0
0.127,114.99999999999999,273.0
0.127,222.00000000000003,389.99999999999994
0.127,313.0,12340.000000000002
0.127,192.0,7077.999999999999
0.127,95.0,145.0
0.127,129.3058390019569,324.09875038327436
0.127,157.0,252.99999999999997
0.128,561.0,21172.000000000007
0.128,249.00000000000003,699.9999999999999
0.128,520.0,8374.000000000002
0.128,479.0,3956.0
0.128,313.0,23315.0
0.128,125.0,381.99999999999994
0.128,339.00000000000006,1747.0
0.128,99.0,106.0
0.128,87.0,99.0
0.128,313.0,13956.0
0.129,408.0,17855.00000000001
0.129,313.0,511.99999999999994
0.129,96.0,98.0
0.129,144.0,611.0
0.129,627.0,10257.999999999996
0.129,312.00000000000006,15505.999999999995
0.129,271.0,7289.999999999999
0.129,280.0,3026.9999999999995
0.129,89.0,93.0
0.129,67.0,84.0
0.129,313.0,79845.99999999999
0.129,253.62965126341203,816.6394553289722
0.129,795.0000000000001,26034.999999999996
0.129,288.99999999999994,1791.9999999999998
0.13,88.0,132.0
0.13,92.0,101.0
0.13,201.26102454275642,1295.6639224737253
0.13,179.0,248.0
0.13,94.0,151.0
0.13,159.62455951387932,1672.3749579564987
0.13,150.0,379.0
0.13,507.0,25885.999999999996
0.13,328.0,5234.999999999999
0.13,114.99999999999999,139.0
0.13,108.0,113.99999999999999
0.13,648.0,18739.999999999996
0.13,275.99999999999994,507.0
0.13,342.00000000000006,5198.0
0.131,313.0,25315.000000000004
0.131,627.0,13857.0
0.131,198.0,315.0
0.131,88.0,93.0
0.131,132.0,1326.0000000000002
0.131,92.0,102.0
0.131,313.0,1941.9999999999998
0.131,313.0,11964.0
0.131,147.0,150.0
0.131,95.0,166.0
0.131,91.0,104.0
0.131,81.0,94.0
0.131,310.2869639543369,9527.390513671615
0.132,1259.9999999999995,113734.00000000004
0.132,855.9999999999999,9067.000000000002
0.132,1112.0,52328.0
0.132,715.0,26861.99999999999
0.132,743.8023931125791,35495.709811187044
0.132,425.0,11490.970368075974
0.132,434.99999999999994,8315.0
0.132,783.0976950547101,25216.973331468624
0.132,835.0,49495.000000000015
0.132,65.0,642.0
0.132,1277.0000000000002,114561.99999999994
0.132,63.0,436.00000000000006
0.132,290.7679487151223,6922.209907247827
0.132,1102.0,79827.00000000003
0.132,158.0,2320.0000000000005
0.132,636.0,24386.999999999993
0.132,1103.9999999999998,73371.99999999999
0.132,85.0,96.0
0.132,1073.9999999999998,60888.0
0.132,588.0,32427.999999999993
0.132,768.1809682620365,41426.6362621925
0.132,1024.0,45182.00000000001
0.132,397.83539309618993,12413.609064248802
0.132,1334.9999999999998,118885.99999999999
0.132,409.99999999999994,11093.999999999998
0.132,534.4876050948235,13803.149205887767
0.132,891.9999999999998,18046.999999999993
0.132,125.0,1291.0
0.132,717.0,54007.99999999999
0.132,729.2210995373491,17304.848931900942
0.132,1003.0538147225677,35680.21328863651
0.132,1050.9999999999998,60181.99999999999
0.132,505.0,34316.99999999999
0.132,726.0,41286.0
0.132,1581.0,105332.99999999994
0.132,740.6753674856483,48675.32650121618
0.133,85.17041739947034,182.14829123546562
0.133,112.00000000000001,184.0
0.133,234.99787233079363,1653.8527745842434
0.133,169.0,1116.0
0.133,395.00000000000006,1355.9999999999998
0.133,1255.0000000000002,73475.99999999997
0.133,83.0,109.00000000000001
0.133,79.0,112.99999999999999
0.133,98.0,102.0
0.133,94.0,153.0
0.133,968.0000000000001,68397.99999999999
0.133,305.0,1136.0
0.133,1153.0,24313.000000000004
0.133,125.0,191.0
0.133,155.0,197.0
0.134,163.0,540.0
0.134,313.0,1571.0
0.134,941.0,18120.999999999996
0.134,1883.0000000000002,158423.00000000006
0.134,137.0,409.99999999999994
0.134,88.0,153.0
0.134,124.0,144.0
0.134,127.0,158.0
0.134,292.0,364.00000000000006
0.134,178.0,7496.999999999997
0.135,209.0,474.0
0.135,183.0,195.0
0.135,75.0,90.0
0.135,384.00000000000006,904.0000000000001
0.135,144.0,160.0
0.135,86.0,91.0
0.135,72.0,94.0
0.135,69.0,93.0
0.135,339.00000000000006,1903.0
0.135,74.0,96.0
0.135,227.99999999999997,3440.9999999999995
0.135,72.0,83.0
0.136,103.0,105.0
0.136,273.0,354.0
0.136,409.0,1718.0000000000002
0.136,504.0,23995.0
0.136,76.0,156.0
0.136,234.0,348.0
0.136,121.0,238.0
0.137,494.00000000000006,6195.999999999998
0.137,223.0,671.0
0.137,119.0,347.0
0.137,511.99999999999994,16925.999999999996
0.137,212.0,658.0000000000001
0.137,133.0,397.00000000000006
0.137,75.0,97.0
0.137,108.0,110.00000000000001
0.137,844.9999999999998,28778.999999999996
0.137,2227.0000000000005,174305.00000000006
0.137,154.0,286.0
0.137,129.0,229.99999999999997
0.138,1568.9999999999995,82735.00000000003
0.138,133.0,157.0
0.138,340.0,3531.999999999999
0.138,299.0,7518.000000000001
0.138,448.00000000000006,12200.000000000004
0.138,208.0,416.0
0.138,131.62446581088182,152.87249589118377
0.138,519.0,26226.000000000004
0.138,142.47806848775008,282.0797759499961
0.138,147.0,636.0
0.138,95.0,106.0
0.138,93.0,101.0
0.138,101.0,162.0
0.138,74.0,87.0
0.138,252.99999999999997,1079.0
0.138,266.0,567.9999999999999
0.139,2183.9999999999995,98583.99999999999
0.139,75.0,87.0
0.139,726.9999999999999,3041.0
0.139,79.0,99.0
0.139,408.0,1635.0000000000005
0.139,537.0,2962.9999999999995
0.139,211.0,588.0
0.139,551.0,26327.000000000004
0.14,229.0,277.99999999999994
0.14,313.0,4731.0
0.14,114.99999999999999,134.0
0.14,103.0,118.0
0.14,313.0,1739.9999999999998
0.14,335.0,980.0000000000002
0.14,95.0,100.0
0.14,83.0,104.0
0.14,559.0,20867.0
0.14,81.0,91.0
0.14,313.0,5209.000000000001
0.14,783.0000000000001,15394.0
0.14,313.0,723.0
0.14,941.0,9172.999999999998
0.14,94.0,104.0
0.141,189.0,686.0
0.141,145.0,170.0
0.141,85.0,95.0
0.141,2615.0,229770.00000000003
0.141,92.0,95.0
0.141,167.0,7347.0
0.141,106.0,166.0
0.141,95.0,100.0
0.141,1285.9999999999998,19152.00000000001
0.141,128.98837156891315,240.81943443169197
0.141,87.0,95.0
0.141,694.0,10033.000000000004
0.141,78.0,85.0
0.141,237.0,1201.0
0.141,72.0,86.0
0.142,4001.0,283869.00000000006
0.142,507.0,6556.999999999999
0.142,204.0,288.99999999999994
0.142,941.0,11523.000000000002
0.142,348.0,9481.000000000004
0.142,263.0,1451.9999999999998
0.142,774.0000000000002,11234.999999999998
0.142,72.0,88.0
0.142,313.0,5355.0
0.142,112.99999999999999,141.0
0.142,89.0,101.0
0.142,622.0,69749.0
0.142,88.0,90.0
0.142,84.0,89.0
0.142,90.0,99.0
0.142,362.99999999999994,5811.000000000002
0.143,4001.0,289165.00000000006
0.143,4001.0,376205.9999999997
0.143,1471.3976555439651,57461.93620030433
0.143,2525.3898708912247,258537.27129371505
0.143,4001.0,283041.00000000006
0.143,1876.3946812970883,175544.10235892283
0.143,2486.2713045844375,144917.1389242833
0.143,3322.0000000000005,303058.00000000006
0.143,2215.7499858964234,165290.67719626537
0.143,2933.282802595072,187600.7362032463
0.143,4001.0,261999.85859156487
0.143,3627.000000000001,246933.9999999999
0.143,3181.6925232254202,216664.77254063662
0.143,855.6769250131733,8880.165989439609
0.143,2616.9371205909288,177736.98359648004
0.143,1105.0000000000002,31964.999999999996
0.143,4001.0,383294.9999999998
0.143,4001.0,319545.9999999999
0.143,3182.2210796863255,252808.11739340972
0.143,4001.0,349871.9999999999
0.143,4001.0,261428.00000000006
0.143,157.5499920660106,736.7156846436759
0.143,2359.1080941745754,134822.9938252374
0.143,2162.8919439047468,118189.49865761983
0.143,646.0,49701.0
0.143,2847.0000000000005,293200.0
0.143,28.000000000000004,129.9422948850758
0.143,4001.0,323394.00807658664
0.143,4001.0,283600.00000000006
0.143,588.0,16962.000000000007
0.143,1183.9999999999998,80066.00000000001
0.143,1040.1285744637357,38408.08280550106
0.143,4001.0,268644.7655790077
0.143,1531.68313043303,49621.538386785796
0.143,1712.6359479802297,87721.0449574887
0.143,3710.0,241801.00000000006
0.143,1989.2181881332172,142819.22442724582
0.143,3430.880644965662,237788.00566891514
0.143,533.55224673878,6287.291308663851
0.143,3931.0,286173.00000000006
0.143,2250.855983446657,157675.9096094025
0.143,4001.0,324437.9999999999
0.143,4001.0,383825.99999999994
0.143,2837.0,208648.00000000006
0.143,1616.2263771075454,66823.98578139003
0.143,1434.6823663750154,57646.44601674766
0.143,1044.867455698259,60778.99884781273
0.143,2388.6033576129803,170903.5716332458
0.143,4001.0,218165.0
0.143,4001.0,275034.99999999994
0.143,2523.0000000000005,173590.00000000006
0.143,2440.0,164291.00000000003
0.143,97.0,103.0
0.143,2618.0,158253.00000000003
0.143,1923.0000000000005,128489.00000000006
0.143,403.0483841922704,16028.21437341041
0.143,4001.0,245376.00000000006
0.143,1893.8235216047253,133488.44043068175
0.143,2291.8436207695454,148422.64398560027
0.143,4001.0,271224.0
0.143,1398.871228079727,45937.62761857846
0.143,1876.4008100616459,187361.73175171067
0.143,1274.9999999999995,62932.99999999999
0.143,4001.0,284188.6497381626
0.143,2880.6377766043406,257975.00004070156
0.143,54.0,175.0
0.143,2399.4663990145814,129338.09520786988
0.143,2670.597314962618,169082.48538954178
0.143,4001.0,290339.00000000006
0.143,4001.0,288297.0
0.143,2414.4268471005694,137989.72499791422
0.143,4001.0,281788.09386664984
0.143,4001.0,271975.0000000001
0.144,93.0,433.0
0.144,491.0,875.0000000000002
0.144,221.0,261.0
0.144,162.14808046967437,809.1013533544487
0.144,85.0,96.0
0.144,158.0,229.0
0.144,89.0,104.0
0.145,186.0,288.0
0.145,132.0,252.0
0.145,208.0,1809.0000000000005
0.145,182.0,305.99999999999994
0.145,103.0,153.0
0.145,84.0,90.0
0.145,313.0,2373.9999999999995
0.145,259.0,2288.0000000000005
0.146,722.0,29841.000000000004
0.146,90.0,105.0
0.146,88.0,104.0
0.146,488.0,3776.9999999999995
0.146,404.0,6313.000000000002
0.146,75.0,87.0
0.146,434.0,7279.999999999998
0.146,2172.9999999999995,136334.0
0.147,4001.0,212717.99999999994
0.147,84.2733647127015,124.71968569556292
0.147,168.0,283.0
0.147,209.0,734.0
0.147,220.00000000000003,492.0
0.147,244.12291985800923,1528.2368926315053
0.147,204.7315315236029,356.3649814445858
0.147,81.0,139.0
0.147,212.0,606.0
0.148,100.0,103.0
0.148,4001.0,264149.00000000006
0.148,1627.078670501215,60431.387953612284
0.148,627.0,31295.999999999985
0.149,188.0,389.0
0.149,77.0,153.0
0.149,89.0,96.0
0.149,159.0,220.00000000000003
0.149,190.0,315.0
0.149,219.0,5282.000000000001
0.149,89.0,102.0
0.149,348.0,897.9999999999999
0.149,91.0,101.0
0.149,4001.0,348140.0
0.15,566.0,4532.0
0.15,77.42092740338364,94.0
0.15,231.73260452512935,1518.5832212954278
0.15,97.0,243.00000000000003
0.15,328.0,931.0
0.15,108.0,115.99999999999999
0.15,140.0,157.0
0.15,210.0,247.00000000000003
0.15,156.0,354.0
0.15,209.0,464.00000000000006
0.15,159.0,354.0
0.151,211.0,487.0
0.151,188.0,221.0
0.151,401.0,9541.000000000002
0.151,144.0347180370066,304.96721135230257
0.151,101.0,103.0
0.151,113.99999999999999,134.0
0.151,974.0,10087.000000000004
0.151,112.99999999999999,249.00000000000003
0.151,639.0,19179.000000000004
0.151,309.0,10159.000000000002
0.151,515.0,2003.0
0.151,1112.0,35723.00000000002
0.152,197.0,313.0
0.152,97.0,103.0
0.152,229.63884688789045,565.2804613640913
0.152,87.0,99.0
0.152,106.0,163.0
0.152,330.0,2317.0
0.152,95.0,110.00000000000001
0.152,125.0,309.0
0.152,145.98630072715727,713.9558809898549
0.152,349.0,1147.0
0.152,571.0,16119.999999999993
0.153,204.0,297.0
0.153,320.0,914.0
0.153,541.0,15512.0
0.153,188.0,204.99999999999997
0.153,97.0,109.00000000000001
0.153,149.0,214.0
0.153,178.0,380.0
0.153,529.0,13439.999999999998
0.153,217.0,594.9999999999999
0.153,105.0,106.0
0.153,430.0,7088.999999999997
0.153,65.0,101.0
0.153,118.0,119.0
0.154,153.0,803.9999999999998
0.154,99.0,107.0
0.154,1141.0000000000002,22364.999999999993
0.154,325.90642828885717,823.358973959718
0.154,65.0,97.0
0.154,104.0,110.00000000000001
0.154,3139.000000000001,276607.99999999994
0.154,165.0,190.0
0.154,120.0,194.0
0.154,840.9999999999999,23864.999999999996
0.154,87.0,142.0
0.154,462.0,5337.0
0.154,880.0000000000001,34343.99999999999
0.155,1517.0000000000002,107275.00000000003
0.155,4001.0,291641.9999999999
0.155,475.0,3103.0000000000005
0.155,1235.2036269376804,38172.30320533465
0.155,3507.573947901883,258056.7820809986
0.155,4001.0,343896.7803164197
0.155,3274.799615345886,215459.78631657967
0.155,980.8866387277419,43684.82848142235
0.155,93.0,118.0
0.155,2979.911174514077,207944.15396504232
0.155,2117.372485966323,104145.76583208957
0.155,566.0,7359.0
0.155,4001.0,296048.9999999998
0.155,2494.0000000000005,168330.9999999999
0.155,1939.3143118122957,62806.69959486806
0.155,4001.0,296134.8016748542
0.155,3552.6307498722454,270876.13217882474
0.155,4001.0,279423.00000000006
0.155,1012.0553344555822,34407.638105513724
0.155,4001.0,310257.0000000001
0.155,4001.0,266400.33458312333
0.155,1173.688435683787,23001.087556954553
0.155,4001.0,313116.86086827074
0.155,4001.0,299317.0000000001
0.155,1083.9555232702387,38244.33531411109
0.155,4001.0,279810.99999999994
0.155,968.9999999999998,11003.000000000004
0.155,1619.4438603822882,55816.13275464323
0.155,586.5884417545235,5064.451599136871
0.155,72.0,85.0
0.155,1287.2579867983375,44689.75116723802
0.155,2369.441780794639,179190.90919074242
0.155,64.0,401.99999999999994
0.155,758.8007390163095,12155.876336489093
0.155,1705.178689223028,59609.19320907249
0.155,4001.0,285262.129053262
0.155,1103.195358946003,36118.64710921491
0.155,4001.0,203941.00000000003
0.155,2241.577176702733,101594.84363775361
0.155,1497.9999999999998,90733.0
0.155,2547.9029810961665,120445.96997675678
0.155,1316.7061175524325,54491.75269708252
0.155,2089.2800195282575,153393.76959316185
0.155,3283.0921400411535,224443.9284543023
0.155,506.02766722779097,12965.750267531766
0.155,641.9524904539277,5158.461301589846
0.155,420.7493315502712,7081.021960141068
0.155,4001.0,249502.87036825853
0.155,2093.2956690559463,99285.24662843694
0.155,1295.436607729101,32255.637743144045
0.155,1960.8874634929289,93106.51283217447
0.155,4001.0,285922.00000000006
0.155,4001.0,266766.1899341818
0.155,100.0,298.0
0.155,4001.0,298367.8910070583
0.155,4001.0,279593.0
0.155,4001.0,281738.4143669445
0.155,609.994262268097,12645.968211252151
0.155,2815.4173572136274,160639.19068819578
0.155,1183.9999999999998,37651.000000000015
0.155,3277.6035452751144,203935.2826560426
0.155,3680.506339414138,274484.09710423247
0.155,4001.0,380585.55790781113
0.155,4001.0,285538.11602656485
0.155,457.0,14094.999999999996
0.155,1268.2278975010759,42803.15684619536
0.155,391.5801322845683,10760.33270861083
0.155,1686.9999999999998,94622.99999999999
0.155,4001.0,275314.00000000006
0.155,4001.0,280237.71303484455
0.155,4001.0,306196.00000000006
0.155,4001.0,279791.99999999994
0.155,4001.0,277243.0
0.155,4001.0,316966.00000000006
0.155,1997.0000000000002,133596.00000000006
0.155,824.7241963226252,25775.693589116087
0.155,3596.002224693415,232749.144885647
0.155,4001.0,275615.99999999994
0.155,4001.0,331844.7307672673
0.155,1935.1837122092568,95356.74806221116
0.156,73.0,103.0
0.156,57.99999999999999,72.0
0.156,192.0,586.0
0.156,1084.9999999999998,45900.00000000001
0.156,240.0,761.9999999999999
0.156,268.0,593.0
0.156,4001.0,299254.00000000006
0.156,1567.9999999999998,65476.999999999985
0.156,66.0,103.0
0.156,156.0,337.0
0.156,600.0,4212.0
0.157,615.0000000000001,4713.0
0.157,108.0,114.99999999999999
0.157,28.000000000000004,30.0
0.157,86.0,143.0
0.157,227.0,356.99999999999994
0.157,84.0,143.0
0.157,179.0,296.0
0.157,367.0,741.0000000000001
0.157,89.0,288.99999999999994
0.157,112.99999999999999,194.0
0.157,75.0,100.0
0.157,83.0,103.0
0.157,98.0,103.0
0.157,74.0,117.0
0.158,216.0,537.0
0.158,77.0,107.0
0.158,80.0,86.0
0.158,1534.9999999999998,99012.99999999997
0.158,84.0,102.0
0.159,92.0,115.99999999999999
0.159,401.99999999999994,3961.9999999999995
0.159,1832.9999999999995,96994.0
0.159,391.0,4496.999999999999
0.159,154.0,231.99999999999997
0.159,905.9999999999999,7575.000000000003
0.159,626.0000000000001,19053.999999999993
0.159,104.42221985765289,120.22478945708326
0.159,89.0,101.0
0.159,88.0,93.0
0.159,119.53242237987148,354.7111500925789
0.159,60.0,97.0
0.16,196.0,684.9999999999999
0.16,970.9999999999999,10441.000000000002
0.16,277.0,1007.0
0.16,4001.0,358385.00000000023
0.16,711.0,9538.0
0.16,84.0,101.0
0.16,229.99999999999997,937.9999999999999
0.161,102.0,163.0
0.161,82.0,97.0
0.161,560.0,7162.0
0.161,1255.0000000000002,60199.999999999985
0.161,358.0,4207.000000000001
0.161,101.0,115.99999999999999
0.161,223.0,318.0
0.161,103.0,111.00000000000001
0.161,95.0,97.0
0.161,232.6542499074539,332.9444398094073
0.162,93.0,99.0
0.162,262.0,1541.0000000000002
0.162,266.0,2183.9999999999995
0.162,119.33147112141039,187.82971010998236
0.162,459.99999999999994,2593.0
0.162,81.0,151.0
0.162,103.0,112.00000000000001
0.162,2104.9999999999995,131877.0
0.162,87.0,165.0
0.162,273.0,634.9999999999999
0.163,233.0,337.0
0.163,145.0,581.9999999999999
0.163,93.0,105.0
0.163,81.0,91.0
0.163,100.0,160.0
0.163,617.0,34487.00000000001
0.163,1844.0000000000005,130785.99999999997
0.163,231.0,494.00000000000006
0.163,45.0,63.0
0.163,442.0,6971.000000000001
0.163,114.99999999999999,250.99999999999997
0.163,1524.9999999999998,52079.999999999985
0.163,75.0,89.0
0.163,128.49513609471762,231.49946004256682
0.163,470.0,3367.0
0.163,96.0,109.00000000000001
0.163,78.0,118.0
0.163,588.9999999999999,12618.000000000004
0.163,202.99999999999997,405.0
0.163,61.0,71.0
0.163,79.0,102.0
0.164,188.0,293.00000000000006
0.164,535.0,13397.999999999998
0.164,1160.0000000000002,30013.0
0.164,128.0,327.00000000000006
0.164,96.0,97.0
0.164,132.9059818066892,213.4713095476767
0.164,483.0,14142.000000000004
0.164,313.0,2620.0
0.165,637.0000000000001,10449.999999999998
0.165,93.0,149.0
0.165,85.0,111.00000000000001
0.165,210.6845983929533,792.0934288327354
0.165,149.0,297.0
0.165,105.0,112.00000000000001
0.165,163.0,211.0
0.165,368.00000000000006,2454.0
0.165,88.0,98.0
0.165,93.0,144.0
0.165,85.0,108.0
0.166,97.0,98.0
0.166,4001.0,281192.00000000006
0.166,88.0,92.0
0.166,68.0,76.0
0.166,288.99999999999994,1835.0000000000002
0.166,97.0,109.00000000000001
0.166,94.46692542895634,107.83320453366856
0.166,60.0,68.0
0.167,4001.0,279064.00000000006
0.167,298.01134665442663,1841.4879760381477
0.167,4001.0,278551.0000000001
0.167,3770.8823901044702,251725.46750577303
0.167,4001.0,274684.00000000006
0.167,227.3279569256716,2552.056817549328
0.167,4001.0,281822.0
0.167,2567.0,134444.99999999997
0.167,4001.0,289207.00000000006
0.167,4001.0,225743.42427632317
0.167,4001.0,289881.00000000006
0.167,4001.0,271571.0
0.167,4001.0,287665.9999999999
0.167,1161.950764836998,20920.40445054398
0.167,4001.0,244521.0000000001
0.167,4001.0,266907.0000000001
0.167,1207.563366000569,21115.070338373334
0.167,4001.0,302919.9999999999
0.167,1142.0709259936527,26891.406173720265
0.167,1663.9387007939927,52818.284712777255
0.167,1177.5492807120756,20057.29289751674
0.167,140.07141035914503,834.1726440012284
0.167,80.97530487747484,115.75836902790226
0.167,867.0,40276.000000000015
0.167,4001.0,265535.0
0.167,3324.0,229178.99999999994
0.167,50.0,96.0
0.167,2285.48730508488,131983.16728883603
0.167,4001.0,285121.0
0.167,1818.004867010573,90526.39043845983
0.167,4001.0,300385.08385071316
0.167,4001.0,285395.9999999999
0.167,4001.0,316428.99999999994
0.167,4001.0,255815.99999999988
0.167,517.0,9901.999999999998
0.167,92.0,216.0
0.167,4001.0,294055.00000000006
0.167,2388.942629674592,153754.66437903396
0.167,1327.907503980531,52051.95992706702
0.167,1752.931259348181,53608.49100655602
0.167,1195.0,74050.00000000001
0.167,3658.520783867194,260721.36262096543
0.167,4001.0,261991.00000000003
0.167,101.24722218411723,356.2049971575357
0.167,170.23513150933329,500.41582708783307
0.167,4001.0,265427.41455245356
0.167,4001.0,269470.0
0.167,1263.6979596639146,30045.447147393672
0.167,4001.0,286492.68285944045
0.167,1298.9476187740272,23431.963177605503
0.167,509.9656851200873,5504.277881793396
0.167,4001.0,268238.3378918829
0.167,1527.9999999999998,51012.999999999985
0.167,2831.420972187018,149147.06955603888
0.167,2066.172064470914,98581.9041508126
0.167,4001.0,280920.0
0.167,852.835299631392,22279.729898287147
0.167,2210.7575302261216,90671.76249016808
0.167,502.0587615010816,14655.256394891223
0.167,4001.0,292570.99999999994
0.167,4001.0,192380.0
0.167,4001.0,258546.0000000001
0.167,923.0,26409.000000000004
0.167,4001.0,278897.00000000006
0.167,2841.602708394733,119427.82628442599
0.167,4001.0,270264.99999999994
0.167,513.873525295865,11963.966608111206
0.167,4001.0,312261.0000000002
0.168,106.0,136.0
0.168,4001.0,251349.00000000006
0.168,64.0,95.0
0.168,107.0,149.0
0.168,95.49869109050657,108.47119433287347
0.168,130.0,320.0
0.168,811.9999999999999,11304.0
0.168,96.0,99.0
0.168,117.60952342391325,204.9146163649631
0.168,48.0,51.0
0.168,265.0,617.0
0.169,93.0,98.0
0.169,92.0,100.0
0.169,74.0,87.0
0.169,305.99999999999994,948.0
0.169,118.0,884.9999999999998
0.169,3086.0,333316.99999999994
0.169,148.14857407346182,278.5228895441091
0.169,89.0,99.0
0.169,82.0,89.0
0.169,100.0,112.00000000000001
0.169,1069.0,29120.0
0.169,59.0,60.0
0.169,70.0,85.0
0.169,289.08649224756243,427.40379034351105
0.17,104.0,109.00000000000001
0.17,66.0,89.0
0.17,230.0369535531194,1208.6711711627775
0.17,128.0,184.0
0.17,419.00000000000006,4110.000000000001
0.17,144.0,231.99999999999997
0.17,313.0,1493.0
0.17,78.0,112.00000000000001
0.17,104.0,305.99999999999994
0.17,4001.0,336619.9999999997
0.17,372.0,754.0000000000002
0.17,180.94750620000266,448.12498256624787
0.17,124.0,157.0
0.17,229.99999999999997,561.0
0.17,4001.0,320193.99999999977
0.17,92.0,97.0
0.17,119.0,373.0
0.17,96.0,156.0
0.17,615.0000000000001,28595.0
0.171,559.0,3968.000000000001
0.171,51.0,64.0
0.171,98.0,104.0
0.171,95.0,101.0
0.171,120.0,186.0
0.171,89.0,98.0
0.171,109.00000000000001,183.0
0.171,122.0,200.0
0.171,626.0000000000001,23202.0
0.171,44.0,66.0
0.171,93.0,106.0
0.171,611.0,70052.00000000001
0.172,177.0,517.0
0.172,73.0,87.0
0.172,450.0,9290.000000000004
0.172,223.0,525.0
0.172,298.0,1118.0000000000002
0.172,155.0,162.0
0.172,4001.0,264346.0
0.172,95.55103348473003,183.72533848111425
0.172,178.0,639.0
0.172,89.0,194.0
0.173,90.0,115.99999999999999
0.173,100.0,103.0
0.173,816.9999999999998,37843.999999999985
0.173,627.0,3376.0000000000005
0.173,208.4034548657963,428.2522621072771
0.173,78.0,81.0
0.173,67.0,104.0
0.173,197.0,248.0
0.173,79.0,94.0
0.173,65.0,85.0
0.173,75.0,95.0
0.173,521.0,6437.000000000002
0.173,1021.0000000000002,41517.99999999999
0.174,230.3041467277565,1227.116946342116
0.174,627.0,16264.000000000002
0.174,204.99999999999997,318.0
0.174,80.0,86.0
0.174,202.99999999999997,869.9999999999998
0.174,486.8326201067466,7426.184349987547
0.174,214.0,321.0
0.174,86.0,97.0
0.174,73.0,85.0
0.175,77.0,95.0
0.175,272.0,1872.0000000000002
0.175,4001.0,262791.0
0.175,170.0,298.0
0.175,282.0,1508.9999999999998
0.175,89.0,95.0
0.175,144.0,619.0
0.175,287.0,687.9999999999999
0.175,83.0,93.0
0.175,101.0,114.99999999999999
0.175,4001.0,445843.9999999999
0.175,147.0,197.0
0.175,92.0,106.0
0.175,67.0,85.0
0.175,91.0,95.0
0.175,97.0,109.00000000000001
0.176,193.0,2014.9999999999995
0.176,126.38829059687451,169.3398948859955
0.176,104.0,165.0
0.176,206.99999999999997,573.9999999999999
0.176,109.00000000000001,110.00000000000001
0.176,84.0,95.0
0.176,438.99999999999994,8097.0
0.176,340.0,1760.9999999999995
0.176,82.0,100.0
0.176,4001.0,367748.99999999977
0.176,79.0,104.0
0.177,258.0,1357.9999999999995
0.177,123.0,241.0
0.177,87.0,93.0
0.177,96.0,97.0
0.177,138.0,264.0
0.177,239.0,409.99999999999994
0.177,92.0,148.0
0.177,339.00000000000006,1747.0
0.177,313.0,1121.0
0.177,60.0,71.0
0.177,191.0,626.0000000000001
0.177,126.0,136.0
0.177,605.0,6378.999999999997
0.177,115.99999999999999,149.0
0.177,375.0,11976.999999999995
0.177,72.0,80.0
0.178,4001.0,298056.0
0.178,4001.0,271235.00000000006
0.178,4001.0,287905.0
0.178,1314.0,15978.000000000005
0.178,4001.0,269203.85111658415
0.178,4001.0,309778.99999999977
0.178,4001.0,307186.00000000023
0.178,62.0,98.0
0.178,64.0,451.00000000000006
0.178,4001.0,281512.5134874116
0.178,4001.0,302150.0000000001
0.178,426.9213090406045,4022.5665812682005
0.178,4001.0,269573.9999999998
0.178,1042.0000000000002,36778.999999999985
0.178,391.4671757490177,4018.8822911801644
0.178,3754.999999999999,246335.0000000001
0.178,2941.0,157858.00000000006
0.178,85.0,926.9999999999998
0.178,1953.7026385814195,57393.58201924671
0.178,4001.0,301437.99999999994
0.178,770.2272391963298,23134.621025640336
0.178,4001.0,263247.91292619955
0.178,4001.0,270481.2887258067
0.178,114.99999999999999,118.0
0.178,4001.0,273299.0
0.178,1475.483453188,62476.37688813185
0.178,2821.858367409082,164857.97835144753
0.178,4001.0,286199.00000000006
0.178,162.0,1496.0
0.178,4001.0,304479.0000000001
0.178,4001.0,249265.0000000001
0.178,4001.0,244471.0000000001
0.178,1067.8412803408564,10135.633921960674
0.178,194.93588689617926,773.3828288758419
0.178,4001.0,328207.9999999998
0.178,4001.0,269950.3943986745
0.178,4001.0,265012.00000000006
0.178,2473.1832912449995,104622.23107394745
0.178,4001.0,289475.00000000006
0.178,4001.0,327471.99999999977
0.178,4001.0,333790.0000000002
0.178,2754.0000000000005,124313.00000000006
0.178,4001.0,277987.66792791366
0.178,284.2947412843404,1812.1956172302785
0.178,222.4786361678499,530.9114730007644
0.178,1165.8896111121924,48048.51513154726
0.178,3270.2710896804874,152140.31300086126
0.178,409.9292621904419,3637.4106174585245
0.178,4001.0,274535.39933312795
0.178,4001.0,256123.6063622407
0.178,4001.0,290045.99999999994
0.178,509.9656851200873,11470.054620619732
0.178,3907.498606724898,252252.92037586073
0.178,4001.0,290024.47263291426
0.178,4001.0,279772.0
0.178,4001.0,292388.0
0.178,1653.3655986493272,50420.79905158624
0.178,3139.4698664495277,158925.66279420498
0.178,4001.0,274736.2101558333
0.178,4001.0,272471.0
0.178,4001.0,290009.6141923572
0.178,4001.0,292122.00000000006
0.178,4001.0,288823.2636936615
0.178,4001.0,288394.0
0.178,4001.0,342189.7217626501
0.178,1652.970353223279,44988.3606425475
0.178,576.8223296648631,5343.517942329753
0.178,4001.0,268691.99999999994
0.178,1681.9999999999998,69438.0
0.178,859.9312691013748,15011.001953935112
0.179,34.00000000000001,34.99999999999999
0.179,102.0,142.0
0.179,136.0,160.0
0.179,222.00000000000003,509.99999999999994
0.179,100.0,202.0
0.18,4001.0,286131.00000000006
0.18,118.0,384.00000000000006
0.18,83.0,188.0
0.18,157.0,381.99999999999994
0.18,168.0,258.0
0.18,154.0,198.0
0.18,179.0,521.0
0.18,67.0,88.0
0.18,125.0,204.0
0.18,273.0,2085.0000000000005
0.18,78.0,89.0
0.18,214.0,347.0
0.181,248.0,749.9999999999999
0.181,490.00000000000006,2100.0
0.181,60.0,92.0
0.181,78.0,104.0
0.181,102.0,156.0
0.181,82.0,113.99999999999999
0.181,140.0,1171.0
0.181,77.0,99.0
0.182,939.0,18826.0
0.182,176.0,254.0
0.182,81.0,82.0
0.182,120.0,250.0
0.182,4001.0,265051.99999999994
0.182,75.0,106.0
0.182,112.99999999999999,125.0
0.182,152.0,350.99999999999994
0.182,214.0,356.0
0.183,162.0,214.0
0.183,108.0,112.00000000000001
0.183,183.0,886.0000000000001
0.183,221.0,548.0
0.183,178.0,418.0
0.183,187.0,398.0
0.183,142.0,258.0
0.183,317.0,694.0
0.183,95.0,112.00000000000001
0.183,158.0,359.99999999999994
0.183,80.0,105.0
0.183,93.0,100.0
0.183,141.0,172.0
0.183,77.0,121.0
0.183,102.0,158.0
0.183,176.0,587.0000000000001
0.183,189.0,1905.9999999999995
0.183,334.0,836.0000000000001
0.184,209.0,333.00000000000006
0.184,689.0,24732.000000000004
0.184,97.0,211.0
0.184,87.46427842267951,94.46692542895634
0.184,248.0,3118.000000000001
0.184,92.0,97.0
0.184,117.0,185.0
0.184,222.00000000000003,1215.9999999999998
0.184,182.0,325.0
0.184,186.0,322.99999999999994
0.185,175.0,476.99999999999994
0.185,54.0,79.0
0.185,83.0,85.0
0.185,133.0,275.0
0.185,267.0,367.0
0.185,68.0,147.0
0.185,245.00000000000003,343.0
0.185,202.99999999999997,296.0
0.185,193.0,1163.0
0.186,2905.0000000000005,189029.99999999994
0.186,61.0,64.0
0.186,408.0,1476.9999999999998
0.186,453.0,1732.0
0.186,131.0,220.00000000000003
0.186,75.0,102.0
0.186,89.0,97.0
0.186,79.0,103.0
0.186,172.0,301.0
0.186,88.0,104.0
0.186,91.0,99.0
0.186,133.0,321.0
0.186,95.0,99.0
0.186,158.0,185.0
0.187,4001.0,363999.9999999997
0.187,2208.0,131544.99999999997
0.187,202.98275788844728,383.74991856676655
0.187,111.00000000000001,161.0
0.187,295.0,553.9999999999999
0.187,238.0,567.0000000000001
0.187,84.0,107.0
0.187,195.0,917.9999999999998
0.187,362.99999999999994,1056.0
0.187,90.0,147.0
0.187,99.0,160.0
0.187,160.0,333.00000000000006
0.187,275.99999999999994,977.0
0.187,70.0,81.0
0.188,313.0,1250.0000000000002
0.188,206.0,545.0
0.188,85.0,103.0
0.188,84.0,90.0
0.188,102.0,107.0
0.188,84.0,95.0
0.188,104.0,164.0
0.188,135.0,147.0
0.188,627.0,6101.000000000001
0.188,161.0,353.0
0.189,578.9999999999999,12771.999999999998
0.189,627.0,5530.0
0.189,79.0,93.0
0.189,189.0,533.0
0.189,4001.0,288061.99999999994
0.189,112.99999999999999,131.0
0.189,202.0,359.0
0.189,130.0,154.0
0.189,89.0,101.0
0.19,4001.0,266284.0000000001
0.19,4001.0,286157.0
0.19,4001.0,282310.0
0.19,4001.0,254927.0000000001
0.19,482.0,21250.000000000007
0.19,217.0,2883.0
0.19,283.0,1559.0000000000002
0.19,1032.0,17286.0
0.19,2900.0175861535736,117363.19209615933
0.19,4001.0,296342.0
0.19,1217.0000000000002,60894.000000000015
0.19,1239.7476606712971,39002.47970334961
0.19,1612.6530935077135,48861.532415592505
0.19,1748.9999999999995,79999.0
0.19,4001.0,285950.6226431409
0.19,1220.5386965273274,44612.4131292958
0.19,4001.0,268229.17295477015
0.19,931.7816267774331,34131.457865142525
0.19,4001.0,254806.99999999997
0.19,4001.0,304847.5311725521
0.19,1656.2706719147677,55230.427428391136
0.19,923.2058390114606,13144.932102548344
0.19,1086.7732054113224,20241.594551813356
0.19,4001.0,257526.7756739092
0.19,4001.0,277100.0
0.19,244.0,1036.9999999999998
0.19,4001.0,286348.4630398742
0.19,1750.6473088546422,68190.21495786622
0.19,4001.0,255272.8554131498
0.19,4001.0,296202.0000000001
0.19,1581.336460086847,77379.53699783944
0.19,4001.0,276504.0
0.19,93.0,97.0
0.19,4001.0,285764.00000000006
0.19,4001.0,252198.0
0.19,272.0937338492014,2525.0916815038618
0.19,4001.0,260250.5472731999
0.19,4001.0,273824.00000000006
0.19,4001.0,290180.0
0.19,65.0,687.9999999999999
0.19,4001.0,252320.00000000006
0.19,1633.9628232606262,50311.53492866516
0.19,4001.0,260889.99999999997
0.19,4001.0,298478.0
0.19,1882.5084329160393,41505.28008579149
0.19,4001.0,260930.8183024765
0.19,4001.0,269261.9999999999
0.19,4001.0,257002.0985128332
0.19,4001.0,359715.26576168556
0.19,819.0,9264.000000000004
0.19,2307.667870383431,113075.26466915742
0.19,1547.2427955380201,48898.65733779287
0.19,4001.0,315140.00000000006
0.19,2810.0,178128.00000000003
0.19,1199.775803023112,32112.9418443302
0.19,4001.0,284521.6815109603
0.19,250.6571363436517,4567.803848678269
0.19,156.03525242713582,1060.5470286602097
0.19,91.0,138.0
0.19,2588.94085105218,120333.19825244401
0.19,4001.0,243124.9999999999
0.19,721.1089634245843,18604.758662367847
0.19,1427.0101572725869,50852.04124422502
0.19,1549.4838031575728,35986.85825389866
0.19,4001.0,254425.0
0.19,665.0,35663.0
0.19,2055.0000000000005,64336.99999999998
0.191,305.0,1126.9999999999998
0.191,82.0,104.0
0.191,104.03845442911962,115.41230437002807
0.191,495.0,8598.000000000002
0.191,313.0,1363.9999999999998
0.191,121.0,274.0
0.191,75.0,79.0
0.191,40.0,57.99999999999999
0.191,195.0,493.0
0.191,249.00000000000003,503.0
0.192,4001.0,303790.0000000001
0.192,95.0,103.0
0.192,106.0,152.0
0.192,81.0,112.00000000000001
0.192,97.0,151.0
0.192,91.0,111.00000000000001
0.192,66.0,73.0
0.192,84.0,94.0
0.192,117.0,131.0
0.193,106.0,237.0
0.193,137.0,358.0
0.193,102.0,159.0
0.193,243.00000000000003,1272.9999999999998
0.193,1208.9999999999998,20549.000000000007
0.193,88.0,100.0
0.193,3453.0,188148.00000000006
0.193,102.0,211.0
0.193,173.0,450.0
0.193,93.0,94.0
0.193,88.0,197.0
0.193,181.0,501.99999999999994
0.193,821.0000000000001,5153.0
0.193,80.0,92.0
0.194,89.0,103.0
0.194,849.0,7522.000000000001
0.194,85.0,153.0
0.194,132.0,155.0
0.194,216.0,257.0
0.194,92.0,98.0
0.194,145.0,346.0
0.194,126.0,161.0
0.194,158.0,259.0
0.194,364.00000000000006,3561.999999999999
0.194,81.0,85.0
0.194,393.0,1734.0000000000005
0.194,359.99999999999994,2137.0000000000005
0.194,90.0,91.0
0.194,3767.0,235432.99999999994
0.194,102.3523326553919,161.245154965971
0.194,259.0,701.0
0.194,319.0,1017.9999999999998
0.194,4001.0,248214.99999999997
0.194,213.0,250.99999999999997
0.194,950.0000000000002,14928.0
0.195,165.0,277.0
0.195,135.0,176.0
0.195,531.0,18056.000000000007
0.195,71.0,99.0
0.195,125.0,277.99999999999994
0.195,343.0,3157.0
0.195,77.0,98.0
0.195,555.0,9558.999999999998
0.195,99.0,139.0
0.195,68.0,101.0
0.195,209.0,629.0
0.195,238.0,311.0
0.195,265.0,886.9999999999998
0.195,146.0,169.0
0.196,91.0,92.0
0.196,85.0,106.0
0.196,95.0,98.0
0.196,90.49861877399013,140.0
0.196,608.0,5787.999999999999
0.196,239.0,386.99999999999994
0.196,4001.0,367441.99999999994
0.196,4001.0,263088.0
0.196,154.0,302.0
0.197,532.0,2148.0
0.197,80.0,84.0
0.197,474.0,2538.9999999999995
0.197,74.0,81.0
0.197,85.0,101.0
0.197,225.0,1077.0000000000002
0.197,648.9999999999999,58134.99999999999
0.197,87.0,99.0
0.197,106.0,166.0
0.197,108.0,231.99999999999997
0.197,112.00000000000001,137.0
0.197,100.0,110.00000000000001
0.198,81.0,96.0
0.198,100.0,143.0
0.198,63.0,102.0
0.198,80.0,97.0
0.198,263.0,345.0
0.198,163.0,407.0
0.198,100.0,168.0
0.198,4001.0,334413.9999999997
0.198,4001.0,276859.9999999999
0.198,4001.0,363049.9999999999
0.199,197.0,474.0
0.199,79.0,136.0
0.199,112.99999999999999,144.0
0.199,305.99999999999994,1383.0
0.199,204.99999999999997,304.0
0.199,78.0,89.0
0.199,783.9999999999998,17253.000000000007
0.199,81.0,100.0
0.199,1994.0000000000002,216930.99999999994
0.199,597.0,4557.999999999999
0.199,119.0,1344.0000000000002
0.2,217.0,383.00000000000006
0.2,102.0,111.00000000000001
0.2,488.0,3959.9999999999995
0.2,96.0,106.0
0.2,85.0,97.0
0.2,141.3930691370691,774.0897880737091
0.2,40.0,46.0
0.2,200.99999999999997,348.0
0.2,4001.0,379800.9999999999
0.2,200.99999999999997,384.00000000000006
0.2,313.0,1000.9999999999998
0.2,170.0,401.99999999999994
0.2,146.0,150.0
0.201,620.0000000000001,8645.999999999998
0.201,109.53994705129266,146.92174787961105
0.201,80.0,104.0
0.201,87.0,100.0
0.201,90.0,134.0
0.201,83.0,95.0
0.201,523.0,10857.999999999996
0.201,206.47033685253678,419.4329505415616
0.201,170.0,492.0
0.201,92.0,111.00000000000001
0.201,259.0,4178.0
0.201,88.0,112.00000000000001
0.201,345.0,2987.000000000001
0.202,1812.5639895093811,76973.34491455318
0.202,672.9368469626255,13004.656819770373
0.202,678.0,12381.999999999996
0.202,289.32667374931026,4185.914521451443
0.202,4001.0,269259.38161185785
0.202,3847.557666884278,241800.91767815925
0.202,4001.0,287088.3809753317
0.202,1630.9305375866945,60589.66507716632
0.202,2562.400046831095,82068.9713594608
0.202,3138.5445671521056,231492.33044530865
0.202,101.19782606360673,181.98901065723723
0.202,4001.0,282057.0000000001
0.202,117.0,417.0
0.202,1250.647755754994,31195.24803871803
0.202,785.6402474115841,9902.714459795694
0.202,2641.0,132394.00000000003
0.202,565.7561312084916,5104.392814037727
0.202,1379.0000000000002,47203.00000000002
0.202,95.43584232352119,459.8434516223972
0.202,69.0,297.0
0.202,453.7840896285369,4013.4966052059895
0.202,2650.0,157128.00000000003
0.202,4001.0,265102.00000000006
0.202,2025.9999999999998,88454.99999999996
0.202,941.0937572300902,21904.047462389037
0.202,4001.0,296559.85223391256
0.202,4001.0,281016.0000000001
0.202,1508.8303416885547,57439.47728696703
0.202,4001.0,284174.00000000006
0.202,1115.486889210268,28562.26125501972
0.202,4001.0,304565.9999999998
0.202,1845.2238346607164,68365.96776174527
0.202,4001.0,282797.00000000006
0.202,4001.0,243289.0000000001
0.202,4001.0,277642.86730258336
0.202,2660.2031793092974,110836.4785656765
0.202,600.1599786723536,11436.30587208999
0.202,3715.9999999999995,202440.00000000003
0.202,657.349222255568,17698.63271555179
0.202,1103.0,47786.00000000002
0.202,4001.0,346678.9999999999
0.202,240.0,2672.9999999999995
0.202,239.0,1003.9999999999998
0.202,135.3994091567611,457.8023591027027
0.202,53.0,89.0
0.202,444.04391674698127,4621.350451978295
0.202,1745.9999999999998,77770.00000000003
0.202,4001.0,257559.4384215029
0.202,2955.3651212667446,159851.9260315621
0.202,1699.4952191753882,58012.82532337135
0.202,1948.5761468313215,63652.97576704484
0.202,4001.0,292040.9999999999
0.202,4001.0,300917.04184043803
0.202,376.0106381473801,4314.210124692582
0.202,4001.0,275576.00000000006
0.202,1564.8552645089055,40677.343961979954
0.202,4001.0,275543.0
0.202,2157.0000000000005,79376.00000000003
0.202,1875.005457207478,58840.91966542334
0.202,4001.0,281322.00000000006
0.202,4001.0,260820.9999999999
0.202,195.0,689.0
0.202,504.24549067011037,6022.5758713542455
0.202,1145.9218103847732,21608.159858867075
0.202,1483.6191260577107,55438.46089895548
0.203,66.0,148.0
0.203,667.9999999999999,9180.0
0.203,587.0000000000001,15313.999999999998
0.203,1875.0,83654.99999999996
0.203,170.0,259.0
0.203,131.0,138.0
0.203,106.0,109.00000000000001
0.203,82.0,99.0
0.203,261.0,347.0
0.203,93.0,97.0
0.203,184.0,742.0
0.203,122.0,176.0
0.204,92.0,110.00000000000001
0.204,126.0,202.0
0.204,585.0,15203.999999999993
0.204,947.0000000000001,49348.00000000002
0.204,111.00000000000001,114.99999999999999
0.204,96.0,196.0
0.204,174.0,215.0
0.204,211.0,262.0
0.204,202.0,462.0
0.204,149.0,166.0
0.204,87.0,96.0
0.204,830.9999999999999,17931.99999999999
0.204,1390.1377629573265,28704.04138793004
0.204,214.0,469.00000000000006
0.204,103.0,128.0
0.205,159.0,197.0
0.205,174.0,388.0
0.205,90.0,154.0
0.205,95.0,101.0
0.205,94.0,97.0
0.205,109.00000000000001,153.0
0.205,127.0,194.0
0.205,4001.0,310499.99999999977
0.205,337.99999999999994,3939.999999999999
0.205,902.0,23637.000000000007
0.205,113.99999999999999,337.99999999999994
0.205,108.0,128.0
0.205,2325.0000000000005,101697.99999999999
0.206,91.14776941592638,112.99271626636111
0.206,89.0,107.0
0.206,182.0,648.0
0.206,480.99999999999994,5978.0
0.206,103.0,111.00000000000001
0.206,200.0,457.0
0.206,99.0,103.0
0.206,433.0,10928.0
0.206,90.0,142.0
0.207,102.2985825903761,143.98611044125053
0.207,274.0,3003.9999999999995
0.207,627.0,12123.999999999996
0.207,92.0,126.0
0.207,111.00000000000001,112.00000000000001
0.207,90.0,107.0
0.207,67.0,92.0
0.207,79.0,103.0
0.207,98.0,102.0
0.207,126.0,157.0
0.208,167.63054614240212,252.4995049500097
0.208,95.0,393.0
0.208,113.57816691600546,176.53328298085887
0.208,100.0,108.0
0.208,710.0183096230688,7370.40989362193
0.208,155.49276510500417,361.805196203703
0.208,95.0,151.0
0.208,125.0,148.0
0.208,473.00000000000006,3698.0000000000005
0.208,129.4526940623485,188.21264569629744
0.208,215.0,1752.9999999999998
0.209,182.0,346.0
0.209,118.0,204.99999999999997
0.209,179.0,982.9999999999998
0.209,176.0,204.99999999999997
0.209,101.0,110.00000000000001
0.209,1090.0,42390.000000000015
0.21,1301.0000000000002,88283.99999999997
0.21,300.00000000000006,603.0
0.21,89.0,104.0
0.21,220.00000000000003,505.0
0.21,112.00000000000001,193.0
0.21,126.0,157.0
0.21,87.0,108.0
0.211,315.0,3199.0000000000005
0.211,121.0,225.99999999999997
0.211,127.0,166.0
0.211,93.91485505499116,218.23611066915575
0.211,56.99999999999999,86.0
0.211,108.0,144.0
0.211,126.0,142.0
0.211,131.0,204.0
0.211,4001.0,315983.99999999977
0.211,76.0,105.0
0.211,89.0,99.0
0.211,158.0,272.0
0.211,86.0,99.0
0.211,405.99999999999994,2247.9999999999995
0.212,430.0,7287.0
0.212,229.99999999999997,17868.000000000007
0.212,351.99999999999994,6120.999999999999
0.212,200.0,620.0000000000001
0.212,525.0,15327.000000000004
0.212,94.0,98.0
0.212,90.0,111.00000000000001
0.212,127.89057822998532,225.9579606918066
0.212,114.99999999999999,191.0
0.212,89.1852005660132,94.7417542586161
0.212,686.0,3726.0
0.212,423.00000000000006,4759.0
0.213,1616.6817868708733,32951.14193772347
0.213,552.4997737556097,7956.618125811992
0.213,2786.0000000000005,82504.00000000003
0.213,3110.0,279254.00000000006
0.213,2760.145829480755,126857.97293430155
0.213,4001.0,286169.0000000001
0.213,4001.0,260090.0000000001
0.213,80.0,147.0
0.213,4001.0,287210.65478843247
0.213,782.1201953664157,12014.96067409295
0.213,736.6410251947688,17065.389096062238
0.213,1646.3517242679338,62362.69719151022
0.213,4001.0,341700.3461323971
0.213,377.99999999999994,3155.999999999999
0.213,4001.0,265169.0000000001
0.213,1724.735017606379,54045.29752406351
0.213,310.38150394513343,3088.860995563456
0.213,2342.940887005048,128833.2753755799
0.213,1139.0000000000002,27157.0
0.213,2824.7493617613604,146025.83833266314
0.213,4001.0,295351.92932330735
0.213,1438.1829860061043,33770.47343524795
0.213,4001.0,268664.99999999994
0.213,902.1042068408728,15206.997336752578
0.213,141.0,1932.0000000000005
0.213,4001.0,348728.55567082076
0.213,282.98409849318386,1405.4742971680412
0.213,1611.0000000000002,54827.00000000001
0.213,655.0,6362.0
0.213,469.0159911985943,10020.348646629025
0.213,330.0,3885.0
0.213,4001.0,186468.00000000003
0.213,2190.0,96984.99999999999
0.213,1827.7951198096573,56768.817496932206
0.213,4001.0,291701.0
0.213,465.3084998149077,12017.709265912536
0.213,2848.999999999999,102267.99999999996
0.213,4001.0,225880.00000000012
0.213,127.67928571228772,615.0756051088354
0.213,1556.483761404789,51167.744165383134
0.213,145.0,196.0
0.213,59.0,544.0
0.213,3081.943218166097,160796.42392167813
0.213,4001.0,251271.99999999997
0.213,93.0,150.0
0.213,620.6313893986384,7592.605653828453
0.213,598.2307247208221,5205.542046703685
0.213,1442.4626944848046,45407.66062022025
0.213,4001.0,292120.99999999994
0.213,1356.9999999999998,12718.999999999996
0.213,4001.0,285107.00000000006
0.213,502.26339991451977,14062.64020069136
0.213,4001.0,246117.0000000001
0.213,1507.5038971757251,59886.48519490854
0.213,1131.5122624169833,26347.427616372734
0.213,4001.0,273351.4231911573
0.213,1336.0000000000002,69971.00000000001
0.213,1007.5943610142517,21334.430426719817
0.213,4001.0,294393.0000000001
0.213,2092.0,54541.00000000001
0.213,489.95918197335584,9784.851710680136
0.213,2648.3491084069706,80016.10107972017
0.213,614.1101281874675,5666.0344153346305
0.213,4001.0,246850.00000000006
0.214,409.0,4464.000000000001
0.214,78.0,190.0
0.214,466.0000000000001,13104.999999999998
0.214,4001.0,350473.0
0.214,311.0,1501.9999999999995
0.214,155.0,288.0
0.214,946.0000000000002,23977.999999999996
0.214,4001.0,266157.00000000006
0.214,84.0,243.00000000000003
0.214,194.0,233.0
0.214,106.0,257.0
0.215,142.0,442.0
0.215,851.0,31675.00000000001
0.215,88.0,245.00000000000003
0.215,96.0,101.0
0.215,74.0,144.0
0.215,279.4190401529574,1064.200638977444
0.215,77.0,144.0
0.215,90.0,100.0
0.215,145.0,322.99999999999994
0.215,80.0,85.0
0.215,78.0,100.0
0.215,229.99999999999997,678.0
0.215,147.0,167.0
0.215,93.0,108.0
0.215,92.0,267.0
0.216,2285.9999999999995,106068.99999999999
0.216,65.0,81.0
0.216,130.0,224.00000000000003
0.216,91.0,110.00000000000001
0.216,138.0,250.99999999999997
0.216,458.0,2249.9999999999995
0.216,147.0,167.0
0.216,82.0,83.0
0.216,353.0,2277.9999999999995
0.216,300.00000000000006,867.0
0.216,89.0,108.0
0.216,81.0,151.0
0.216,98.0,107.0
0.217,168.17253045607657,442.6330308506133
0.217,118.0,153.0
0.217,158.0,912.0000000000001
0.217,156.0,200.99999999999997
0.217,146.0,580.0
0.217,84.0,91.0
0.217,302.0,708.0000000000001
0.217,159.0,187.0
0.217,1022.0000000000001,37857.999999999985
0.217,66.0,87.0
0.217,138.0,156.0
0.217,38.0,51.0
0.217,216.0,499.0
0.217,1361.0,58817.00000000001
0.218,86.0,105.0
0.218,83.0,90.0
0.218,102.0,141.0
0.218,109.39835464941876,125.61050911448453
0.218,313.0,4487.0
0.218,81.0,140.0
0.219,131.0,238.0
0.219,88.0,215.0
0.219,117.0,351.99999999999994
0.219,90.0,97.0
0.219,144.0,418.0
0.219,134.0,200.99999999999997
0.219,4001.0,285189.00000000006
0.219,102.0,106.0
0.219,150.0,163.0
0.219,102.0,107.0
0.219,168.0,342.00000000000006
0.22,104.0,170.0
0.22,75.0,104.0
0.22,145.0,152.0
0.22,98.0,103.0
0.22,96.0,108.0
0.22,144.0,347.0
0.22,91.86402995732334,111.31037687475502
0.22,4001.0,237223.00000000006
0.22,114.01754250991381,144.95516548229662
0.22,4001.0,267966.0
0.22,319.0,2300.0
0.22,941.0,12602.999999999998
0.22,84.0,103.0
0.22,86.0,90.0
0.221,298.0,1291.0
0.221,100.0,101.0
0.221,864.0,11003.999999999998
0.221,102.0,130.0
0.221,57.99999999999999,64.0
0.222,86.0,89.0
0.222,144.0,250.0
0.222,86.0,89.0
0.222,97.42689567054879,125.49900398011134
0.222,115.99999999999999,193.0
0.222,381.0,1017.9999999999998
0.222,243.00000000000003,657.0
0.222,373.0,1791.0
0.222,711.0,23733.000000000007
0.223,529.2164018622249,6373.984625020676
0.223,358.0,1637.0
0.223,109.00000000000001,112.00000000000001
0.223,85.07643622061282,89.26365441768559
0.223,133.0,209.0
0.223,1038.0,37271.0
0.223,257.0,450.0
0.223,79.0,206.0
0.223,455.00000000000006,6137.000000000001
0.223,132.0,231.99999999999997
0.223,161.33815419794536,455.5919226676434
0.223,377.99999999999994,2163.0000000000005
0.223,158.0,286.0
0.223,96.0,113.99999999999999
0.223,1728.0,148461.0
0.224,2856.9999999999995,148947.00000000006
0.224,150.0,247.00000000000003
0.224,85.0,132.0
0.224,139.0,234.0
0.224,94.0,107.0
0.224,981.9999999999999,12785.999999999998
0.224,4001.0,292815.99999999994
0.224,99.0,110.00000000000001
0.224,89.0,94.0
0.224,257.0,880.0000000000001
0.224,112.4633273560764,217.20957621615122
0.224,389.0,4046.0
0.224,235.0,1852.9999999999998
0.225,68.0,202.99999999999997
0.225,1847.0,89224.99999999997
0.225,4001.0,280794.00000000006
0.225,340.0,5691.000000000001
0.225,2654.0000000000005,112215.00000000003
0.225,4001.0,245328.00000000003
0.225,2587.213365766341,111368.48910261824
0.225,1145.9218103847732,19055.5741466912
0.225,491.21401592915055,6428.227132697336
0.225,1113.9591573825144,22255.48102078644
0.225,799.9999999999998,89270.99999999997
0.225,3379.9999999999995,204735.99999999994
0.225,1065.4717265136603,59709.01047580671
0.225,100.0,112.00000000000001
0.225,3629.2274660043004,215218.509466542
0.225,2654.3852395611298,134715.38955887713
0.225,722.0,7962.000000000004
0.225,4001.0,262674.99999999994
0.225,547.170905659283,7207.30497481548
0.225,1277.9999999999998,35671.00000000001
0.225,596.08724193695,4568.324638201624
0.225,4001.0,293349.6987351443
0.225,1293.220012217565,45129.835463914605
0.225,3170.030151935505,160838.4106807239
0.225,66.0,643.0
0.225,391.0,3647.999999999999
0.225,4001.0,255940.99999999988
0.225,3165.0000000000005,173280.00000000003
0.225,1471.416962660528,44886.021107715795
0.225,4001.0,270934.0000000001
0.225,4001.0,255281.9999999999
0.225,1398.2055776665816,26734.663085865526
0.225,485.8590330538272,7545.940895607384
0.225,1059.0000000000002,31521.999999999996
0.225,779.0,6806.000000000002
0.225,227.99999999999997,1678.0000000000005
0.225,431.2023765936409,4834.066865232029
0.225,4001.0,274390.0000000001
0.225,404.0,9933.999999999998
0.225,572.2726622860819,4639.079650103024
0.225,2097.8229502025365,74401.90080664317
0.225,79.0,86.0
0.225,596.0,11188.000000000002
0.225,257.2353008434107,1939.4205320146536
0.225,782.0325784488294,17447.27175828047
0.225,134.0,411.00000000000006
0.225,3220.0000000000005,108157.00000000004
0.225,4001.0,276070.9999999999
0.225,4001.0,266082.9999999999
0.225,333.00000000000006,3008.999999999999
0.225,4001.0,294979.0
0.225,3290.3960247970153,127019.9828530928
0.225,2206.9999999999995,144670.00000000003
0.225,1382.0,44444.0
0.225,1344.0000000000002,30537.99999999999
0.225,82.0,106.0
0.225,1872.0000000000002,63541.99999999999
0.225,4001.0,292738.0000000001
0.225,120.63581557729859,412.0388331213456
0.225,767.0539022568814,15618.124859512483
0.225,442.0,11916.999999999996
0.225,159.0,374.0
0.225,2608.0069018313584,110409.65100479216
0.226,82.0,150.0
0.226,123.0,348.0
0.226,322.99999999999994,1300.0
0.226,108.0,115.99999999999999
0.226,123.0,159.0
0.226,135.0,1225.0000000000002
0.226,131.0,157.0
0.226,162.0,191.0
0.226,101.0,211.0
0.226,132.0,164.0
0.226,160.0,428.0
0.226,99.0,100.0
0.226,632.0,16553.999999999996
0.227,87.0,103.0
0.227,4001.0,262016.0
0.227,90.0,99.0
0.227,492.0,4256.999999999999
0.227,50.0,56.00000000000001
0.227,78.0,85.0
0.227,168.0,204.0
0.227,146.0,320.0
0.227,102.0,108.0
0.227,91.0,177.0
0.227,4001.0,302187.9999999998
0.227,183.0,215.0
0.227,81.0,107.0
0.227,108.36050941187014,140.96808149364875
0.228,186.0,336.0
0.228,109.00000000000001,206.99999999999997
0.228,80.0,83.0
0.228,84.0,87.0
0.228,157.0,236.0
0.228,442.0,1628.0000000000005
0.228,120.0,192.0
0.228,82.0,129.0
0.228,71.0,89.0
0.228,2635.0000000000005,150866.99999999997
0.229,93.0,156.0
0.229,93.48796714016194,138.47743498491008
0.229,87.0,105.0
0.229,497.0,5298.0
0.229,85.0,90.0
0.229,94.0,101.0
0.229,212.0,958.9999999999998
0.229,84.0,90.0
0.229,44.0,56.00000000000001
0.229,188.0,1026.0
0.229,119.2644121270046,465.5920961528449
0.229,348.0,4336.0
0.23,336.0,1948.9999999999998
0.23,114.99999999999999,250.99999999999997
0.23,70.0,76.0
0.23,98.0,104.0
0.23,184.0,459.99999999999994
0.23,89.0,94.0
0.231,295.0,1456.9999999999998
0.231,3303.999999999999,157634.99999999994
0.231,100.0,106.0
0.231,161.0,351.99999999999994
0.231,149.0,383.00000000000006
0.231,162.0,455.00000000000006
0.231,98.0,103.0
0.231,277.99999999999994,598.0
0.231,224.00000000000003,492.0
0.231,129.1665591397402,501.64130611423934
0.231,89.64373932405988,97.34474818910365
0.231,684.7992406537846,8111.974174022003
0.231,95.0,102.0
0.231,191.0,493.0
0.231,114.99999999999999,140.0
0.231,94.0,142.0
0.231,1303.9999999999998,14059.000000000005
0.232,133.0,220.00000000000003
0.232,44.0,63.0
0.232,83.0,106.0
0.232,90.0,221.0
0.232,537.0,17375.999999999996
0.232,84.0,106.0
0.232,96.0,99.0
0.232,4001.0,272277.0
0.232,141.0,249.00000000000003
0.232,1883.0000000000002,134122.00000000006
0.232,148.0,802.9999999999999
0.232,150.0,385.0
0.232,296.0,1142.0
0.232,579.7275222033192,4964.241936086516
0.232,97.0,148.0
0.232,85.0,154.0
0.232,79.0,82.0
0.233,94.0,106.0
0.233,84.0,88.0
0.233,93.0,111.00000000000001
0.233,120.0,518.0
0.233,539.0,3286.999999999999
0.233,277.99999999999994,2992.0000000000005
0.233,177.0,225.0
0.233,474.0,1814.0000000000005
0.233,933.9999999999998,32758.999999999985
0.233,78.0,138.0
0.234,242.0,2380.9999999999995
0.234,194.0,520.0
0.234,90.0,91.0
0.234,77.0,82.0
0.234,4001.0,297312.00000000006
0.234,61.0,69.0
0.234,313.0,814.0
0.234,183.0,248.0
0.234,345.0,782.0000000000001
0.234,198.0,236.0
0.234,59.0,86.0
0.235,163.0,365.0
0.235,126.0,163.0
0.235,77.0,98.0
0.235,138.0,155.0
0.235,79.0,89.0
0.235,294.0,1650.0
0.235,826.0,7309.000000000002
0.235,65.0,93.0
0.235,140.0,281.0
0.235,66.0,84.0
0.235,104.0,107.0
0.236,480.0,12872.000000000004
0.236,84.0,100.0
0.236,320.0,606.0
0.236,102.0,347.0
0.236,83.0,85.0
0.236,94.0,102.0
0.236,153.0,266.0
0.236,95.49869109050657,113.96051947933547
0.236,76.0,89.0
0.236,86.0,94.0
0.236,102.0,110.00000000000001
0.236,549.0,5140.000000000001
0.236,594.9999999999999,16448.999999999996
0.236,50.0,63.0
0.236,97.0,213.0
0.237,839.0,12304.000000000004
0.237,1022.0000000000001,11566.000000000002
0.237,126.0,1541.0000000000002
0.237,4001.0,301663.00000000023
0.237,580.9999999999999,12511.000000000002
0.237,1365.0000000000002,52781.99999999999
0.237,1192.0163649353033,19044.67045980932
0.237,58.606788653896146,332.28226346210124
0.237,657.349222255568,6100.634803034847
0.237,238.0,327.00000000000006
0.237,903.4400920924419,32405.331166337448
0.237,558.0,6578.999999999999
0.237,641.9524904539277,6449.446953034037
0.237,2871.5955495159824,148778.6472985959
0.237,1732.2673003898678,45509.42339779752
0.237,92.19544457292888,418.94152336573177
0.237,475.0,6648.000000000002
0.237,4001.0,265217.00000000006
0.237,103.0,119.0
0.237,127.83974342902916,315.892386739535
0.237,3153.0000000000005,194730.00000000006
0.237,2036.6216158098766,91254.10855600036
0.237,4001.0,308390.00000000006
0.237,1044.0000000000002,17321.999999999996
0.237,4001.0,263941.0
0.237,1572.4560407210117,57305.895909583305
0.237,4001.0,250792.00000000006
0.237,684.8302810034728,12725.128398970486
0.237,2209.0000000000005,124459.00000000001
0.237,637.0000000000001,6554.999999999998
0.237,4001.0,245135.99999999997
0.237,4001.0,262458.0
0.237,359.0,5192.000000000001
0.237,4001.0,243251.9999999999
0.237,459.8492007272348,6778.897167496431
0.237,4001.0,265797.0
0.237,995.6136113936251,25334.62443856174
0.237,2078.0,48882.99999999998
0.237,209.0,2283.0
0.237,4001.0,239416.0
0.237,4001.0,273669.6961228992
0.237,802.5964116540765,26653.035699522097
0.237,2453.8755062146083,107045.42727272375
0.237,447.26949370597583,3634.5178497291768
0.237,2406.1269708807977,118978.87173780054
0.237,4001.0,253072.42939127123
0.237,4001.0,239146.0
0.237,3736.0,180322.99999999994
0.237,535.8357957434348,28374.282405023023
0.237,4001.0,266759.00000000006
0.237,988.7179126784146,22248.75423623843
0.237,487.0,9584.999999999998
0.237,4001.0,239678.00000000006
0.237,4001.0,248311.4286536163
0.237,919.9999999999999,24141.00000000001
0.237,788.0000000000001,21059.999999999996
0.237,3776.9999999999995,222097.9999999999
0.237,1202.0000000000002,29472.000000000004
0.237,814.9638028771584,8991.985598298077
0.237,797.8429757434158,18945.943432795248
0.237,153.0,1592.0000000000002
0.237,578.0506953774628,8104.805059047201
0.237,2511.090599719572,83434.17183624464
0.238,112.91589790636216,121.67579874403948
0.238,62.0,106.0
0.238,93.0,151.0
0.238,46.0,56.00000000000001
0.238,653.0,5664.999999999999
0.238,71.0,90.0
0.238,273.0,2178.0
0.238,155.0,337.99999999999994
0.238,112.99999999999999,114.99999999999999
0.238,96.0,299.0
0.238,111.66915420114903,133.99626860476377
0.238,112.99999999999999,153.0
0.238,220.00000000000003,239.0
0.239,92.0,159.0
0.239,95.0,108.0
0.239,164.0,260.0
0.239,365.0,5532.000000000001
0.239,139.0,159.0
0.239,106.0,108.0
0.239,126.0,141.0
0.239,97.0,105.0
0.239,161.0,252.99999999999997
0.239,90.0,107.0
0.239,103.0,213.0
0.239,71.0,81.0
0.239,101.0,102.0
0.24,93.0,95.0
0.24,90.0,94.0
0.24,312.73631065164153,808.2406819753633
0.24,1324.0000000000002,142541.0
0.24,161.0,738.0
0.24,132.0,158.0
0.24,4001.0,306247.99999999977
0.24,108.0,115.99999999999999
0.24,64.0,68.0
0.24,91.0,107.0
0.241,243.00000000000003,1245.0
0.241,340.0,2079.0
0.241,375.0,1399.9999999999995
0.241,97.0,110.00000000000001
0.241,613.0,24412.00000000001
0.241,94.0,105.0
0.241,127.0,166.0
0.241,78.0,97.0
0.242,126.0,138.0
0.242,211.0,1090.0
0.242,196.0,1982.9999999999998
0.242,90.0,138.0
0.242,135.0,539.0
0.242,135.0,266.0
0.242,104.0,106.0
0.242,128.0,214.0
0.242,4001.0,408151.9999999998
0.242,1002.9999999999999,11986.999999999995
0.242,90.0,100.0
0.242,117.0,227.0
0.243,80.0,93.0
0.243,64.0,136.0
0.243,136.0,266.0
0.243,91.0,146.0
0.243,109.00000000000001,112.99999999999999
0.243,101.0,154.0
0.243,4001.0,398648.00000000035
0.243,139.0,319.0
0.243,197.0,808.0
0.244,82.0,89.0
0.244,361.9944750959605,2019.3885213103492
0.244,90.0,98.0
0.244,198.0,8123.000000000004
0.244,101.0,104.0
0.244,196.0,580.9999999999999
0.245,137.0,239.0
0.245,80.0,101.0
0.245,330.0,925.0000000000002
0.245,101.0,132.0
0.245,80.0,147.0
0.245,82.0,89.0
0.245,556.0,17274.000000000004
0.245,74.0,91.0
0.246,74.0,98.0
0.246,86.30179604156567,99.75469913743413
0.246,117.0,132.0
0.246,154.0,180.0
0.246,81.0,141.0
0.246,838.0000000000002,32800.000000000015
0.246,101.0,104.0
0.246,127.0,204.99999999999997
0.246,252.0,550.0
0.246,91.0,109.00000000000001
0.246,186.0,297.0
0.246,42.0,51.0
0.246,806.9999999999999,9153.000000000002
0.246,90.0,98.0
0.246,83.0,94.0
0.246,78.0,88.0
0.246,113.99999999999999,132.0
0.247,53.0,56.00000000000001
0.247,81.0,339.00000000000006
0.247,91.0,94.0
0.247,202.99999999999997,328.0
0.247,197.0,286.0
0.247,4001.0,255309.00000000012
0.247,82.0,110.00000000000001
0.247,104.0,128.0
0.247,44.0,45.0
0.247,128.0,168.0
0.247,135.0,273.0
0.247,108.0,224.00000000000003
0.248,276.3491171257664,2479.786991764124
0.248,4001.0,289499.9999999999
0.248,647.0,12342.000000000004
0.248,107.09808588392231,751.1091798134275
0.248,76.0,198.0
0.248,64.0,238.0
0.248,190.50459312048096,2582.0085205126647
0.248,4001.0,244652.99999999994
0.248,1178.9999999999998,37997.99999999999
0.248,2049.0,97101.00000000003
0.248,1365.0000000000002,30077.999999999996
0.248,2362.0,80937.00000000003
0.248,1805.6251335923844,54915.15949880486
0.248,279.0,722.0
0.248,2472.5549538887904,68386.16544301923
0.248,405.281292161819,2398.616791848377
0.248,69.0,158.0
0.248,404.0106563538841,2475.1324139611197
0.248,459.0,11839.999999999996
0.248,4001.0,282246.00000000006
0.248,964.0,14667.000000000004
0.248,69.0,95.0
0.248,67.0,104.0
0.248,2130.0000000000005,142358.00000000003
0.248,4001.0,258695.00000000006
0.248,1396.5093310373832,57404.364558067515
0.248,4001.0,274144.0000000001
0.248,274.9545416973504,2445.4118262574916
0.248,2068.7974767966048,64175.87981477153
0.248,591.0752913123673,6533.310340095592
0.248,1065.966228358103,23272.08456498903
0.248,194.0,1698.9999999999998
0.248,1710.0000000000005,59801.0
0.248,4001.0,312877.0000000003
0.248,262.1736066044788,4800.69494969218
0.248,78.0,156.0
0.248,915.99126633391,24017.502326428526
0.248,630.2777165662769,4421.074303831592
0.248,717.520731407811,17145.11358959164
0.248,1021.1145269685554,26050.528911896403
0.248,376.0,2253.0
0.248,728.0,32429.000000000004
0.248,3351.23962139385,205763.28866442628
0.248,190.0,353.0
0.248,1103.0,32632.0
0.248,3913.4306998041448,253938.85677652102
0.248,87.0,92.0
0.248,3297.999999999999,146322.0
0.248,867.2877261901034,16766.264163492116
0.248,489.95918197335584,4951.223990085683
0.248,206.99999999999997,1855.9999999999995
0.248,4001.0,281809.99999999994
0.248,1714.1414760748312,75244.12402307574
0.248,4001.0,261745.00000000003
0.248,1824.0000000000002,52242.999999999985
0.248,4001.0,256173.99999999997
0.248,3362.9999999999995,178411.99999999997
0.249,279.0,2865.999999999999
0.249,92.0,96.0
0.249,241.0,944.9999999999999
0.249,100.0,153.0
0.249,131.0,163.0
0.249,74.0,95.0
0.249,83.0,126.0
0.249,389.99999999999994,1067.9999999999998
0.249,95.0,152.0
0.249,73.0,94.0
0.25,96.0,154.0
0.25,76.0,86.0
0.25,541.0,5918.999999999999
0.25,94.0,104.0
0.25,106.0,204.99999999999997
0.25,84.0,97.0
0.25,91.0,150.0
0.25,167.0,210.0
0.25,244.0,517.0
0.25,288.0,1090.0
0.25,70.0,92.0
0.25,757.0000000000001,15976.0
0.25,681.2605962478675,6599.956363492108
0.25,79.0,145.0
0.25,91.0,93.0
0.251,65.0,86.0
0.251,167.0,470.0
0.251,126.0,243.00000000000003
0.251,553.9999999999999,11689.000000000004
0.251,288.0,1713.9999999999998
0.251,76.0,87.0
0.251,90.0,105.0
0.251,102.0,122.0
0.251,75.0,87.0
0.252,74.0,93.0
0.252,152.0,256.0
0.252,149.0,177.0
0.252,57.99999999999999,88.0
0.252,254.99999999999997,1170.0
0.252,118.0,208.0
0.252,160.15929570274713,327.0321085153567
0.252,330.0,1025.0
0.252,94.0,110.00000000000001
0.252,117.0,670.0000000000001
0.252,128.0,153.0
0.253,334.0,729.0000000000001
0.253,593.0,6381.000000000001
0.253,101.0,111.00000000000001
0.253,524.0,3977.0000000000005
0.253,162.11107303327555,917.1335780571986
0.253,162.0,242.0
0.253,123.0,160.0
0.253,90.0,97.0
0.253,446.0,4274.999999999999
0.253,1197.0000000000002,38754.0
0.253,85.0,95.0
0.253,156.72906558772053,339.19168621886945
0.253,62.0,82.0
0.253,163.0,172.0
0.253,118.0,239.0
0.253,110.00000000000001,204.99999999999997
0.253,70.0,88.0
0.254,92.0,197.0
0.254,132.0,271.0
0.254,100.0,105.0
0.254,264.9528259898354,977.2819449882414
0.254,87.0,95.0
0.254,218.40329667841556,528.8128213271686
0.254,2085.9999999999995,83749.99999999999
0.254,211.0,599.0000000000001
0.254,78.0,87.0
0.254,3367.0,191636.00000000003
0.254,222.00000000000003,818.0
0.254,107.57787876696582,129.1665591397402
0.254,139.0,156.0
0.254,124.0,187.0
0.254,277.99999999999994,1049.0
0.254,87.0,114.99999999999999
0.255,165.0,503.0
0.255,128.0,200.0
0.255,148.0,254.0
0.255,88.0,144.0
0.255,117.0,347.0
0.255,93.0,98.0
0.255,213.0,247.00000000000003
0.255,177.0,277.99999999999994
0.255,166.0,248.0
0.256,96.0,202.99999999999997
0.256,89.0,101.0
0.256,88.0,109.00000000000001
0.256,130.0,219.0
0.256,129.0,206.0
0.256,94.0,159.0
0.256,189.0,3053.0
0.256,82.0,87.0
0.256,504.0,14591.999999999993
0.256,59.0,71.0
0.256,4001.0,318533.9999999999
0.256,119.0,184.0
0.256,484.99999999999994,14837.999999999995
0.256,365.07533469134836,2693.5515588159815
0.256,104.0,109.00000000000001
0.257,161.0,312.00000000000006
0.257,102.0,200.0
0.257,106.0,160.0
0.257,395.00000000000006,1673.0
0.257,93.0,105.0
0.257,105.0,107.0
0.257,183.0,774.9999999999999
0.257,95.0,109.00000000000001
0.257,348.0,1698.9999999999998
0.257,79.0,149.0
0.257,89.0,100.0
0.257,132.0,147.0
0.257,89.0,194.0
0.257,109.00000000000001,154.0
0.258,89.0,114.99999999999999
0.258,256.0,548.0
0.258,71.0,90.0
0.258,89.0,103.0
0.258,144.0,487.0
0.258,108.0,267.0
0.258,159.0,596.0
0.258,86.0,105.0
0.258,110.00000000000001,204.99999999999997
0.258,90.0,147.0
0.258,78.0,86.0
0.258,134.0,204.0
0.258,103.0,104.0
0.258,83.0,114.99999999999999
0.259,4001.0,222548.99999999988
0.259,84.0,94.0
0.259,99.0,113.99999999999999
0.259,95.0,98.0
0.259,1355.0000000000005,63496.000000000015
0.259,108.0,131.0
0.259,91.0,248.0
0.259,71.0,81.0
0.259,77.0,87.0
0.259,98.0,109.00000000000001
0.26,4001.0,290354.0000000001
0.26,101.82337649086284,1175.838424274356
0.26,107.0,109.00000000000001
0.26,539.6056448621965,8081.44408599275
0.26,1251.0,62163.00000000002
0.26,213.0,2799.9999999999995
0.26,3400.999999999999,249464.0000000001
0.26,174.0,361.00000000000006
0.26,2293.755653943985,87339.91447786058
0.26,82.0,677.0
0.26,85.97674104081871,93.95211546314431
0.26,1676.9999999999995,47770.00000000002
0.26,1547.9999999999998,64444.99999999999
0.26,1084.5708828841018,36277.113405010605
0.26,1133.2788712404372,29783.539077819485
0.26,1559.0000000000002,57546.99999999999
0.26,732.3053124843444,18146.301542746845
0.26,877.1499301715756,16425.946152352997
0.26,197.0,499.0
0.26,1524.0,39377.00000000001
0.26,1837.4634690246228,99564.70820526718
0.26,190.0,3153.0000000000005
0.26,324.16662382176236,4067.2951700116387
0.26,819.9329240858672,12581.745824805073
0.26,1507.3470653699358,45383.97470877094
0.26,779.7172564462069,15662.656383896066
0.26,141.0,359.0
0.26,603.3995359626986,9572.771803401565
0.26,711.0,6626.999999999996
0.26,458.93790429643093,3838.4043559791876
0.26,3601.0000000000005,211649.99999999994
0.26,1893.3821589948504,77776.24177729337
0.26,266.67208327832145,4063.5272854996297
0.26,627.0,9782.0
0.26,1006.0000000000002,27445.0
0.26,2918.018360846117,163146.1298713581
0.26,4001.0,236172.00000000003
0.26,798.9999999999999,25518.00000000001
0.26,540.4377855035674,4836.056451283421
0.26,1085.1211913883167,23433.29599096124
0.26,62.0,142.0
0.26,125.0,243.00000000000003
0.26,3797.0000000000005,255417.99999999988
0.26,1511.5488744992665,25378.30100696263
0.26,287.5917244984633,1398.5492483284243
0.26,481.6160296335661,5680.437483152156
0.26,4001.0,252032.00000000006
0.26,3071.540004623088,199767.9029273723
0.26,304.0,5301.0
0.26,689.4454060712159,15211.669083057881
0.26,1041.7557165499413,40589.72016427778
0.26,251.80195628795218,2987.5420864264115
0.26,4001.0,259208.9999999999
0.26,61.0,734.9999999999999
0.26,3137.9999999999995,182414.00000000003
0.26,2177.0,105710.99999999994
0.261,98.0,99.0
0.261,112.99999999999999,123.0
0.261,69.0,94.0
0.261,171.0,779.0
0.261,146.0,204.99999999999997
0.261,91.0,105.0
0.261,87.0,96.0
0.262,89.0,93.0
0.262,179.0,526.0000000000001
0.262,256.0,762.9999999999999
0.262,122.0,152.0
0.262,103.0,244.0
0.262,88.0,94.0
0.262,57.87918451395113,73.0479294709987
0.262,223.69622258768698,931.6077500751055
0.262,93.0,151.0
0.262,85.0,92.0
0.262,96.0,573.0
0.262,89.0,147.0
0.262,99.2169340384997,192.63177308014377
0.262,254.0,695.0000000000001
0.263,106.0,113.99999999999999
0.263,107.0,112.99999999999999
0.263,4001.0,222721.0000000001
0.263,112.00000000000001,169.0
0.263,271.0,2985.0
0.263,94.0,96.0
0.263,223.0,476.99999999999994
0.263,72.0,82.0
0.263,73.0,83.0
0.263,1225.9999999999998,67061.00000000003
0.263,89.0,101.0
0.263,428.0,3403.0
0.263,89.0,101.0
0.263,152.0,344.0
0.264,163.0,308.0
0.264,311.0,5017.0
0.264,80.0,99.0
0.264,159.0,187.0
0.264,122.22111110606055,173.1184565550421
0.264,87.0,105.0
0.264,89.0,96.0
0.264,104.0,118.0
0.264,161.0,601.0
0.264,206.99999999999997,473.00000000000006
0.265,92.0,179.0
0.265,84.0,96.0
0.265,95.0,200.0
0.265,93.0,99.0
0.265,593.0,12990.999999999995
0.265,159.0,208.0
0.265,141.0,156.0
0.265,243.00000000000003,4219.0
0.265,160.0,254.0
0.265,78.0,89.0
0.265,90.0,92.0
0.265,126.0,182.0
0.265,76.0,79.0
0.265,91.0,109.00000000000001
0.265,113.99999999999999,125.0
0.265,154.2335890783846,356.22464822075403
0.266,235.7392627459414,1492.9748825750548
0.266,131.0,188.0
0.266,91.0,93.0
0.266,129.0,480.99999999999994
0.266,158.0,413.0
0.266,337.0,5134.000000000001
0.266,100.0,673.9999999999999
0.266,189.0,302.0
0.266,200.0,252.0
0.266,92.0,94.0
0.266,98.0,156.0
0.266,93.0,99.0
0.266,99.0,166.0
0.266,4001.0,341290.00000000006
0.267,74.0,90.0
0.267,176.0,599.0000000000001
0.267,629.9999999999999,12967.000000000002
0.267,4001.0,407141.99999999965
0.267,108.0,162.0
0.267,1633.0000000000002,45134.99999999999
0.267,111.00000000000001,112.99999999999999
0.267,80.1498596380555,94.10632284814872
0.267,1583.9999999999995,29001.00000000001
0.267,97.0,154.0
0.267,101.0,102.0
0.268,88.0,95.0
0.268,112.00000000000001,449.0
0.268,237.0,275.0
0.268,4001.0,292940.9999999998
0.268,140.0,293.00000000000006
0.268,290.5030120325777,1007.4472690915394
0.268,398.96616397885174,2592.8376347160656
0.268,254.0,545.9999999999999
0.268,73.0,90.0
0.269,175.0,716.0000000000001
0.269,904.0000000000001,7581.999999999999
0.269,654.0,14346.999999999995
0.269,884.9999999999998,8468.0
0.269,626.0000000000001,10240.999999999998
0.269,151.0,275.99999999999994
0.269,170.0,555.0
0.269,79.0,89.0
0.269,312.00000000000006,3564.000000000001
0.269,175.0,399.0
0.269,98.0,107.0
0.27,109.00000000000001,118.0
0.27,106.0,295.0
0.27,183.0,447.0
0.27,538.0,5216.0
0.27,252.0,869.0000000000001
0.27,160.0,252.99999999999997
0.27,4001.0,273081.00000000006
0.27,81.0,111.00000000000001
0.27,4001.0,238593.0000000001
0.27,91.0,138.0
0.27,86.0,107.0
0.27,76.0,97.0
0.27,208.0,333.00000000000006
0.271,198.5572965166478,494.2630878388554
0.271,71.0,91.0
0.271,89.0,95.0
0.271,2636.0000000000005,151608.0
0.271,138.0,166.0
0.271,526.0000000000001,12646.000000000002
0.271,88.0,132.0
0.271,284.0,1741.0
0.271,81.0,110.00000000000001
0.271,107.0,163.0
0.271,94.0,156.0
0.271,170.0,395.00000000000006
0.272,224.00000000000003,3127.0
0.272,243.39843298977408,2075.853775141124
0.272,313.0,1448.9999999999998
0.272,1259.0552013315382,30939.577970618815
0.272,589.9889829479869,4832.657240069898
0.272,355.23465277030215,4956.3111410357
0.272,108.76379003355197,399.3842191880947
0.272,1133.2788712404372,26247.517806451724
0.272,1125.7370822044984,21636.487927203943
0.272,327.00000000000006,6425.0
0.272,1336.0000000000002,52219.00000000001
0.272,4001.0,260390.74579562165
0.272,377.9444403612784,7338.019283158094
0.272,72.0,87.0
0.272,134.08952233489387,524.9914285014567
0.272,143.9096939055879,512.3748627713893
0.272,149.0,339.00000000000006
0.272,658.340337515483,12742.893470479927
0.272,104.0,535.0
0.272,523.9961831922061,7591.178564623548
0.272,1062.8356715653877,24452.450187457405
0.272,317.0,7605.000000000003
0.272,2221.0,128147.99999999996
0.272,766.3497895869746,7580.844280157721
0.272,1141.2552905872885,38366.911246664975
0.272,160.0,2463.9999999999995
0.272,1209.611507881766,24898.3557690061
0.272,3070.9999999999995,178411.00000000006
0.272,548.0729878401233,7105.015974647772
0.272,313.99999999999994,2607.0
0.272,1084.1448242739525,18246.281155347795
0.272,260.3075104563831,2696.5578057961216
0.272,267.0,2291.0000000000005
0.272,2799.0,138452.0
0.272,1430.0,44635.0
0.272,1671.0,91135.00000000003
0.272,1387.0,34941.0
0.272,1304.433210248804,73914.40011932724
0.272,391.0,5346.0
0.272,153.0,1510.9999999999998
0.272,2450.0000000000005,185121.00000000006
0.272,1732.9999999999998,72101.0
0.272,98.0,148.0
0.272,315.0,2819.0
0.272,92.0,114.99999999999999
0.272,1278.9683342444412,36660.00538734275
0.272,2357.4115041714713,93450.79646530576
0.272,90.0,200.0
0.272,370.00000000000006,3819.9999999999995
0.272,2940.0,160554.00000000006
0.272,407.48006086187826,2184.309959689787
0.272,1117.278837175394,27468.17693258872
0.272,1962.0,79069.0
0.272,310.25818934226066,2395.867306171487
0.272,726.814969576164,13518.585872790098
0.273,364.00000000000006,1345.0
0.273,92.0,97.0
0.273,525.0,2476.0000000000005
0.273,350.0,745.0000000000001
0.273,78.0,96.0
0.273,93.0,100.0
0.273,173.0,404.0
0.273,105.0,139.0
0.273,82.0,100.0
0.273,91.0,150.0
0.273,83.0,161.0
0.274,422.0,968.0000000000001
0.274,93.0,98.0
0.274,96.0,223.0
0.274,88.0,143.0
0.274,84.0,90.0
0.274,254.99999999999997,1448.0000000000002
0.274,88.0,110.00000000000001
0.274,2492.0,140383.00000000003
0.274,1001.9999999999998,20611.0
0.274,227.99999999999997,470.0
0.275,229.99999999999997,343.0
0.275,79.0,95.0
0.275,153.0,188.0
0.275,236.0,1139.0000000000002
0.275,87.0,99.0
0.275,187.15234436148535,651.5642715803256
0.275,86.0,148.0
0.275,175.0,345.0
0.275,91.0,243.00000000000003
0.275,1255.0000000000002,29016.000000000004
0.275,163.0,190.0
0.275,97.0,199.0
0.275,147.0,262.0
0.276,68.49817515817483,119.03780911962384
0.276,99.0,101.0
0.276,101.0,105.0
0.276,766.0000000000002,32782.0
0.276,85.0,110.00000000000001
0.276,100.0,101.0
0.276,90.0,91.0
0.276,77.0,112.00000000000001
0.276,78.0,90.0
0.276,161.0,199.0
0.276,953.0000000000001,125090.00000000006
0.276,92.0,94.0
0.276,386.99999999999994,799.9999999999998
0.276,94.0,107.0
0.276,250.0,877.0
0.276,896.9999999999999,50772.999999999985
0.277,85.0,95.0
0.277,106.0,163.0
0.277,115.99999999999999,117.0
0.277,648.1550740370703,7907.338363823824
0.277,282.0,1956.9999999999998
0.277,95.0,193.0
0.277,169.0,491.0
0.277,234.0,827.9999999999999
0.277,99.0,112.00000000000001
0.277,78.0,92.0
0.277,94.0,195.0
0.278,819.9999999999999,9974.000000000002
0.278,97.0,114.99999999999999
0.278,77.0,86.0
0.278,4001.0,352231.0
0.278,94.0,252.0
0.278,66.0,86.0
0.278,101.0,148.0
0.278,127.0,151.0
0.278,4001.0,262583.0
0.278,247.00000000000003,1499.0
0.278,367.0,2615.0
0.279,126.0,482.0
0.279,89.0,100.0
0.279,83.0,89.0
0.279,304.0,580.0
0.279,252.99999999999997,6314.999999999998
0.279,98.0,104.0
0.279,143.0,227.99999999999997
0.279,97.0,107.0
0.279,83.0,144.0
0.279,264.0,914.0
0.279,85.0,94.0
0.279,170.0,250.0
0.279,125.0,389.99999999999994
0.279,87.0,89.0
0.279,82.0,98.0
0.279,72.0,81.0
0.28,89.0,92.0
0.28,191.49934725737316,767.4920195024831
0.28,183.0,373.0
0.28,180.0,1118.9999999999998
0.28,160.0,528.0000000000001
0.28,391.0,3314.000000000001
0.28,103.45530435893559,179.4937324811092
0.28,56.99999999999999,91.0
0.28,1448.0000000000002,67669.99999999999
0.28,391.99999999999994,2402.0000000000005
0.28,97.0,162.0
0.281,147.0,1822.0
0.281,238.0,480.0
0.281,470.0,18529.000000000004
0.281,2451.0,175403.00000000003
0.281,627.0,5138.000000000001
0.281,103.0,112.00000000000001
0.281,98.0,106.0
0.281,158.0,617.0
0.281,81.0,90.0
0.281,4001.0,343924.9999999998
0.281,119.84990613262907,314.7093897550564
0.281,96.0,247.00000000000003
0.281,91.0,110.00000000000001
0.281,86.0,101.0
0.282,177.0,710.0
0.282,206.99999999999997,275.99999999999994
0.282,162.0,215.0
0.282,78.0,97.0
0.282,107.0,170.0
0.282,111.00000000000001,138.0
0.282,94.0,153.0
0.282,133.0,365.0
0.282,82.0,106.0
0.282,1371.0000000000005,53944.99999999999
0.282,119.0,261.0
0.282,108.0,112.00000000000001
0.283,1533.8148519296578,50537.48123917533
0.283,66.0,137.0
0.283,386.74022288869827,7328.984240670737
0.283,1636.0000000000002,19468.000000000007
0.283,1590.9999999999998,71078.99999999999
0.283,1830.9999999999995,95284.99999999999
0.283,4001.0,281614.00000000006
0.283,263.0,1318.0
0.283,396.00000000000006,9669.000000000004
0.283,101.0,103.0
0.283,2343.794572909495,160791.05223861182
0.283,70.0,169.0
0.283,889.0,50501.99999999999
0.283,100.0,563.0
0.283,3038.800421218873,213397.62607864218
0.283,1111.8237270359002,31355.70799710955
0.283,3640.0000000000005,231891.0
0.283,176.0,274.0
0.283,569.2811256312648,4551.260045306136
0.283,1244.0,17096.999999999996
0.283,66.0,784.9999999999998
0.283,151.0,305.0
0.283,84.2496290793022,123.46659467240522
0.283,810.9999999999998,21533.000000000007
0.283,443.00000000000006,3023.000000000001
0.283,168.0,883.9999999999998
0.283,201.18417481229628,1879.4007256982588
0.283,2255.0,54712.00000000002
0.283,3060.9999999999995,189484.0
0.283,849.8093903929282,34972.58057392965
0.283,247.80868873896026,1409.1729959119
0.283,482.938919533309,3694.172031727814
0.283,94.81033698917012,105.99528291391084
0.283,196.12241075410023,1920.7092440033705
0.283,836.7646025018028,11142.896616230442
0.283,80.0,101.0
0.283,3265.0000000000005,139834.99999999997
0.283,62.0,426.99999999999994
0.283,4001.0,232020.00000000003
0.283,2153.4941511228217,87780.54692537212
0.283,1368.9999999999998,41031.0
0.283,1748.841044806532,52492.44110345796
0.283,1063.5321119151708,51148.845314934326
0.283,677.0059083937155,8868.077130923026
0.283,79.30952023559341,387.1330520634992
0.283,1624.0000000000002,42929.00000000002
0.283,215.47853721426642,2941.260954080749
0.283,3594.8894280631216,214295.98479672926
0.283,1193.4638662313992,30157.324151854074
0.283,883.0000000000002,13966.999999999998
0.283,836.0000000000001,23150.99999999999
0.283,1415.0000000000005,31422.000000000015
0.283,282.0,3511.0
0.283,1979.0000000000002,110287.00000000001
0.283,2644.0000000000005,139031.0
0.284,127.0,213.0
0.284,1919.0000000000002,303690.0000000002
0.284,135.0,229.0
0.284,93.0,114.99999999999999
0.284,94.0,106.0
0.284,89.0,113.99999999999999
0.284,117.0,206.0
0.284,93.0,107.0
0.284,159.0,463.0
0.285,94.0,107.0
0.285,93.0,165.0
0.285,118.0,206.0
0.285,80.0,134.0
0.285,67.0,80.0
0.285,83.0,147.0
0.285,215.0,1032.0
0.285,208.0,1128.0
0.285,79.0,109.00000000000001
0.285,4001.0,342051.00000000023
0.285,159.0,583.9999999999999
0.285,313.0,1119.9999999999998
0.286,634.0,8727.000000000002
0.286,199.0,471.0
0.286,69.0,107.0
0.286,2452.0,153394.00000000006
0.286,106.0,480.0
0.286,101.0,108.0
0.286,626.0000000000001,15946.000000000007
0.286,79.0,80.0
0.286,170.0,270.0
0.286,279.0,748.0
0.286,84.0,108.0
0.286,564.0,9067.000000000002
0.286,248.0,2313.9999999999995
0.287,1271.9999999999998,44731.000000000015
0.287,92.0,112.99999999999999
0.287,68.0,84.0
0.287,4001.0,346083.99999999994
0.287,426.0,4752.999999999999
0.287,86.0,87.0
0.287,120.0,511.00000000000006
0.287,119.0,182.0
0.287,172.0,219.0
0.287,111.00000000000001,303.0
0.287,106.0,111.00000000000001
0.287,377.99999999999994,1365.0000000000002
0.287,105.0,106.0
0.287,82.0,91.0
0.288,80.0,99.0
0.288,95.0,103.0
0.288,209.0,999.0
0.288,76.0,101.0
0.288,176.0,208.0
0.288,4001.0,237068.00000000003
0.288,61.33514490078262,80.4238770515324
0.288,145.0,214.0
0.288,89.0,162.0
0.288,1321.0,59854.99999999997
0.288,82.0,137.0
0.288,180.0,905.0000000000001
0.288,69.0,93.0
0.288,83.0,84.0
0.288,73.0,90.0
0.289,93.0,208.0
0.289,99.0,105.0
0.289,76.0,84.0
0.289,173.0,247.00000000000003
0.289,95.0,109.00000000000001
0.289,124.0,159.0
0.289,79.0,197.0
0.289,533.1416322141799,10362.856797235014
0.289,2039.0,29611.000000000015
0.289,585.0,7003.000000000003
0.289,129.0,419.00000000000006
0.289,98.0,110.00000000000001
0.289,65.0,81.0
0.289,300.00000000000006,1044.0000000000002
0.289,76.0,155.0
0.289,87.0,103.0
0.289,843.9063929133374,15914.176981546987
0.29,123.0,345.0
0.29,106.0,168.0
0.29,82.0,86.0
0.29,542.137436449467,5753.13566674731
0.29,43.0,48.0
0.29,313.99999999999994,1603.0
0.29,279.0,1009.0
0.29,741.0000000000001,3577.0000000000005
0.29,118.0,147.0
0.29,95.0,120.0
0.29,321.0,3275.0
0.29,132.9661611087573,248.75690945177786
0.29,813.0000000000001,10840.0
0.291,131.0,160.0
0.291,93.0,94.0
0.291,358.0,3126.0
0.291,93.0,204.99999999999997
0.291,111.00000000000001,206.99999999999997
0.291,98.0,109.00000000000001
0.291,309.0,1118.0000000000002
0.291,87.42997197757758,94.81033698917012
0.291,91.0,106.0
0.291,98.0,151.0
0.291,111.00000000000001,112.99999999999999
0.291,653.0,13361.999999999995
0.291,107.0,243.00000000000003
0.291,61.0,69.0
0.291,143.0,166.0
0.291,93.0,97.0
0.292,153.0,340.0
0.292,102.0,104.0
0.292,97.0,134.0
0.292,85.0,102.0
0.292,86.0,94.0
0.292,111.00000000000001,138.0
0.292,84.0,93.0
0.292,93.0,100.0
0.292,81.0,99.0
0.293,54.332310828824504,82.83718971573094
0.293,202.99999999999997,505.0
0.293,81.0,102.0
0.293,98.0,102.0
0.293,409.99999999999994,5247.0
0.293,88.0,107.0
0.293,254.0,806.0
0.293,104.88088481701516,148.13507349712964
0.293,92.0,243.00000000000003
0.293,83.0,86.0
0.293,133.0,275.0
0.293,147.0,193.0
0.294,531.0,15355.999999999995
0.294,130.0,361.00000000000006
0.294,118.0,168.0
0.294,95.0,143.0
0.294,91.0,94.0
0.294,83.0,94.0
0.294,87.0,112.00000000000001
0.294,267.0,628.0
0.294,171.0,250.0
0.294,127.0,204.99999999999997
0.295,1299.8242188849995,40874.22816396662
0.295,933.9999999999998,37170.0
0.295,4001.0,230236.0
0.295,1006.0000000000002,25055.999999999993
0.295,441.66955973895233,4479.203277369759
0.295,4001.0,265490.0000000001
0.295,294.0,3605.9999999999995
0.295,1463.0,75800.0
0.295,88.0,664.0
0.295,60.0,94.0
0.295,217.62812318264383,2419.9938016449546
0.295,61.0,237.0
0.295,4001.0,251540.99999999988
0.295,51.0,324.0
0.295,128.0,177.0
0.295,4001.0,243314.0
0.295,802.0079424507223,19607.981013187415
0.295,4001.0,245803.99999999994
0.295,1007.9999999999998,29162.99999999999
0.295,2177.0,95930.99999999996
0.295,365.0,5010.0
0.295,758.2506181995501,15725.640622880846
0.295,1359.0000000000002,51600.999999999985
0.295,202.99999999999997,350.99999999999994
0.295,75.0,250.0
0.295,294.59124223235153,1712.2242843739834
0.295,2123.0000000000005,67822.00000000003
0.295,4001.0,392372.0
0.295,255.70141283207053,2689.274661606663
0.295,4001.0,248423.99999999997
0.295,1716.9999999999998,67353.00000000001
0.295,1322.2847650941155,28227.58507205319
0.295,1060.7492634925559,28126.378081793628
0.295,94.0,104.29765098025938
0.295,267.0,4040.9999999999995
0.295,4001.0,272434.99999999994
0.295,759.0,10816.000000000002
0.295,418.0,1905.9999999999995
0.295,234.23065555131762,899.17740185127
0.295,647.4720071169102,12568.67988294713
0.295,411.5470811462523,4246.108806896028
0.295,4001.0,238731.0
0.295,2705.0000000000005,92324.99999999997
0.295,235.0,3792.000000000001
0.295,1240.0,31168.0
0.295,176.0,373.0
0.295,66.94774081326419,184.4125809157282
0.295,2166.0,43275.000000000015
0.295,555.0468448698721,5292.43516729303
0.295,1042.0000000000002,31822.000000000015
0.295,206.11647192788843,920.9951139935542
0.296,322.0,1274.9999999999995
0.296,72.0,82.0
0.296,193.0,621.0
0.296,92.0,94.0
0.296,78.0,135.0
0.296,88.0,110.00000000000001
0.296,113.99999999999999,237.0
0.296,97.0,109.00000000000001
0.296,89.0,111.00000000000001
0.296,62.0,73.0
0.296,106.0,110.00000000000001
0.296,78.0,99.0
0.296,85.0,265.0
0.296,329.0,916.0
0.296,109.00000000000001,169.0
0.297,240.0,560.0
0.297,95.0,108.0
0.297,78.0,87.0
0.297,122.0,273.0
0.297,424.0,2072.0
0.297,101.0,105.0
0.297,103.0,185.0
0.297,34.00000000000001,41.0
0.297,382.63821032406054,3520.6877169098652
0.297,159.31729347437457,324.601293897606
0.297,94.0,99.0
0.297,102.0,112.00000000000001
0.297,115.99999999999999,419.00000000000006
0.297,82.0,127.0
0.298,106.0,136.0
0.298,199.4868416713243,566.3144003113464
0.298,240.0,293.00000000000006
0.298,145.0,359.0
0.298,202.0,4076.0
0.298,225.99999999999997,331.0
0.298,131.0,156.0
0.298,748.0,11288.999999999996
0.298,91.44397191723465,189.79462584593907
0.299,473.3127929815546,5367.086360400771
0.299,93.0,102.0
0.299,4001.0,257422.00000000006
0.299,281.0,2460.0
0.299,1479.9999999999998,55321.00000000003
0.299,105.0,109.00000000000001
0.299,78.0,97.0
0.299,103.0,113.99999999999999
0.299,150.0,236.0
0.299,216.0,841.9999999999998
0.299,83.0,102.0
0.299,455.00000000000006,3334.000000000001
0.299,85.0,95.0
0.299,159.0,573.9999999999999
0.299,76.0,86.0
0.299,138.0,162.0
0.299,424.0,1462.0000000000002
0.3,102.0,150.0
0.3,164.0,422.0
0.3,89.0,97.0
0.3,88.0,96.0
0.3,142.0,150.0
0.3,141.0,285.0
0.3,3773.9999999999995,293436.00000000006
0.3,616.0000000000001,28189.0
0.3,132.0,368.00000000000006
0.3,94.0,96.0
0.3,104.0,108.0
0.3,76.0,84.0
0.301,80.0,94.0
0.301,627.0,3058.0
0.301,75.0,97.0
0.301,127.0,147.0
0.301,94.0,98.0
0.301,97.0,107.0
0.301,2975.0,145647.00000000003
0.301,86.0,102.0
0.301,166.0,298.0
0.301,120.0,140.0
0.302,90.0,106.0
0.302,119.0,268.0
0.302,339.00000000000006,1125.9999999999998
0.302,178.0,444.00000000000006
0.302,99.0,152.0
0.302,99.0,156.0
0.302,257.0,592.0
0.302,105.0,117.0
0.302,86.0,93.0
0.302,73.0,81.0
0.303,85.0,91.0
0.303,89.0,91.0
0.303,105.0,225.0
0.303,90.0,160.0
0.303,192.0,611.0
0.303,393.1411960097797,4601.682192416159
0.303,159.69345634683972,282.09927330640187
0.303,138.1940838394409,244.27568387684997
0.303,124.0,192.0
0.303,148.0,274.0
0.303,129.0,182.0
0.303,90.0,151.0
0.304,166.0,1326.0000000000002
0.304,98.0,106.0
0.304,197.0,1032.0
0.304,109.00000000000001,247.00000000000003
0.304,311.0,2405.0
0.304,206.0,5594.000000000001
0.304,165.0,599.0000000000001
0.304,83.0,95.0
0.304,93.5147047260483,127.49117616525467
0.304,79.0,93.0
0.304,113.99999999999999,158.0
0.304,85.0,140.0
0.304,119.0,397.00000000000006
0.304,128.0,151.0
0.304,77.0,89.0
0.304,167.0,195.0
0.304,196.0,339.00000000000006
0.305,143.0,657.0
0.305,227.0,484.99999999999994
0.305,85.0,107.0
0.305,103.0,113.99999999999999
0.305,76.0,132.0
0.305,637.9999999999999,3624.0
0.305,144.0,375.0
0.305,89.0,91.0
0.306,89.0,100.0
0.306,84.0,99.0
0.306,81.0,103.0
0.306,281.0,622.0
0.306,97.0,101.0
0.306,179.0,236.0
0.306,86.0,100.0
0.307,64.0,517.0
0.307,109.00000000000001,110.00000000000001
0.307,696.7807550564308,20935.061456290154
0.307,1324.0000000000002,53987.0
0.307,92.0,100.0
0.307,4001.0,256275.99999999997
0.307,151.0,212.0
0.307,558.0,18591.000000000004
0.307,4001.0,257597.00000000006
0.307,165.0,1225.9999999999998
0.307,778.0000000000001,29399.999999999993
0.307,3388.0000000000005,156078.00000000006
0.307,701.681551702765,13587.524057016426
0.307,193.0,2785.0
0.307,83.0,104.0
0.307,4001.0,265686.0
0.307,91.0,567.9999999999999
0.307,343.5694980640744,5376.80313941286
0.307,104.74254150057654,174.90283016578093
0.307,80.0,93.0
0.307,62.0,100.0
0.307,2482.0,222544.99999999988
0.307,1033.0,21504.0
0.307,347.0,5489.999999999998
0.307,1363.9999999999998,26932.00000000001
0.307,60.0,259.0
0.307,1102.0,41784.0
0.307,262.0,2465.0
0.307,4001.0,322612.9999999998
0.307,3263.0000000000005,153976.99999999994
0.307,125.50701801465746,566.7388038883669
0.307,675.0000000000001,6039.999999999999
0.307,1240.9999999999998,27981.999999999993
0.307,50.0,91.0
0.307,696.0,8537.000000000002
0.307,157.0,453.9999999999999
0.307,525.0,4270.0
0.307,1040.0,27614.000000000004
0.307,2396.9999999999995,125655.00000000004
0.307,65.0,430.0
0.307,416.0,4802.000000000001
0.307,878.3922813868528,27948.717036744278
0.307,95.0,103.0
0.307,695.4911933302966,9486.297908035569
0.308,76.0,96.0
0.308,67.0,111.00000000000001
0.308,96.0,160.0
0.308,120.0,189.0
0.308,75.0,89.0
0.308,902.9999999999999,16510.000000000004
0.308,81.0,86.0
0.308,395.00000000000006,15256.000000000005
0.308,245.00000000000003,902.0
0.308,153.0,243.00000000000003
0.308,166.0,281.0
0.308,505.99999999999994,2408.9999999999995
0.308,88.0,95.0
0.309,2490.0,125052.00000000004
0.309,183.0,792.0000000000001
0.309,185.0,596.0
0.309,508.0000000000001,9164.000000000004
0.309,69.0,96.0
0.309,96.0,144.0
0.309,143.0,165.0
0.309,91.0,101.0
0.309,77.0,88.0
0.309,69.0,132.0
0.309,125.0,145.0
0.31,101.0,181.0
0.31,99.0,139.0
0.31,186.30619957478604,1051.9353592307846
0.31,189.0,345.0
0.31,85.0,101.0
0.31,408.0,2900.0000000000005
0.31,102.0,444.00000000000006
0.31,93.0,102.0
0.31,124.0,250.99999999999997
0.31,93.0,95.0
0.31,93.0,235.0
0.311,84.0,101.0
0.311,95.0,101.0
0.311,82.0,118.0
0.311,87.0,100.0
0.311,2127.9999999999995,106537.99999999999
0.311,436.00000000000006,1791.9999999999998
0.311,88.0,229.99999999999997
0.311,356.0,3488.000000000001
0.311,2523.0000000000005,175717.0
0.311,95.0,103.0
0.311,4001.0,290580.00000000006
0.311,89.0,102.0
0.311,164.0,279.0
0.311,318.0,832.0
0.311,136.0,310.0
0.311,96.0,110.00000000000001
0.312,1278.9999999999998,49212.0
0.312,89.0,100.0
0.312,147.0,324.0
0.312,150.0,275.0
0.312,128.0,143.0
0.312,152.0,235.0
0.312,377.99999999999994,10747.000000000002
0.312,211.0,684.9999999999999
0.312,3320.000000000001,154607.00000000003
0.312,140.0,160.0
0.312,696.0,11346.0
0.312,81.0,93.0
0.313,99.0,254.99999999999997
0.313,140.0,794.0
0.313,223.0,403.0
0.313,220.00000000000003,841.9999999999998
0.313,91.0,99.0
0.313,126.0,152.0
0.313,194.0,521.0
0.313,82.0,95.0
0.313,134.0,246.0
0.313,1689.9999999999995,68775.0
0.313,67.0,89.0
0.313,75.99342076785331,96.46761114488116
0.313,70.0,95.0
0.313,152.0,374.0
0.313,120.0,238.0
0.313,99.0,107.0
0.314,102.0,206.0
0.314,329.0,2088.0000000000005
0.314,79.0,92.0
0.314,89.0,98.0
0.314,85.0,87.0
0.314,90.0,105.0
0.314,94.0,104.0
0.314,87.0,91.0
0.314,198.0,419.00000000000006
0.314,791.0,6291.0
0.314,130.0,544.0
0.314,124.0,339.00000000000006
0.314,96.0,103.0
0.314,83.0,118.0
0.314,120.0,145.0
0.314,98.0,102.0
0.315,85.0,95.0
0.315,238.0,669.0
0.315,87.0,103.0
0.315,95.0,195.0
0.315,89.0,99.0
0.315,87.0,112.99999999999999
0.315,706.9999999999999,34169.00000000001
0.315,286.0,1387.0
0.315,90.0,146.0
0.315,87.0,88.0
0.315,139.0,542.0
0.315,98.0,246.0
0.316,87.0,92.0
0.316,163.0,297.0
0.316,2954.0,223693.9999999999
0.316,241.0,606.0
0.316,159.0,426.0
0.316,176.0,648.0
0.316,153.0,375.0
0.316,96.0,105.0
0.316,90.0,233.0
0.317,4001.0,327768.9999999998
0.317,194.0,466.0000000000001
0.317,112.99999999999999,113.99999999999999
0.317,188.0,219.0
0.317,85.0,107.0
0.317,98.0,101.0
0.317,70.0,91.0
0.317,81.0,95.0
0.317,97.74968030638259,137.5318145012273
0.317,49.0,121.0
0.317,78.0,141.0
0.317,908.0,10879.0
0.318,1003.9999999999998,21466.000000000004
0.318,143.74978260853126,1034.7497281951803
0.318,432.0,2456.0
0.318,333.52355365026665,3723.798411605626
0.318,801.0,42314.999999999985
0.318,726.4599094237753,10290.392703876758
0.318,788.9169791556018,13503.54549738697
0.318,109.00000000000001,202.99999999999997
0.318,405.99999999999994,2247.0000000000005
0.318,484.1817840439683,4268.104965907
0.318,107.0,751.9999999999998
0.318,197.0,1190.0
0.318,1188.0,96895.00000000001
0.318,106.0,248.0
0.318,197.0,1789.0
0.318,376.99999999999994,2701.9999999999995
0.318,3276.9931339567984,161641.66382773957
0.318,71.0,687.0
0.318,67.0,126.0
0.318,398.2436440170766,3420.49294693031
0.318,66.0,520.0
0.318,3746.0,241092.99999999988
0.318,57.99999999999999,101.0
0.318,78.61297602813418,214.9418526020468
0.318,1380.0000000000002,38352.00000000001
0.318,1081.6233170563585,24170.196151458935
0.318,148.0,1180.9999999999998
0.318,727.5328171292344,10507.205527636734
0.318,121.0,217.0
0.318,86.0,94.0
0.318,73.0,157.0
0.318,236.0,5406.000000000001
0.318,64.0,145.0
0.318,3547.9999999999995,289958.99999999994
0.318,576.0000000000001,17355.000000000004
0.318,355.0,9968.999999999998
0.318,581.7274056745025,6533.6804173641685
0.318,524.4066536229958,4294.155069302506
0.318,1198.9999999999998,32117.999999999996
0.319,94.0,156.0
0.319,156.0,434.0
0.319,78.0,110.00000000000001
0.319,3639.0,324209.0000000001
0.319,155.0,170.0
0.319,73.0,96.0
0.319,97.93875637356236,102.76186062932105
0.319,98.0,117.0
0.319,153.0,1027.0
0.319,112.00000000000001,210.0
0.319,70.0,88.0
0.319,90.0,138.0
0.319,191.0,571.9999999999999
0.32,101.0,109.00000000000001
0.32,96.0,110.00000000000001
0.32,653.0,8551.999999999998
0.32,97.0,113.99999999999999
0.32,250.0,1471.0
0.32,208.0,1109.0
0.32,4001.0,344401.0000000002
0.32,85.0,146.0
0.32,310.0,724.0
0.32,4001.0,312878.9999999999
0.32,96.0,107.0
0.32,95.0,97.0
0.321,496.0,2725.0
0.321,91.0,105.0
0.321,130.0,147.0
0.321,103.0,359.99999999999994
0.321,165.98192672697832,547.9854012653988
0.321,267.0,1578.9999999999998
0.321,634.9999999999999,26673.000000000007
0.321,94.0,159.0
0.321,93.0,99.0
0.321,155.0,171.0
0.321,85.0,104.0
0.321,76.0,84.0
0.321,4001.0,254392.99999999997
0.321,85.0,112.00000000000001
0.321,177.0,583.9999999999999
0.321,95.0,104.0
0.322,422.0,2784.0
0.322,81.0,95.0
0.322,91.0,108.0
0.322,79.0,91.0
0.322,317.4807080753097,2411.0118207922574
0.322,85.0,200.0
0.322,153.0,337.0
0.323,153.0,618.0000000000001
0.323,4001.0,223848.0000000001
0.323,621.0,17299.0
0.323,124.16118556135005,204.4700467061129
0.323,104.0,115.99999999999999
0.323,96.0,263.0
0.323,170.0,355.0
0.323,94.0,215.0
0.323,123.0,153.0
0.323,2196.0,104562.00000000003
0.323,139.0,438.0
0.323,74.0,104.0
0.323,85.0,94.0
0.324,107.0,111.00000000000001
0.324,777.6946701630402,9890.911282586658
0.324,112.48999955551604,235.32318202846062
0.324,90.0,162.0
0.324,190.0,277.0
0.324,81.0,87.0
0.324,82.0,109.00000000000001
0.324,86.0,142.0
0.324,186.0,368.99999999999994
0.324,110.00000000000001,198.0
0.324,81.0,91.0
0.324,149.0,305.99999999999994
0.324,120.0,186.0
0.324,108.0,130.0
0.324,122.0,199.0
0.324,87.0,110.00000000000001
0.325,78.0,86.0
0.325,95.0,98.0
0.325,95.0,98.0
0.325,81.0,204.0
0.325,184.0,358.0
0.325,70.0,97.0
0.325,361.24783736376884,2261.977011377437
0.325,98.0,103.0
0.325,87.0,141.0
0.325,1211.0000000000002,29700.000000000007
0.325,269.0427475328038,2158.402186803933
0.325,130.0,204.99999999999997
0.325,267.0,1807.0000000000005
0.326,77.0,142.0
0.326,94.0,163.0
0.326,115.99999999999999,264.0
0.326,517.0,58832.000000000015
0.326,103.0,112.99999999999999
0.326,219.0,673.0
0.326,1568.9999999999995,81601.99999999997
0.326,85.0,92.0
0.326,156.0,348.0
0.326,73.0,98.0
0.326,107.0,108.0
0.326,83.0,96.0
0.326,72.0,76.0
0.326,141.0,386.0
0.326,210.0,530.0
0.326,85.0,104.0
0.326,92.0,145.0
0.326,350.99999999999994,902.0
0.327,99.0,110.00000000000001
0.327,86.0,148.0
0.327,117.0,150.0
0.327,138.0,304.0
0.327,389.0,9026.999999999996
0.327,100.0,106.0
0.327,71.0,99.0
0.327,484.0,8604.999999999996
0.327,350.99999999999994,1557.0000000000002
0.327,115.99999999999999,128.0
0.327,95.0,98.0
0.327,279.0,873.9999999999999
0.327,418.0,2504.9999999999995
0.327,108.0,110.00000000000001
0.327,225.99999999999997,2877.0000000000005
0.328,137.0,206.99999999999997
0.328,2408.0,152153.99999999997
0.328,113.99999999999999,159.0
0.328,194.0,245.00000000000003
0.328,476.0,8562.0
0.328,117.0,223.0
0.328,200.0,788.0000000000001
0.328,74.0,84.0
0.328,241.0,6170.0
0.328,82.0,96.0
0.328,76.0,94.0
0.328,91.0,107.0
0.328,283.0,1698.0
0.328,408.0,9352.000000000002
0.328,80.0,90.0
0.329,3251.0,180404.0
0.329,122.0,242.0
0.329,148.0,198.0
0.329,92.0,94.0
0.329,96.0,104.0
0.329,82.0,99.0
0.329,107.0,138.0
0.329,136.0,424.0
0.329,494.00000000000006,4878.0
0.329,129.0,158.0
0.329,1255.0000000000002,69671.0
0.329,88.0,93.0
0.33,713.0,23064.999999999996
0.33,629.0,15946.000000000007
0.33,188.0,4116.0
0.33,1952.0000000000002,82457.99999999999
0.33,166.0,1793.0000000000002
0.33,118.39763511151733,438.9897493108467
0.33,4001.0,377263.0000000001
0.33,331.0981727524331,4458.233058062353
0.33,104.0,112.99999999999999
0.33,67.0,449.0
0.33,144.62823512346583,531.8168476509297
0.33,1161.0,30910.000000000015
0.33,55.00000000000001,320.0
0.33,927.4987870612014,34057.22302243679
0.33,1023.0,19798.000000000007
0.33,363.8268819095148,2870.220549017096
0.33,928.0000000000001,20825.000000000007
0.33,943.9999999999998,12652.000000000002
0.33,85.0,99.0
0.33,747.4226614928132,23003.22241457804
0.33,305.0,2582.0
0.33,493.7965910635814,5586.849511397709
0.33,391.0,3826.0
0.33,1338.0,24677.0
0.33,676.0,11026.999999999996
0.33,639.0,11890.000000000005
0.33,1454.0,37976.99999999998
0.33,63.0,97.0
0.33,163.0,781.0000000000001
0.33,2359.0,121849.99999999996
0.33,402.24122115964195,2677.2373820787725
0.33,3369.0000000000005,168150.99999999994
0.33,185.0,3583.0
0.33,4001.0,267595.0
0.33,362.17261078110255,5035.9503571818495
0.33,1914.9999999999995,91230.99999999997
0.33,4001.0,261797.00000000003
0.33,713.0,9692.0
0.33,97.0,107.0
0.33,2838.0000000000005,122440.00000000003
0.33,237.0,1982.0
0.33,3276.0000000000005,128484.99999999994
0.33,380.0,2952.0000000000005
0.33,374.0,7170.999999999999
0.331,112.00000000000001,117.0
0.331,62.0,104.0
0.331,95.0,108.0
0.331,90.0,141.0
0.331,167.0,298.0
0.331,200.99999999999997,275.0
0.331,1655.9999999999998,92518.0
0.331,86.0,139.0
0.331,80.0,94.0
0.331,91.0,100.0
0.331,82.0,151.0
0.331,334.0,1782.9999999999995
0.331,89.0,102.0
0.331,98.0,152.0
0.331,96.0,162.0
0.331,45.00000000000001,52.82045058497703
0.331,69.0,104.0
0.331,74.0,131.0
0.331,1531.9999999999998,79420.99999999999
0.331,80.0,112.00000000000001
0.331,81.0,89.0
0.331,87.0,88.0
0.332,122.0,300.00000000000006
0.332,119.0,160.0
0.332,67.0,72.0
0.332,118.0,258.0
0.332,88.0,90.0
0.332,131.0,531.0
0.332,92.0,105.0
0.332,95.0,186.0
0.332,81.0,94.0
0.332,109.00000000000001,115.99999999999999
0.332,37.0,62.0
0.333,130.0,326.0
0.333,2778.0,139126.99999999994
0.333,137.0,261.0
0.333,373.0,3325.000000000001
0.333,112.00000000000001,383.00000000000006
0.333,139.0,578.9999999999999
0.333,211.0,478.0
0.334,803.9999999999998,22621.999999999996
0.334,84.0,188.0
0.334,4001.0,276167.0000000001
0.334,4001.0,375718.0
0.334,118.0,153.0
0.334,4001.0,241748.99999999988
0.334,96.0,103.0
0.335,75.0,86.0
0.335,665.0,9277.000000000002
0.335,88.0,101.0
0.335,107.0,155.0
0.335,129.0,144.0
0.335,67.0,104.0
0.335,91.0,149.0
0.335,627.0,8479.999999999998
0.335,139.0,501.0
0.335,75.1265598839718,107.12142642814275
0.335,96.0,164.0
0.335,86.0,104.0
0.336,93.0,106.0
0.336,139.0,426.0
0.336,249.00000000000003,4816.0
0.336,112.00000000000001,192.0
0.336,126.0,206.99999999999997
0.336,73.0,94.0
0.336,94.0,106.0
0.336,79.0,94.0
0.336,83.0,114.99999999999999
0.336,99.0,101.0
0.336,139.0,200.99999999999997
0.336,106.0,111.00000000000001
0.337,1111.0,39658.00000000001
0.337,545.9999999999999,18712.999999999993
0.337,2620.0,284566.00000000006
0.337,321.0,3137.9999999999995
0.337,97.0,105.0
0.337,71.0,105.0
0.337,1871.0,70942.99999999999
0.337,86.0,93.0
0.337,376.0,1807.0000000000005
0.337,104.0,148.0
0.337,103.0,118.0
0.337,73.0,86.0
0.337,71.0,100.0
0.337,98.0,210.0
0.338,96.0,142.0
0.338,86.0,155.0
0.338,93.49866309204641,159.05973720586866
0.338,1041.0,22000.000000000007
0.338,151.3142425550219,261.49952198809086
0.338,813.0000000000001,15722.999999999996
0.338,133.0,247.00000000000003
0.338,174.0,354.0
0.338,397.00000000000006,2806.9999999999995
0.338,282.0,2253.0
0.339,100.0,105.0
0.339,85.0,92.0
0.339,96.0,114.99999999999999
0.339,95.0,213.0
0.339,106.0,196.0
0.339,998.0000000000002,58013.000000000015
0.339,458.0,3093.0000000000005
0.339,141.0,273.0
0.339,92.0,103.0
0.339,106.0,111.00000000000001
0.339,127.0,1012.9999999999999
0.339,65.0,90.0
0.339,187.0,305.99999999999994
0.339,128.0,430.0
0.339,152.6302722267113,438.6889558673663
0.34,90.0,95.0
0.34,101.0,103.0
0.34,97.0,112.99999999999999
0.34,101.0,152.0
0.34,101.0,104.0
0.34,96.0,107.0
0.34,257.0,1024.0
0.34,676.0,10313.999999999996
0.34,178.0,262.0
0.34,120.0,385.0
0.34,87.0,160.0
0.34,102.0,104.0
0.34,97.0,259.0
0.34,84.0,109.00000000000001
0.34,82.0,97.0
0.34,92.0,155.0
0.34,90.0,101.0
0.34,313.0,2558.0
0.341,85.0,144.0
0.341,221.0,504.0
0.341,110.79711187571633,174.91426471274434
0.341,85.0,98.0
0.341,120.0,347.0
0.341,96.0,121.0
0.341,87.0,106.0
0.341,105.0,111.00000000000001
0.341,90.0,91.0
0.341,101.0,104.0
0.341,112.99999999999999,113.99999999999999
0.342,492.0,5605.999999999998
0.342,215.0,2861.9999999999995
0.342,85.0,103.0
0.342,1893.0,83402.0
0.342,107.07940978544848,658.6349520030045
0.342,343.0,2449.0
0.342,91.0,92.0
0.342,229.99999999999997,3668.0
0.342,1170.0,36323.00000000002
0.342,1094.0,26544.00000000001
0.342,873.0000000000002,10762.999999999996
0.342,4001.0,259783.9999999999
0.342,399.0,5336.0
0.342,170.0,2328.9999999999995
0.342,4001.0,220073.0
0.342,265.74811269293355,1815.6277712153924
0.342,4001.0,202559.99999999997
0.342,131.38557419663667,904.4419175526713
0.342,231.99999999999997,3604.0
0.342,783.2937639083648,13421.751873830135
0.342,341.32096331752024,3636.623708881633
0.342,1825.0,105874.00000000003
0.342,1214.9999999999998,36574.000000000015
0.342,96.0,106.0
0.342,190.633306849331,905.822838625498
0.342,56.99999999999999,433.0
0.342,1583.0000000000002,43914.999999999985
0.342,800.1669078831094,15522.522596198047
0.342,107.0,1108.0000000000002
0.342,198.73097393209747,472.49973544966144
0.342,206.0,1316.0000000000002
0.342,622.9743172876391,4918.162258405064
0.342,594.6234102354194,13120.426403131878
0.342,293.00000000000006,592.0
0.342,263.24893162176363,3702.1021055611095
0.342,64.0,552.0
0.342,736.0,19602.000000000004
0.342,73.0,158.0
0.342,788.0000000000001,80544.0
0.342,65.0,145.0
0.343,296.0,1058.0
0.343,81.0,92.0
0.343,67.0,88.0
0.343,86.0,99.0
0.343,67.0,95.0
0.343,305.0,1057.0000000000002
0.343,74.0,87.0
0.343,80.0,154.0
0.343,81.0,90.0
0.344,135.0,270.0
0.344,93.0,143.0
0.344,112.00000000000001,138.0
0.344,91.0,101.0
0.344,121.0,246.0
0.344,63.0,93.0
0.344,182.0,859.9999999999998
0.344,76.0,140.0
0.344,206.0,227.99999999999997
0.344,4001.0,348539.9999999997
0.344,92.0,112.99999999999999
0.344,309.0,1925.0000000000005
0.344,675.0000000000001,10232.0
0.344,154.0,429.0
0.344,111.00000000000001,266.0
0.345,94.0,141.0
0.345,992.9999999999998,47776.0
0.345,70.0,87.0
0.345,96.0,105.0
0.345,286.5484252268716,1950.5476154147073
0.345,73.0,94.0
0.345,1185.0,46723.0
0.345,99.0,105.0
0.345,106.0,112.99999999999999
0.346,1255.0000000000002,60202.999999999985
0.346,132.0,145.0
0.346,88.0,91.0
0.346,95.0,104.0
0.346,86.0,94.0
0.346,79.0,148.0
0.346,89.0,106.0
0.346,165.0,359.99999999999994
0.346,174.0,455.00000000000006
0.346,79.0,105.0
0.347,103.0,110.00000000000001
0.347,216.0,941.0
0.347,242.0,858.0
0.347,93.0,199.0
0.347,86.0,87.0
0.347,115.99999999999999,188.0
0.347,229.0,408.0
0.347,66.0,143.0
0.347,90.0,98.0
0.347,165.0,423.00000000000006
0.347,113.99999999999999,202.99999999999997
0.347,120.0,214.0
0.347,88.0,107.0
0.347,85.0,104.0
0.348,81.0,101.0
0.348,81.0,97.0
0.348,92.0,100.0
0.348,1180.0,16838.0
0.348,82.0,143.0
0.348,418.0,4182.000000000001
0.348,191.0,2616.9999999999995
0.348,53.0,60.0
0.348,185.0,324.0
0.348,80.0,103.0
0.348,170.0,699.0000000000001
0.348,91.34002408582998,145.8629493737186
0.348,90.0,144.0
0.348,294.0,4591.0
0.348,143.0,242.0
0.348,183.56470248934022,626.2507485025467
0.348,198.73097393209747,765.9229726284491
0.348,141.0,355.0
0.349,2433.409131239546,135888.31606138917
0.349,142.0,463.0
0.349,180.0,745.0000000000001
0.349,72.0,150.0
0.349,267.0,1670.0000000000002
0.349,187.0,426.99999999999994
0.349,349.0,759.9999999999998
0.349,168.0,265.0
0.349,90.0,99.0
0.349,72.0,101.0
0.349,211.0,513.0000000000001
0.35,133.0,450.0
0.35,85.0,107.0
0.35,104.0,112.00000000000001
0.35,87.0,223.0
0.35,106.95326081985532,159.07545379473225
0.35,240.0,482.0
0.35,82.0,92.0
0.35,87.0,88.0
0.35,844.9999999999998,8606.999999999996
0.35,252.99999999999997,1562.9999999999998
0.351,98.0,106.0
0.351,86.0,90.0
0.351,77.0,92.0
0.351,90.0,96.0
0.351,92.0,105.0
0.351,1326.0000000000002,55624.00000000002
0.351,82.0,94.0
0.351,313.0,3458.0
0.351,197.0,438.0
0.351,112.00000000000001,160.0
0.351,127.0,259.0
0.351,98.0,209.0
0.351,89.0,95.0
0.351,805.0000000000002,18107.0
0.352,99.0,158.0
0.352,197.0,288.0
0.352,115.99999999999999,123.0
0.352,94.0,112.00000000000001
0.352,147.0,349.0
0.352,99.0,152.0
0.352,102.0,113.99999999999999
0.352,82.0,155.0
0.353,2819.0,153378.00000000006
0.353,195.0,2669.0000000000005
0.353,73.2666363360568,119.28537211242627
0.353,2876.0,173138.99999999997
0.353,357.64227937982946,2182.3860795010587
0.353,2546.9999999999995,142426.99999999994
0.353,91.0,98.0
0.353,67.90434448545984,217.94953544341405
0.353,63.0,671.0
0.353,3722.0000000000005,211509.00000000006
0.353,69.0,282.0
0.353,961.0000000000001,18174.0
0.353,92.36882591004391,180.66543665017943
0.353,340.0,2247.9999999999995
0.353,446.0,4238.0
0.353,488.99999999999994,3342.000000000001
0.353,214.51716418561716,1298.3151690388008
0.353,639.0,8867.000000000002
0.353,210.0,2538.0
0.353,105.0,626.0000000000001
0.353,84.0,151.0
0.353,2597.0,178106.99999999994
0.353,172.0348801842231,1054.5539341351866
0.353,235.0,1806.0000000000002
0.353,308.0,2514.0000000000005
0.353,97.0,632.0
0.353,122.0,152.0
0.353,71.0,356.99999999999994
0.353,390.3010968901065,4570.481452038513
0.353,216.0,2214.9999999999995
0.353,222.28360263411244,1947.1363588613922
0.353,77.07139547199078,104.12492496996096
0.354,77.0,85.0
0.354,92.0,99.0
0.354,803.9999999999998,31983.999999999985
0.354,186.0,525.0
0.354,385.0,1560.9999999999998
0.354,137.0,147.0
0.354,73.0,100.0
0.354,67.0,83.0
0.354,566.0,5863.000000000002
0.354,368.00000000000006,883.9999999999998
0.354,2885.0,158033.00000000003
0.354,83.0,90.0
0.355,161.0,583.0
0.355,79.0,107.0
0.355,87.0,97.0
0.355,111.00000000000001,260.0
0.355,80.0,97.0
0.355,182.0,597.0
0.355,112.00000000000001,112.99999999999999
0.355,210.0,336.0
0.355,103.0,107.0
0.355,87.0,95.0
0.355,96.0,243.00000000000003
0.355,160.0,409.0
0.355,99.0,112.00000000000001
0.355,196.0,511.00000000000006
0.355,91.0,93.0
0.355,93.0,104.0
0.356,313.0,2229.0
0.356,108.0,290.0
0.356,104.0,161.0
0.356,345.0,3149.999999999999
0.356,96.0,102.0
0.356,88.0,93.0
0.356,250.0,2405.0
0.356,123.0,292.0
0.357,92.0,107.0
0.357,90.0,106.0
0.357,79.0,85.0
0.357,100.0,149.0
0.357,966.9999999999998,53142.00000000001
0.357,151.0,167.0
0.357,223.0,254.99999999999997
0.357,95.0,109.00000000000001
0.358,269.0,1250.0000000000002
0.358,229.0,622.0
0.358,94.0,96.0
0.358,82.0,89.0
0.358,509.99999999999994,3521.999999999999
0.358,94.0,98.0
0.358,121.0,133.0
0.358,115.99999999999999,256.0
0.358,184.0,462.0
0.359,81.0,95.0
0.359,66.0,82.0
0.359,2231.0,129205.99999999994
0.359,174.0,399.0
0.359,95.0,101.0
0.359,86.0,100.0
0.359,288.0,1322.9999999999998
0.359,76.0,83.0
0.359,134.0,209.0
0.359,129.0,192.0
0.359,82.0,183.0
0.359,72.0,94.0
0.359,107.0,112.99999999999999
0.359,98.0,99.0
0.359,198.0,846.9999999999999
0.359,143.0,362.99999999999994
0.36,34.00000000000001,42.0
0.36,84.0,88.0
0.36,86.0,92.0
0.36,387.3293172482558,2478.9094376358325
0.36,88.0,90.0
0.36,74.0,92.0
0.36,93.0,100.0
0.36,111.00000000000001,197.0
0.36,90.0,107.0
0.36,108.0,115.99999999999999
0.36,134.0,305.0
0.361,763.9999999999998,24057.000000000004
0.361,82.0,104.0
0.361,247.00000000000003,442.0
0.361,143.0,193.0
0.361,57.99999999999999,72.0
0.361,106.7239429556461,256.1483944903813
0.361,88.0,97.0
0.361,103.0,112.99999999999999
0.361,202.99999999999997,1205.0
0.361,106.0,114.99999999999999
0.361,112.00000000000001,114.99999999999999
0.361,75.0,102.0
0.361,83.0,95.0
0.361,90.0,92.0
0.361,140.0,200.0
0.361,516.0,13358.000000000007
0.361,86.0,148.0
0.361,95.0,349.0
0.362,348.56850115866746,2231.6301216823545
0.362,88.0,96.0
0.362,83.0,111.00000000000001
0.362,101.0,206.0
0.362,122.0,198.0
0.362,101.0,107.0
0.362,113.01327355669332,125.72986916401369
0.362,133.0,157.0
0.362,131.0,153.0
0.362,905.0000000000001,7340.000000000002
0.362,87.0,110.00000000000001
0.362,85.0,104.0
0.362,100.0,113.99999999999999
0.362,143.0,261.0
0.362,170.0,739.0
0.362,504.0,2485.0
0.363,173.0,361.00000000000006
0.363,75.0,95.0
0.363,170.0,368.99999999999994
0.363,272.0,711.0
0.363,2384.0,136289.99999999997
0.363,82.0,92.0
0.363,82.46211251235322,98.46826900072936
0.363,93.0,94.0
0.363,191.0,256.0
0.363,107.0,268.0
0.363,108.94494022211403,151.86836405255704
0.363,66.0,83.0
0.363,140.0,250.99999999999997
0.363,3116.0000000000005,182989.0000000001
0.363,202.0,717.0
0.364,172.0,547.0
0.364,168.0,344.0
0.364,82.0,155.0
0.364,94.0,101.0
0.364,88.0,101.0
0.364,83.0,97.0
0.364,77.0,148.0
0.364,120.0,613.0
0.364,85.0,95.0
0.365,63.0,612.0
0.365,124.0,1116.0
0.365,200.79840636817815,1410.1531831684106
0.365,1534.9999999999998,77155.00000000001
0.365,245.00000000000003,404.0
0.365,1945.9146949442566,55552.036335313576
0.365,267.0,2432.0
0.365,313.0,977.0
0.365,1800.9999999999998,85133.99999999999
0.365,85.0,637.9999999999999
0.365,216.0,1782.9999999999995
0.365,70.0,227.0
0.365,212.0,3374.0
0.365,131.24785712536416,466.8961340598142
0.365,149.40214188558343,419.9499970234552
0.365,744.0000000000001,27429.000000000004
0.365,3758.0000000000005,176650.99999999997
0.365,3756.000000000001,232933.0000000001
0.365,75.0,97.0
0.365,111.00000000000001,114.99999999999999
0.365,249.00000000000003,1716.9999999999998
0.365,159.0,517.0
0.365,589.5133586272663,9803.456788296673
0.365,59.0,401.0
0.365,766.7072453029253,14214.976960938062
0.365,60.0,531.0
0.365,111.72734669721642,466.8136673234836
0.365,231.0,2473.0
0.365,112.83014133406817,357.4304688157351
0.365,110.00000000000001,193.0
0.365,129.0,211.0
0.365,669.0,12343.000000000004
0.365,256.41957803568744,566.1519230736569
0.365,60.0,95.0
0.365,153.0,1085.9999999999998
0.365,118.0,295.0
0.365,154.89996772110703,321.26624472546126
0.365,728.1105685265115,14258.413656504707
0.365,73.0,455.00000000000006
0.366,67.0,99.0
0.366,152.0,170.0
0.366,106.0,140.0
0.366,53.0,56.99999999999999
0.366,606.0,3761.999999999999
0.366,944.9999999999999,40307.0
0.366,3079.0,150370.00000000006
0.366,94.0,225.0
0.366,81.0,143.0
0.366,93.0,148.0
0.366,135.0,252.99999999999997
0.366,60.0,74.0
0.366,154.0,162.0
0.366,206.0,659.9999999999999
0.366,92.0,105.0
0.366,105.0,108.0
0.366,397.00000000000006,2483.0
0.367,89.9944442729661,150.0
0.367,86.0,108.0
0.367,62.0,77.0
0.367,45.0,50.0
0.367,86.0,90.0
0.367,101.0,104.0
0.367,85.0,87.0
0.367,102.0,118.0
0.367,1956.0000000000002,75649.99999999999
0.367,1064.0000000000002,49051.0
0.367,75.0,91.0
0.367,441.0,9229.000000000002
0.367,88.0,92.0
0.368,196.0,992.9999999999998
0.368,155.0,774.9999999999999
0.368,351.576449723243,2871.630024916162
0.368,97.0,105.0
0.368,898.1369606023347,15380.409617432178
0.368,67.0,97.0
0.368,85.0,88.0
0.368,159.0,304.0
0.368,75.0,87.0
0.368,125.0,217.0
0.368,76.0,102.0
0.368,81.0,200.99999999999997
0.368,305.99999999999994,7897.000000000001
0.368,103.0,105.0
0.368,99.0,112.99999999999999
0.369,1105.0000000000002,98366.99999999999
0.369,49.0,60.0
0.369,94.0,97.0
0.369,98.0,114.99999999999999
0.369,104.0,108.0
0.369,92.0,106.0
0.369,805.0000000000002,41677.999999999985
0.369,655.0,85306.00000000001
0.369,101.0,202.99999999999997
0.369,96.0,105.0
0.369,92.0,112.00000000000001
0.369,183.0,948.0
0.369,412.0,2968.0000000000005
0.369,119.0,186.0
0.369,102.0,104.0
0.369,112.99999999999999,367.0
0.37,107.0,108.0
0.37,117.0,214.0
0.37,93.0,94.0
0.37,89.0,108.0
0.37,1771.0000000000005,77819.00000000001
0.37,57.99999999999999,76.0
0.37,76.0,85.0
0.37,110.00000000000001,117.0
0.37,99.0,104.0
0.37,188.97618897628348,611.8194178023447
0.37,4001.0,245550.00000000006
0.37,95.0,114.99999999999999
0.37,91.0,142.0
0.37,173.0,365.0
0.37,129.0,191.0
0.37,109.00000000000001,112.00000000000001
0.371,79.0,94.0
0.371,886.9999999999998,31562.00000000001
0.371,94.0,104.0
0.371,88.0,104.0
0.371,138.0,158.0
0.371,90.34378783292186,95.36770941990795
0.371,96.0,106.0
0.371,216.0,836.0000000000001
0.371,95.0,518.0
0.371,277.99999999999994,1622.0
0.372,82.0,91.0
0.372,143.0,160.0
0.372,89.0,156.0
0.372,115.99999999999999,118.0
0.372,97.39609848448755,168.66831356244717
0.372,110.00000000000001,196.0
0.372,293.00000000000006,484.99999999999994
0.372,87.0,89.0
0.372,84.0,93.0
0.372,178.0,494.00000000000006
0.372,93.0,110.00000000000001
0.373,88.0,102.0
0.373,75.0,100.0
0.373,87.0,101.0
0.373,216.0,265.0
0.373,91.0,156.0
0.373,91.0,103.0
0.373,91.0,135.0
0.373,248.0,852.9999999999998
0.373,249.00000000000003,653.0
0.373,2839.0,126954.00000000001
0.373,109.00000000000001,112.00000000000001
0.373,148.0,166.0
0.373,169.0,282.0
0.374,25.0,27.0
0.374,86.0,107.0
0.374,95.0,101.0
0.374,93.0,156.0
0.374,3421.0,199890.0000000001
0.374,104.6900186264192,124.27389106324789
0.374,112.00000000000001,204.99999999999997
0.374,80.0,94.0
0.374,79.0,89.0
0.374,109.00000000000001,115.99999999999999
0.374,120.0,308.0
0.374,2440.0,177977.99999999994
0.374,71.0,84.0
0.374,338.679789771991,1922.9446169871871
0.374,1776.0000000000002,81133.0
0.374,96.0,106.0
0.375,304.0,1885.0000000000005
0.375,76.0,84.0
0.375,2360.9999999999995,229699.00000000006
0.375,92.0,384.00000000000006
0.375,98.21405194777375,186.93314312876677
0.375,151.0,299.0
0.375,136.0,184.0
0.375,115.99999999999999,248.0
0.375,373.0,1448.0000000000002
0.375,117.0,280.0
0.375,131.0,152.0
0.376,78.0,102.0
0.376,153.0,459.0
0.376,105.0,158.0
0.376,96.0,150.0
0.376,85.0,87.0
0.376,3343.0,183252.00000000003
0.376,130.33802208104893,383.8437181979144
0.376,90.0,113.99999999999999
0.376,151.0,469.00000000000006
0.376,81.0,141.0
0.376,104.0,211.0
0.376,81.0,106.0
0.376,118.0,153.0
0.376,81.0,82.0
0.376,90.0,150.0
0.376,76.0,144.0
0.376,171.0,328.0
0.377,60.0,106.0
0.377,486.00000000000006,6758.999999999999
0.377,3186.9999999999995,194190.0
0.377,147.0,153.0
0.377,68.0,155.0
0.377,83.0,101.0
0.377,70.0,710.0
0.377,1499.0,80863.99999999997
0.377,142.0,757.0000000000001
0.377,1461.2392001311766,46837.911887700546
0.377,63.0,623.0
0.377,766.9999999999999,29684.000000000007
0.377,1298.0,78065.00000000001
0.377,977.0,35097.00000000001
0.377,111.00000000000001,667.9999999999999
0.377,755.0000000000001,30009.000000000004
0.377,63.0,479.0
0.377,605.0,24492.000000000004
0.377,718.0000000000001,32127.999999999993
0.377,376.99999999999994,3135.0
0.377,277.6927060139069,1400.800919949085
0.377,318.0,7538.000000000001
0.377,110.00000000000001,112.00000000000001
0.377,1002.9999999999999,43222.0
0.377,173.0,259.0
0.377,72.0,252.0
0.377,242.70352284217057,2233.7378986801473
0.377,1616.0000000000005,52453.00000000002
0.377,89.0,103.0
0.377,376.99999999999994,3792.000000000001
0.377,389.0,8582.0
0.377,3519.9999999999995,154362.99999999994
0.377,155.0,2009.0
0.378,130.0,208.0
0.378,118.0,158.0
0.378,80.0,95.0
0.378,218.00000000000003,1107.0000000000002
0.378,1513.0,58947.000000000015
0.378,83.0,94.0
0.378,87.0,103.0
0.378,127.0,154.0
0.378,899.0000000000002,84290.99999999997
0.378,80.0,91.0
0.378,158.0,965.0000000000002
0.378,202.0,498.00000000000006
0.378,111.00000000000001,351.99999999999994
0.378,78.0,83.0
0.379,112.00000000000001,277.99999999999994
0.379,131.0,252.0
0.379,132.0,146.0
0.379,56.00000000000001,63.0
0.379,150.65855435387664,324.22214606655115
0.379,87.0,98.0
0.379,296.0,968.9999999999998
0.379,106.0,236.0
0.379,105.0,109.00000000000001
0.379,102.0,108.0
0.379,138.0,401.99999999999994
0.379,239.0,594.0
0.38,2851.0,141901.99999999997
0.38,84.0,136.0
0.38,120.0,146.0
0.38,97.0,100.0
0.38,76.0,99.0
0.38,104.0,113.99999999999999
0.38,91.0,151.0
0.38,97.0,202.0
0.38,706.9999999999999,16727.000000000007
0.38,77.0,97.0
0.38,943.0000000000001,47495.99999999999
0.38,105.0,149.0
0.38,1213.0000000000002,32863.0
0.38,148.0,200.99999999999997
0.38,163.0,202.99999999999997
0.38,84.0,103.0
0.381,97.0,106.0
0.381,136.0,195.0
0.381,94.0,103.0
0.381,83.0,94.0
0.381,34.00000000000001,40.0
0.381,99.0,105.0
0.381,70.0,94.0
0.381,94.0,153.0
0.381,940.0000000000002,20448.999999999996
0.381,71.0,88.0
0.381,160.0,200.99999999999997
0.382,96.0,101.0
0.382,89.0,90.0
0.382,92.0,108.0
0.382,348.0,1105.0000000000002
0.382,1551.9999999999998,165227.0
0.382,84.0,94.0
0.382,100.0,117.0
0.382,119.0,150.0
0.382,109.00000000000001,110.00000000000001
0.382,369.2857971815326,2656.8985678794743
0.382,80.0,92.0
0.382,370.00000000000006,2178.9999999999995
0.382,83.0,218.00000000000003
0.383,144.0,240.0
0.383,71.0,82.0
0.383,197.0,644.0
0.383,388.0,7119.999999999999
0.383,84.0,93.0
0.383,156.0,511.00000000000006
0.383,94.0,154.0
0.383,154.0,305.99999999999994
0.383,87.0,97.0
0.384,2160.0,131701.99999999997
0.384,101.0,112.99999999999999
0.384,82.0,417.0
0.384,85.0,109.00000000000001
0.384,184.0,2671.9999999999995
0.384,100.0,103.0
0.384,158.0,206.99999999999997
0.384,87.0,94.0
0.384,69.0,73.0
0.384,220.00000000000003,538.0
0.384,98.0,110.00000000000001
0.384,109.00000000000001,141.0
0.384,98.0,206.0
0.384,104.0,132.0
0.384,140.0,1702.0
0.384,90.0,94.0
0.384,2073.0000000000005,100896.99999999997
0.384,92.0,158.0
0.384,89.0,108.0
0.384,172.0,749.9999999999999
0.385,107.0,112.99999999999999
0.385,104.0,384.00000000000006
0.385,116.33572108342305,414.6468376823824
0.385,161.0,657.0
0.385,99.0,208.0
0.385,130.0,151.0
0.385,87.0,97.0
0.385,89.0,101.0
0.385,331.99999999999994,1923.0000000000005
0.385,171.0,413.0
0.385,101.0,113.99999999999999
0.385,70.0,87.0
0.385,151.0,616.0000000000001
0.385,174.0,349.0
0.385,78.0,99.0
0.385,783.0000000000001,31648.000000000015
0.385,79.0,95.0
0.385,684.9999999999999,13249.0
0.385,90.0,98.0
0.385,1149.0,88056.99999999997
0.386,72.0,101.0
0.386,1482.0000000000005,62793.99999999999
0.386,218.00000000000003,695.0000000000001
0.386,75.0,96.0
0.386,71.0,94.0
0.386,81.0,95.0
0.386,97.0,104.0
0.386,76.0,89.0
0.386,146.0,404.0
0.386,254.0,1367.9999999999998
0.386,81.0,98.0
0.387,80.0,91.0
0.387,453.7179740764079,2543.0690120403733
0.387,4001.0,340828.0000000002
0.387,87.0,93.0
0.387,44.0,46.0
0.387,77.0,87.0
0.387,93.0,189.0
0.387,86.0,111.00000000000001
0.387,91.0,263.0
0.387,265.0,1140.0
0.387,92.0,170.0
0.387,138.0,165.0
0.387,128.0,229.0
0.387,82.0,94.0
0.388,101.0,156.0
0.388,271.0,905.9999999999999
0.388,60.0,509.0
0.388,191.87789670720602,1662.299171409343
0.388,64.0,564.0
0.388,119.79983305497551,690.8111174554156
0.388,66.0,187.0
0.388,63.0,415.00000000000006
0.388,85.0,96.0
0.388,3074.9999999999995,154564.00000000006
0.388,54.0,92.0
0.388,61.44916598294886,369.3345367008073
0.388,435.57777721091327,6533.979185764214
0.388,149.82201110544787,1758.984363123193
0.388,178.0,801.0
0.388,62.0,576.0000000000001
0.388,113.99999999999999,299.0
0.388,77.0,84.0
0.388,146.0,702.9999999999999
0.388,76.74633541739956,553.9043238683013
0.388,1238.9999999999998,84363.0
0.388,169.0,2485.0
0.388,637.0000000000001,15848.000000000002
0.388,52.0,131.0
0.388,2449.0,126544.00000000006
0.388,3102.0,159146.99999999994
0.388,368.00000000000006,1995.0
0.388,88.0,98.0
0.388,258.0,2869.0000000000005
0.388,122.0,229.99999999999997
0.388,263.13874667178914,1870.7164402976734
0.388,422.31149640993675,6164.902594526535
0.388,288.0,2937.9999999999995
0.388,200.0,729.0000000000001
0.388,4001.0,242592.99999999997
0.388,61.7980582219215,505.24350564851403
0.388,98.0,102.0
0.388,80.0,98.0
0.388,104.0,108.0
0.388,71.0,182.0
0.389,236.0,2396.9999999999995
0.389,102.0,160.0
0.389,100.02499687578099,113.49008767288886
0.389,96.0,150.0
0.389,90.0,95.0
0.389,87.0,91.0
0.389,158.0,199.0
0.389,145.0,219.0
0.389,69.0,96.0
0.389,96.0,103.0
0.389,96.0,104.0
0.389,1064.0000000000002,41763.000000000015
0.39,153.0,204.99999999999997
0.39,977.0,33548.0
0.39,159.0,755.0000000000001
0.39,99.0,103.0
0.39,250.99999999999997,1003.9999999999998
0.39,93.0,105.0
0.39,90.0,99.0
0.39,73.0,94.0
0.39,83.0,100.0
0.39,225.0,388.0
0.39,190.0,365.0
0.39,149.0,161.0
0.39,121.0,139.0
0.39,83.0,96.0
0.39,67.0,96.0
0.39,81.0,152.0
0.391,101.0,149.0
0.391,219.0,852.9999999999998
0.391,145.0,197.0
0.391,109.00000000000001,111.00000000000001
0.391,109.00000000000001,275.0
0.391,97.0,136.0
0.391,480.99999999999994,13887.0
0.391,343.0,4602.000000000001
0.391,100.0,106.0
0.391,104.0,150.0
0.391,153.0,240.0
0.391,243.00000000000003,1344.0000000000002
0.391,87.0,93.0
0.392,93.0,96.0
0.392,91.0,92.0
0.392,133.0,395.00000000000006
0.392,142.0,499.0
0.392,409.99999999999994,1550.9999999999998
0.392,110.00000000000001,285.0
0.392,89.9809836365809,103.8360335394533
0.392,80.0,94.0
0.392,250.0,491.0
0.392,82.0,128.0
0.392,69.0,94.0
0.392,121.0,157.0
0.392,87.99431799837988,100.9554357129917
0.392,158.0,1334.0000000000005
0.392,98.0,292.0
0.392,85.0,140.0
0.392,1017.0,47887.0
0.392,101.0,317.0
0.392,86.0,98.0
0.393,722.473528926839,11587.762769404633
0.393,311.0,2100.0
0.393,86.0,90.0
0.393,1272.9999999999998,37356.000000000015
0.393,102.0,136.0
0.393,112.99999999999999,162.0
0.393,147.0,173.0
0.393,97.0,152.0
0.393,75.0,129.0
0.393,75.0,100.0
0.393,115.99999999999999,240.0
0.393,102.0,250.99999999999997
0.393,231.9439587486598,1247.0164393463306
0.393,85.0,104.0
0.393,308.0,8050.999999999999
0.393,3259.9999999999995,182980.99999999994
0.393,91.0,96.0
0.393,99.0,614.0
0.393,106.0,113.99999999999999
0.393,86.0,96.0
0.393,77.0,81.0
0.394,89.0,91.0
0.394,84.0,91.0
0.394,283.0,1386.0000000000002
0.394,413.073843277446,8394.757292501077
0.394,84.0,89.0
0.394,145.0,204.0
0.394,90.0,99.0
0.394,64.0,65.0
0.394,2147.0000000000005,180464.00000000003
0.394,97.0,115.99999999999999
0.394,146.0,202.99999999999997
0.394,482.0,5334.999999999999
0.394,57.99999999999999,83.0
0.394,115.99999999999999,144.0
0.394,97.0,101.0
0.395,350.99999999999994,9747.000000000002
0.395,94.0,149.0
0.395,550.806681150474,4922.544159273741
0.395,84.0,151.0
0.395,67.0,84.0
0.395,78.0,104.0
0.395,154.0,1193.9999999999998
0.395,83.0,92.0
0.395,94.0,104.0
0.395,87.0,89.0
0.395,115.99999999999999,784.9999999999998
0.395,209.0,863.0000000000002
0.395,312.00000000000006,6800.000000000002
0.395,123.0,154.0
0.395,4001.0,383328.9999999998
0.396,86.0,90.0
0.396,92.0,99.0
0.396,84.0,104.0
0.396,130.0,535.0
0.396,96.0,97.0
0.396,95.0,100.0
0.396,1016.0000000000002,38768.999999999985
0.396,99.0,100.0
0.396,88.0,147.0
0.396,86.0,96.0
0.396,129.0,466.0000000000001
0.396,142.0,156.0
0.396,100.0,105.0
0.396,101.0,134.0
0.396,72.0,90.0
0.396,185.0,264.0
0.397,96.0,170.0
0.397,830.0000000000001,30393.99999999999
0.397,313.0,3036.0000000000005
0.397,716.0000000000001,14908.999999999995
0.397,74.0,94.0
0.397,100.0,112.00000000000001
0.397,254.99999999999997,1782.9999999999995
0.397,112.99999999999999,185.0
0.397,432.0,8048.999999999996
0.397,752.9999999999999,21494.000000000007
0.397,79.0,104.0
0.397,266.0,694.0
0.397,264.0,5419.0
0.397,101.0,257.0
0.398,958.9999999999998,106804.99999999997
0.398,90.0,164.0
0.398,102.0,115.99999999999999
0.398,1446.0000000000002,73542.00000000001
0.398,428.48920639848086,2272.598512716225
0.398,94.0,103.0
0.398,76.0,86.0
0.398,141.0,1330.0000000000002
0.398,113.00884921102418,288.93770954999974
0.398,90.0,112.99999999999999
0.398,1222.0,48674.000000000015
0.398,111.00000000000001,225.99999999999997
0.398,79.0,145.0
0.398,66.0,100.0
0.398,94.0,102.0
0.398,109.8999545040852,266.20293011159737
0.398,46.0,56.99999999999999
0.398,123.0,143.0
0.398,139.0,372.0
0.399,186.0,544.0
0.399,158.0,208.0
0.399,150.0,247.00000000000003
0.399,192.0,902.0
0.399,117.0,158.0
0.399,93.0,96.0
0.399,92.0,96.0
0.399,85.0,104.0
0.399,97.0,164.0
0.399,295.0,921.0000000000001
0.399,99.0,101.0
0.4,71.0,86.0
0.4,94.0,101.0
0.4,98.0,100.0
0.4,40.0,43.0
0.4,168.0,242.0
0.4,98.0,99.0
0.4,144.0,480.99999999999994
0.4,176.0,344.0
