evolution rate,geometric mean length lived,geometric mean species population time
0.05,917.5186240174487,52593.530476035165
0.05,57.99999999999999,1271.0000000000002
0.05,606.519584442317,22195.800110745447
0.05,3191.841882172133,171537.61697760507
0.05,2811.9999999999995,145284.0
0.05,145.3492019444863,1886.9594143545303
0.05,741.0344121564127,31291.23679243119
0.05,1646.9999999999995,75564.99999999999
0.05,1735.3673286189999,93012.22969880074
0.05,240.9496517355671,4512.100431674385
0.05,786.6108937368992,17532.368883829855
0.05,1026.2592265115084,33856.083677826646
0.05,1183.1754507765104,27733.653756701045
0.05,1082.0000000000002,75737.00000000001
0.05,1699.0354221227226,92388.9330926085
0.05,1035.542369968511,43473.192475363496
0.05,984.4056110070493,25596.949665969663
0.05,699.5563447240246,31097.427069224388
0.05,2002.0732484143607,107833.87300145587
0.05,1470.1645167346264,73299.88515085989
0.05,1847.247953037166,99228.34438808297
0.05,653.2813712203463,23555.67311126493
0.05,772.9273682963161,38378.49625238302
0.05,722.9250894018545,26289.044416479486
0.05,1113.230434366578,56942.202697120854
0.05,2665.1954988720545,148303.22670209903
0.05,30.7571129984594,296.2768975131203
0.05,2163.4666625580344,119396.02618596646
0.05,1727.3884722297958,110978.39244426278
0.05,3552.3448593851354,208515.20088473175
0.05,952.3543972305226,33331.59918665433
0.05,1981.9748096327216,96466.06256090602
0.05,2459.485312011438,109221.08480508703
0.05,1804.6972045193615,89104.11015211363
0.05,389.96153656482585,22294.68759592743
0.05,547.8546243334498,19300.853662603204
0.05,3074.0,159669.0
0.05,395.31138614672585,15314.46154010656
0.05,878.193468165157,18149.549156485868
0.05,1307.068093099973,85353.18005206368
0.05,586.5884417545235,18158.701633101427
0.05,355.4961415625266,12561.662635524512
0.05,1578.8540147841409,92718.76127300232
0.05,640.2593820517831,30065.276702331437
0.05,418.5407050851743,20010.869564362507
0.05,230.68208201845889,2129.632654760742
0.05,1062.7278783382746,78925.85655289174
0.05,1129.3254101257044,46926.91134290774
0.05,93.80666769298688,2164.9140748963505
0.05,1176.8177393596661,73925.20041100659
0.05,872.7811528128187,41157.32021344001
0.05,377.85518332787126,16698.633524516805
0.05,1209.1951868908507,68335.7784034103
0.05,2254.0,85611.99999999999
0.05,663.2675401152718,26928.908025309614
0.05,1548.3597714794107,71313.52446262869
0.05,3131.9999999999995,169683.0
0.05,733.5335138979489,33321.8009219916
0.05,548.7713787481588,23920.077783805453
0.05,336.6876859514406,4088.073560079229
0.05,412.0,25864.999999999985
0.05,1753.1818724550305,99429.69432158826
0.05,578.748650106417,33604.236607904066
0.05,962.6214209127074,54111.341500650306
0.05,855.9136458229559,35959.65150622816
0.05,93.6743540923875,713.9714279839221
0.05,972.082293109962,39236.908731795105
0.05,558.2433901798373,6807.73656230715
0.05,1447.3686468899343,89684.72022033637
0.05,817.4148273673533,32568.44572588629
0.05,660.4354624034055,10101.708617852728
0.05,1070.1965481661616,68365.01421797652
0.05,3557.3435623028317,185745.0090210242
0.05,1080.5840796061213,63513.98239228117
0.05,773.8629179874584,44389.62026538329
0.05,733.9719898995136,20677.360515091925
0.05,1502.3969012030043,81837.02754600055
0.05,235.74558429991953,2886.411362859294
0.05,298.0100669440547,10025.152966414027
0.05,82.0,1407.9999999999998
0.05,3872.950942111196,233164.2506539114
0.05,1160.5599285203346,58483.22654332617
0.05,1050.085781413049,44183.290239897586
0.05,445.0831383011493,5830.7536391104695
0.05,669.3328772115148,10437.89758746861
0.05,724.0199901890738,15344.15128612196
0.05,273.302030727911,9173.169626688476
0.05,229.77589260325607,7954.280182327669
0.05,892.7047742358341,48461.172898230885
0.051,95.0,112.99999999999999
0.051,49.0,66.0
0.051,56.99999999999999,57.99999999999999
0.051,140.0,219.0
0.051,171.0,214.0
0.051,124.10479442793499,378.9722945018541
0.051,87.0,102.0
0.051,106.0,111.00000000000001
0.051,309.0,1518.9999999999998
0.051,73.0,102.0
0.051,90.0,167.0
0.051,181.0,206.99999999999997
0.051,183.0,264.0
0.051,221.0,1643.0000000000002
0.051,130.0,261.0
0.051,101.0,115.99999999999999
0.051,89.0,101.0
0.051,227.0,5090.0
0.051,125.0,166.0
0.051,87.0,89.0
0.051,622.0,32904.99999999999
0.052,94.0,102.0
0.052,83.0,84.0
0.052,83.0,99.0
0.052,227.99999999999997,1632.0
0.052,67.0,71.0
0.052,209.0,608.0
0.052,106.0,209.0
0.052,189.0,1599.9999999999998
0.052,87.0,96.0
0.052,100.0,151.0
0.052,74.0,89.0
0.052,91.0,96.0
0.052,146.0,204.0
0.052,227.99999999999997,1463.0
0.052,191.0,839.0
0.052,87.0,100.0
0.052,91.0,100.0
0.052,659.0,17445.0
0.052,147.0,814.0
0.052,932.0000000000002,23369.00000000001
0.052,88.0,90.0
0.053,96.0,101.0
0.053,216.0,757.0000000000001
0.053,187.0,2401.0000000000005
0.053,222.00000000000003,567.9999999999999
0.053,104.0,315.99999999999994
0.053,227.99999999999997,585.0
0.053,139.0,458.0
0.053,342.00000000000006,3818.999999999999
0.053,72.0,89.0
0.053,202.0,286.0
0.053,88.91569040388767,139.48476619330154
0.053,134.0,141.0
0.053,1465.0,66718.0
0.053,227.99999999999997,1785.0000000000005
0.053,94.0,109.00000000000001
0.053,608.0,21134.000000000004
0.053,84.0,90.0
0.053,111.00000000000001,148.0
0.053,99.0,104.0
0.053,112.99999999999999,148.0
0.053,84.0,94.0
0.053,88.0,97.0
0.054,159.0,198.0
0.054,227.99999999999997,1706.9999999999998
0.054,107.0,170.0
0.054,229.99999999999997,473.00000000000006
0.054,90.0,107.0
0.054,227.99999999999997,3087.0000000000005
0.054,118.0,493.0
0.054,1143.0000000000002,28250.000000000007
0.054,102.0,157.0
0.054,134.0,151.0
0.054,359.0,5154.0
0.054,146.3967212747608,649.8792195477556
0.054,206.0,517.0
0.054,99.0,158.0
0.054,148.0,515.0
0.054,94.0,101.0
0.054,227.99999999999997,564.0
0.054,287.0,3360.000000000001
0.054,129.0,204.99999999999997
0.054,84.0,97.0
0.054,155.0,350.0
0.055,227.99999999999997,1222.0
0.055,227.99999999999997,873.9999999999999
0.055,125.0,156.0
0.055,185.0,337.99999999999994
0.055,37.0,49.0
0.055,227.99999999999997,3101.0000000000005
0.055,229.02401620790775,2122.502296818545
0.055,178.0,368.99999999999994
0.055,170.0,2971.999999999999
0.055,67.88225099390857,84.29116205154607
0.055,89.0,96.0
0.055,102.0,112.99999999999999
0.055,90.0,98.0
0.055,111.00000000000001,112.00000000000001
0.055,221.53329320894412,405.79551500725086
0.055,81.0,177.0
0.055,135.0,200.99999999999997
0.055,227.99999999999997,391.0
0.055,98.0,102.0
0.056,90.0,167.0
0.056,83.0,231.99999999999997
0.056,77.0,93.0
0.056,94.0,229.0
0.056,158.0,1169.0000000000002
0.056,73.67496182557545,99.498743710662
0.056,229.0,1780.0
0.056,71.0,86.0
0.056,187.0,208.0
0.056,109.00000000000001,202.0
0.056,96.0,101.0
0.056,95.95311355031686,126.49110640673517
0.056,197.0,587.0000000000001
0.056,128.0,133.0
0.056,89.0,90.0
0.056,104.0,206.0
0.056,227.99999999999997,4516.0
0.056,227.99999999999997,1771.9999999999995
0.056,46.0,56.99999999999999
0.056,195.31512998229297,1461.4006979606932
0.056,90.0,92.0
0.057,82.0,171.0
0.057,227.99999999999997,1083.9999999999998
0.057,167.0,288.0
0.057,97.0,106.0
0.057,94.0,97.0
0.057,63.0,85.0
0.057,69.0,120.0
0.057,337.99999999999994,1155.9999999999998
0.057,104.0,114.99999999999999
0.057,96.0,99.0
0.057,227.99999999999997,600.0
0.057,131.0,149.0
0.057,439.2243162667568,2898.854946353818
0.057,96.0,109.00000000000001
0.057,379.0,1875.0
0.057,71.0,106.0
0.057,97.0,102.0
0.057,224.00000000000003,2217.0
0.057,227.99999999999997,472.0
0.057,193.0,217.0
0.057,90.0,261.0
0.058,78.0,92.0
0.058,96.0,111.00000000000001
0.058,257.0,1755.9999999999998
0.058,175.0,202.99999999999997
0.058,331.99999999999994,664.0
0.058,96.0,188.0
0.058,227.99999999999997,930.0000000000001
0.058,155.0,344.0
0.058,199.0,358.0
0.058,339.00000000000006,9565.000000000005
0.058,174.0,4067.000000000001
0.058,218.00000000000003,4247.999999999999
0.058,122.0,442.0
0.058,131.0,155.0
0.058,227.99999999999997,1725.9999999999998
0.058,227.99999999999997,625.0000000000001
0.058,68.0,100.0
0.058,105.40398474441088,110.92790451459904
0.058,221.0,265.0
0.058,1372.9999999999998,78818.00000000001
0.058,169.49336270190642,534.055240588462
0.058,1022.0000000000001,25081.000000000004
0.058,91.0,247.00000000000003
0.059,83.0,92.0
0.059,171.0,1371.0000000000005
0.059,106.0,108.0
0.059,88.0,98.0
0.059,93.0,97.0
0.059,139.0,473.00000000000006
0.059,206.0,1314.9999999999998
0.059,221.0,610.0
0.059,153.0,561.0
0.059,123.0,291.0
0.059,176.92936443677178,660.3181051584153
0.059,177.38094598913378,679.1943757128737
0.059,94.0,99.0
0.059,108.66462165764901,125.73782247199925
0.059,71.0,95.0
0.059,111.00000000000001,400.0
0.059,47.0,52.0
0.059,92.0,104.0
0.059,142.0,165.0
0.06,81.0,104.0
0.06,271.49585632197045,1123.470070807407
0.06,56.00000000000001,75.0
0.06,112.99999999999999,270.0
0.06,85.0,98.0
0.06,227.99999999999997,1669.0000000000002
0.06,103.0,112.00000000000001
0.06,61.0,86.0
0.06,103.0,104.0
0.06,340.99999999999994,3807.000000000001
0.06,268.4622878543651,2219.8867088209704
0.06,337.0,13974.000000000004
0.06,1303.9999999999998,71396.0
0.06,73.0,76.0
0.06,112.00000000000001,312.00000000000006
0.06,1572.0000000000002,80271.99999999999
0.06,368.00000000000006,9917.000000000004
0.06,76.0,87.0
0.06,563.0,24080.999999999993
0.06,95.0,250.0
0.06,227.99999999999997,1477.9999999999995
0.06,227.99999999999997,1732.0
0.06,85.0,97.0
0.06,184.0,446.0
0.06,117.0,183.0
0.061,491.0,11178.999999999998
0.061,328.0,4506.0
0.061,113.99999999999999,154.0
0.061,774.0000000000002,27031.000000000007
0.061,92.0,93.0
0.061,90.0,91.0
0.061,90.0,91.0
0.061,46.0,50.0
0.061,158.0,334.0
0.061,120.0,147.0
0.061,156.0,243.00000000000003
0.061,164.0,322.99999999999994
0.061,219.63707379904224,1046.8977002042877
0.061,143.0,237.0
0.061,96.0,102.0
0.061,1472.0,96116.00000000001
0.061,177.0,241.0
0.061,344.0,15053.999999999993
0.061,76.0,91.0
0.061,101.0,749.0000000000002
0.061,93.0,96.0
0.062,635.5862252444556,24394.7963770015
0.062,765.5361557129635,18224.152375837097
0.062,1299.5763068963035,26280.863598363623
0.062,1502.186406542144,84232.46632979465
0.062,696.8815075083847,37274.50334362312
0.062,2274.4874147816245,144087.99931985998
0.062,528.8106235225196,9073.077901055367
0.062,2385.697433114105,126070.91182779131
0.062,1177.320325510344,46720.37714692164
0.062,970.7149637300123,56914.36244821656
0.062,1320.9910188701092,63402.49427358334
0.062,2077.259313029174,113317.0321026059
0.062,2944.0000000000005,129727.00000000004
0.062,309.44183292385105,3493.207539303483
0.062,1697.2876374555203,103031.89803263238
0.062,468.5535000404494,7653.530548608599
0.062,3070.9999999999995,203611.9999999999
0.062,738.0,42397.99999999999
0.062,1395.4695045990236,75880.79995457233
0.062,440.5479702381977,9580.764457389994
0.062,2510.07204255583,146900.80872927766
0.062,2253.04993700207,125699.50389475077
0.062,1741.612127237094,95301.56004397375
0.062,2002.2492352352147,94666.11170846723
0.062,699.2607363077602,12487.430844616521
0.062,511.7242638569656,10753.738635540692
0.062,1870.4247027498354,118125.89599312155
0.062,2068.697847466413,116582.68663142607
0.062,911.2780699611525,17956.414147543303
0.062,1383.0003956781018,62706.15121223897
0.062,1295.0000000000002,73650.26179179536
0.062,1016.672693916029,34742.9853491556
0.062,924.8682619971128,47423.7599514738
0.062,92.10863151735563,1096.6986824100773
0.062,299.0904300263838,10801.301582317466
0.062,1332.9670887161165,54341.30061927103
0.062,683.7115317276389,27819.516116491803
0.062,2022.1330322211738,91704.58294981778
0.062,1539.6570085637138,40991.44751280152
0.062,1902.7358817859333,102423.15797682536
0.062,1155.369067606495,24357.9646533939
0.062,272.4004405282781,9299.885698222311
0.062,742.2966147016499,24630.193818503452
0.062,740.4235747040868,14608.447011261194
0.062,703.1639699677503,27010.55643368896
0.062,191.2732581679113,2474.862574935981
0.062,608.2780894017246,26008.99796977595
0.062,496.1245017090178,15647.457489266912
0.062,428.7306846961155,22392.951480320764
0.062,720.2112497411485,34801.39193798259
0.062,1220.0,68748.99999999999
0.062,733.8670440926574,24947.050195473465
0.062,2813.0000000000005,201580.0000000001
0.062,1268.5048566863265,57222.79066921525
0.062,942.2250623528761,40121.19407276485
0.062,1536.1482253965366,65873.61947282986
0.062,1744.4311496199084,47595.81143005953
0.062,1909.705558294591,104189.35944529682
0.062,1501.9242717299487,84185.65069093481
0.062,511.93906694705794,12925.800772997032
0.062,925.2402389184516,32983.50209997738
0.062,1580.0708844858825,122305.61736894994
0.062,415.00000000000006,14534.0
0.062,1347.6501771602302,81783.08998808985
0.062,469.81430418811766,17277.74986541566
0.062,1554.1477695756782,49507.46620301196
0.062,320.0995239951352,12191.559681561968
0.062,1661.3844346797307,74721.2020681352
0.062,1799.6350077162888,100802.670764888
0.062,1187.305352468353,48125.69604691444
0.062,1602.0819504838453,68719.60632966319
0.062,465.9805688730609,19774.724729693447
0.062,1395.0588048655904,56030.39672733378
0.062,456.12717524830725,14065.129683013942
0.062,1109.5621432106996,52870.04578246815
0.062,1064.43741009042,59993.27324792341
0.062,2693.232036434803,149543.16694511793
0.062,3858.6630265726058,218744.41225772488
0.062,520.7623163217037,7463.830454589397
0.062,1278.4872690640248,72335.15807006504
0.062,2978.0089952881503,140322.25688335465
0.062,1229.1315428627863,18718.800811083696
0.062,970.6904426728073,42007.932020112516
0.062,914.3603184686914,24281.111436410654
0.062,2363.2933053178745,136847.50935059015
0.062,1215.8867375691243,31881.895460292628
0.062,365.04057596075756,10840.839739732999
0.062,613.9600956884457,10996.369764771434
0.062,1713.1005478180355,75070.69021457293
0.062,1429.8639795449071,58679.63807829761
0.062,691.0578710748679,23763.11701562068
0.063,142.0,346.0
0.063,227.99999999999997,6326.0
0.063,244.25396619093002,1016.8677396790592
0.063,159.15401345866212,467.74351946339135
0.063,4001.0,243000.99999999994
0.063,82.0,83.0
0.063,172.0,190.0
0.063,130.0,132.0
0.063,57.99999999999999,67.0
0.063,565.0000000000001,19914.999999999996
0.063,118.32159566199232,314.9444395445013
0.063,227.99999999999997,1319.0
0.063,147.0,195.0
0.063,96.0,153.0
0.063,133.5514881983724,355.3083168179433
0.063,64.0,84.0
0.063,111.00000000000001,172.0
0.063,182.0,267.0
0.063,90.38805230781334,676.1442153860372
0.064,117.0,153.0
0.064,288.0,6718.000000000004
0.064,222.00000000000003,2140.0
0.064,282.4889378365107,1413.2515699619794
0.064,112.99999999999999,162.0
0.064,126.0,246.0
0.064,109.00000000000001,221.0
0.064,98.0,100.0
0.064,87.0,95.0
0.064,457.0,16291.0
0.064,71.0,77.0
0.064,190.0,1468.0000000000002
0.064,187.0,353.0
0.064,108.0,111.00000000000001
0.064,91.0,96.0
0.064,85.0,91.0
0.065,167.0,430.99999999999994
0.065,124.0,161.0
0.065,155.0,395.00000000000006
0.065,1246.0,42479.00000000002
0.065,145.0,245.00000000000003
0.065,721.2003882417148,5820.351449869675
0.065,2301.9999999999995,109429.00000000004
0.065,78.0,110.00000000000001
0.065,72.0,77.0
0.065,226.51269280108784,1234.017828072188
0.065,227.99999999999997,1052.0
0.065,227.99999999999997,1033.0
0.065,163.02147097851864,224.99777776680375
0.065,227.99999999999997,2114.0000000000005
0.065,97.0,144.0
0.065,87.0,105.0
0.065,1213.0000000000002,56011.00000000002
0.065,81.0,96.0
0.065,104.0,206.99999999999997
0.065,118.0,142.0
0.066,130.0,194.0
0.066,166.0,1980.0000000000005
0.066,1483.0000000000002,49262.999999999985
0.066,77.0,98.0
0.066,101.0,152.0
0.066,110.00000000000001,137.0
0.066,73.0,131.0
0.066,860.9999999999998,24474.999999999993
0.066,140.0,294.0
0.066,99.76973488989535,145.78065715313537
0.066,90.0,102.0
0.066,107.0,191.0
0.066,307.0,3321.0
0.066,227.99999999999997,810.9999999999998
0.066,4001.0,249334.00000000012
0.066,172.0,272.0
0.067,84.0,98.0
0.067,190.0,424.0
0.067,288.0,2031.9999999999998
0.067,138.0,627.0
0.067,131.0,204.99999999999997
0.067,143.0,723.0
0.067,112.99999999999999,151.0
0.067,97.0,150.0
0.067,56.99999999999999,92.0
0.067,127.27922061357857,199.2234925906079
0.067,87.0,95.0
0.067,295.0,766.9999999999999
0.067,112.99999999999999,223.0
0.067,181.0,988.9999999999999
0.067,186.0,441.0
0.067,88.0,109.00000000000001
0.067,227.99999999999997,689.0
0.067,92.56349172324907,141.07444843060705
0.067,77.0,98.0
0.067,193.0,624.0
0.067,94.0,96.0
0.067,180.0,247.00000000000003
0.068,101.0,112.99999999999999
0.068,202.99999999999997,600.0
0.068,88.0,92.0
0.068,101.0,155.0
0.068,82.0,100.0
0.068,132.0,182.0
0.068,85.0,90.0
0.068,93.0,103.0
0.068,80.0,93.0
0.068,137.0,158.0
0.068,146.3967212747608,328.19506394825623
0.068,110.00000000000001,199.0
0.068,99.0,110.00000000000001
0.068,188.0,805.0000000000002
0.068,83.0,90.0
0.068,96.0,98.0
0.068,1016.0000000000002,54338.999999999985
0.068,105.0,198.0
0.068,227.99999999999997,1243.0
0.068,133.0,168.0
0.068,101.0,190.0
0.069,124.45079348883237,475.22205336032124
0.069,85.0,102.0
0.069,122.37646832622684,191.0601999370879
0.069,80.0,94.0
0.069,145.61593319413916,281.4249455894058
0.069,77.0,83.0
0.069,91.0,97.0
0.069,414.62272007211567,11358.58305423701
0.069,105.0,108.0
0.069,60.0,61.0
0.069,250.99999999999997,5288.0
0.069,120.0,134.0
0.069,149.0,818.0
0.069,77.0,90.0
0.069,101.4889156509222,108.0
0.07,511.00000000000006,4885.000000000001
0.07,88.0,112.00000000000001
0.07,129.0,315.99999999999994
0.07,171.0,186.0
0.07,349.62837413459454,1885.3965100211678
0.07,162.6653005407115,705.231876761112
0.07,434.99999999999994,12416.000000000002
0.07,227.99999999999997,1998.0
0.07,74.0,174.0
0.07,68.0,99.0
0.07,94.0,106.0
0.071,227.99999999999997,1948.0
0.071,470.0,8280.999999999998
0.071,101.0,268.0
0.071,110.00000000000001,148.0
0.071,175.0,2868.0
0.071,101.0,155.0
0.071,607.0,15739.999999999998
0.071,999.0,27788.000000000004
0.071,112.99999999999999,115.99999999999999
0.071,227.99999999999997,453.0
0.071,69.0,96.0
0.071,80.0,150.0
0.071,148.0,300.00000000000006
0.071,106.0,107.0
0.071,204.0,618.0000000000001
0.072,74.0,83.0
0.072,107.0,113.99999999999999
0.072,285.0,5365.000000000001
0.072,179.0,4302.000000000001
0.072,124.0,553.9999999999999
0.072,78.0,135.0
0.072,163.0,372.0
0.072,94.0,95.0
0.072,142.0,459.99999999999994
0.072,168.0,210.0
0.072,227.99999999999997,698.0000000000001
0.072,4001.0,265502.0000000001
0.072,2289.0000000000005,121936.99999999997
0.072,168.0,405.99999999999994
0.072,32.0,37.0
0.072,457.0,18649.000000000007
0.072,82.0,85.0
0.072,147.0,1303.9999999999998
0.072,287.0,6776.000000000002
0.072,141.0,298.0
0.073,1061.3850554464884,49483.87307317671
0.073,1241.1224758258147,78618.23457697332
0.073,1026.0,63930.00000000001
0.073,3065.460145230847,198866.74848401616
0.073,1408.1119677509264,52700.530350608584
0.073,2094.038204044998,115199.69533379852
0.073,1469.4635581912105,77885.15317238786
0.073,1178.6495884983176,27694.92841159215
0.073,742.1447480734831,25058.427928290115
0.073,2411.4971162475895,146105.46768085318
0.073,3550.0,201558.00000000006
0.073,273.67498972321164,2682.7094512824156
0.073,811.9666401341119,30373.107100016103
0.073,1451.1097683605842,73695.49430692999
0.073,3022.6777863344937,163550.85722795833
0.073,407.05372700774296,16596.44863097225
0.073,632.5390354480669,24542.811802046195
0.073,1656.4043568018785,70933.64046437503
0.073,715.6311899295614,5906.576673505562
0.073,1240.82273955996,51225.18942815669
0.073,2368.962440443402,148713.1825366628
0.073,1706.6385585004095,87242.64733184784
0.073,3509.5445598358615,214100.06635796954
0.073,1032.7937754005718,30584.129578157022
0.073,2923.568912952664,156770.73499074584
0.073,1292.9952798618917,26988.299376342256
0.073,4001.0,273748.9999999999
0.073,449.24826098717404,12182.385111299012
0.073,615.8941400109691,24039.397200676216
0.073,1885.6879248563296,90233.13485124195
0.073,1455.8549142489721,57680.88044309012
0.073,1290.1191902565054,48786.16599964921
0.073,1989.679068973715,123546.31711968471
0.073,453.43638780732175,7340.732701570131
0.073,1509.0592630042609,90189.25901628594
0.073,3972.801730973962,231457.100875026
0.073,2503.3701543416646,140768.26508731945
0.073,529.9807980792615,15694.938131248095
0.073,1187.723542344634,31288.744410143572
0.073,1022.1849519035477,39199.36046424814
0.073,2071.44208006539,92547.52374781018
0.073,3742.999999999999,179476.0
0.073,1017.0,63154.999999999985
0.073,1470.0972671728778,67041.8076622499
0.073,702.2084537186004,10320.951667817022
0.073,727.3502327082308,29309.93884966308
0.073,748.7593830316632,32041.83328168584
0.073,1595.5529437790062,62256.81767136351
0.073,2364.8616404188565,132582.93508821412
0.073,1393.6905012533975,62409.34215844363
0.073,2617.3775889215394,136684.07823439338
0.073,982.3804970904723,52215.32817423142
0.073,1891.3955983954015,103369.61500176837
0.073,2485.1683833195675,146505.31435152906
0.073,1611.6736642385144,86495.95028670413
0.073,1809.8808232226154,98731.16608079801
0.073,968.0000000000001,21822.999999999996
0.073,964.0795937693646,22629.70107127567
0.073,1545.9676818431185,79296.00601368696
0.073,1418.4431606518465,51889.72005127802
0.073,1268.2278975010759,66661.43379046085
0.073,469.3504720063815,13931.263390881764
0.073,1177.42163588614,38667.36894907215
0.073,2128.308241521554,114544.54507432977
0.073,2822.7417211690617,167390.3736846389
0.073,1668.341500705913,113459.86744057178
0.073,1385.49771421503,78807.24584196572
0.073,901.1523110422065,33872.72218789239
0.073,1221.388591811635,48312.977128620805
0.073,1348.7528612451824,47436.648946092144
0.073,2135.0864530328927,114975.13401788707
0.073,2775.5431042321984,173058.84669389745
0.073,3504.0,165209.99999999994
0.073,3192.89022673815,178853.92763090212
0.073,1527.3105572966892,97895.1845594602
0.073,1256.825847728894,62516.91108117017
0.073,2239.8614978240985,116828.94061596724
0.073,1172.5104882806343,73059.54823190777
0.073,1127.8846773341406,49357.515438436865
0.073,4001.0,208359.99999999994
0.073,3015.480136624241,183038.59329849156
0.073,746.584540907098,13631.046095261396
0.073,689.8417517926034,15797.033632722221
0.073,1420.0366192461374,59712.659562273686
0.073,1752.3569627694194,76363.14512869892
0.073,1250.7199734975798,48544.192802910424
0.073,2034.4378121928617,116890.07231052042
0.073,916.9192985208676,72210.72204319802
0.073,2458.8629927116117,142673.96550182506
0.073,1460.26321985761,76476.60942928682
0.073,1415.291333808894,76005.51651568113
0.073,863.0362589367385,25490.186367218717
0.074,129.0,312.00000000000006
0.074,141.0,248.0
0.074,121.41663806908838,210.178495569837
0.074,138.0,202.0
0.074,125.0,152.0
0.074,227.99999999999997,1243.0
0.074,1433.0000000000002,79001.00000000003
0.074,95.0,115.99999999999999
0.074,227.99999999999997,4259.0
0.074,227.99999999999997,5381.000000000001
0.074,148.0,262.0
0.074,1372.9999999999998,35593.99999999999
0.074,156.0,209.0
0.074,95.0,110.00000000000001
0.074,223.0,409.99999999999994
0.074,34.99999999999999,42.0
0.074,180.0,2396.0
0.074,109.00000000000001,111.00000000000001
0.074,103.0,149.0
0.074,94.0,98.0
0.075,180.0,236.0
0.075,100.0,105.0
0.075,227.99999999999997,2616.9999999999995
0.075,68.0,84.0
0.075,153.24490203592418,471.3257896614612
0.075,121.12803143781376,435.16088978675464
0.075,101.0,105.0
0.075,139.0,331.99999999999994
0.075,103.0,110.00000000000001
0.075,95.0,101.0
0.075,1556.0000000000005,33735.0
0.075,106.0,108.0
0.075,312.00000000000006,6483.999999999999
0.075,128.1483515305601,168.59418732566078
0.075,108.0,343.0
0.075,138.0,181.0
0.075,82.0,138.0
0.075,227.99999999999997,6192.999999999999
0.075,288.0,8371.0
0.075,131.67004116517745,289.6247340113184
0.075,413.99999999999994,13335.000000000002
0.075,482.0,4641.999999999999
0.075,145.0,169.0
0.076,75.0,87.0
0.076,69.0,147.0
0.076,173.0,331.99999999999994
0.076,245.69900284697943,1270.225176887941
0.076,109.00000000000001,157.0
0.076,522.0,12279.999999999996
0.076,65.0,96.0
0.076,75.0,82.0
0.076,96.0,100.0
0.076,227.7630347532277,828.5704556644532
0.076,82.0,90.0
0.076,121.0,141.0
0.076,78.0,82.0
0.076,79.0,106.0
0.076,95.0,102.0
0.076,85.0,103.0
0.076,79.0,93.0
0.077,55.00000000000001,70.0
0.077,157.0,1427.9999999999998
0.077,60.0,95.0
0.077,368.00000000000006,8386.999999999998
0.077,322.0,905.0000000000001
0.077,84.0,144.0
0.077,131.0,143.0
0.077,76.0,86.0
0.077,68.0,97.0
0.077,103.0,106.0
0.077,330.0,1111.0
0.077,78.0,186.0
0.077,227.99999999999997,2556.0
0.077,121.0,147.0
0.077,93.0,211.0
0.077,178.88543819998318,1206.422397006952
0.077,299.0,7726.000000000001
0.077,516.0,13231.999999999996
0.077,85.0,97.0
0.077,84.0,90.0
0.077,128.0,161.0
0.077,143.0,172.0
0.078,88.0,92.0
0.078,77.0,98.0
0.078,88.0,89.0
0.078,96.0,164.0
0.078,227.99999999999997,11450.000000000004
0.078,81.0,100.0
0.078,227.99999999999997,2036.0
0.078,96.0,239.0
0.078,175.0,266.0
0.078,106.0,273.0
0.078,93.0,153.0
0.078,299.0,495.0
0.078,152.0,380.0
0.078,143.8054240979804,212.83796653792763
0.078,140.0,227.0
0.078,113.99999999999999,197.0
0.078,558.0,19342.999999999996
0.078,161.0,3722.0000000000005
0.078,137.0,145.0
0.078,84.0,91.0
0.078,90.0,93.0
0.078,196.0,495.0
0.079,90.0,100.0
0.079,97.0,104.0
0.079,99.0,108.0
0.079,114.99999999999999,129.0
0.079,76.0,107.0
0.079,517.0,7842.999999999998
0.079,81.0,99.0
0.079,227.99999999999997,2822.9999999999995
0.079,78.0,98.0
0.079,111.78550889985696,228.36812387021092
0.079,157.60710643876436,276.02536115364467
0.079,123.0,217.0
0.079,113.99999999999999,231.0
0.079,121.0,161.0
0.079,97.0,206.0
0.079,91.0,108.0
0.08,4001.0,272123.0
0.08,233.0,585.0
0.08,127.0,149.0
0.08,227.99999999999997,1025.0
0.08,99.0,147.0
0.08,96.0,236.0
0.08,138.0,166.0
0.08,133.0,146.0
0.08,93.0,106.0
0.08,74.0,246.0
0.08,25.0,27.0
0.08,39.0,72.0
0.08,220.00000000000003,649.9999999999999
0.08,142.74102423620195,789.6727170163597
0.081,111.00000000000001,155.0
0.081,81.0,100.0
0.081,72.0,151.0
0.081,95.0,104.0
0.081,176.0,886.9999999999998
0.081,227.99999999999997,1351.9999999999998
0.081,101.0,106.0
0.081,826.0,31530.00000000001
0.081,78.0,89.0
0.081,172.0,936.9999999999999
0.081,113.41075786714416,196.0816156604183
0.081,97.0,153.0
0.081,260.54941949657075,830.6076089225286
0.081,356.0,1948.9999999999998
0.081,440.00000000000006,27413.999999999993
0.081,74.0,93.0
0.081,108.0,109.00000000000001
0.082,112.99999999999999,158.0
0.082,204.99999999999997,538.0
0.082,99.0,102.0
0.082,164.0,503.0
0.082,86.0,90.0
0.082,111.00000000000001,148.0
0.082,64.0,80.0
0.082,69.0,98.0
0.082,285.0,13229.000000000005
0.082,192.0,788.0000000000001
0.082,81.0,94.0
0.082,105.0,162.0
0.082,173.0,904.0000000000001
0.082,64.0,85.0
0.082,89.0,102.0
0.082,78.70832230456955,110.19981851164728
0.082,107.0,159.0
0.082,75.0,146.0
0.082,91.0,100.0
0.082,227.99999999999997,1630.9999999999995
0.082,94.0,101.0
0.082,457.0,21209.999999999993
0.083,99.0,136.0
0.083,336.0,2487.0
0.083,275.0,657.0
0.083,94.0,206.99999999999997
0.083,95.0,144.0
0.083,48.0,63.0
0.083,152.0,493.0
0.083,80.0,107.0
0.083,147.8783283649095,344.33994830690204
0.083,90.0,97.0
0.083,111.00450441310929,200.97512283862397
0.083,122.67028980156525,426.01291060248394
0.083,134.0,150.0
0.083,152.0,358.0
0.083,79.0,132.0
0.083,109.08104961399223,127.58199006826733
0.083,227.99999999999997,525.0
0.083,171.25419702886117,968.3124495739997
0.083,79.0,132.0
0.083,123.0,140.0
0.083,186.0,336.0
0.083,93.0,94.0
0.083,76.0,133.0
0.083,86.0,102.0
0.083,569.0000000000001,11547.000000000004
0.084,79.0,166.0
0.084,34.99999999999999,44.0
0.084,610.0,19135.999999999993
0.084,75.0,90.0
0.084,227.99999999999997,250.99999999999997
0.084,350.0,6196.999999999999
0.084,101.0,167.0
0.084,126.0,690.0
0.084,91.0,152.0
0.084,137.0,184.0
0.084,86.0,97.0
0.084,227.99999999999997,1496.0
0.084,187.0,464.00000000000006
0.084,78.0,90.0
0.084,69.0,81.0
0.084,97.0,164.0
0.084,87.63560920082658,119.53242237987148
0.084,252.47574140895202,1766.7835181481628
0.084,212.0,1465.0
0.084,185.0,529.0
0.084,180.0,2494.0000000000005
0.085,1402.7495479985732,72343.55044193321
0.085,3724.545931226347,245773.6172188349
0.085,1894.7044343618238,90618.24581893875
0.085,2504.080461425031,150062.69246333337
0.085,3986.975420039605,258989.42029357105
0.085,2898.4900387171056,185332.24244343565
0.085,3642.9266907005776,235684.60503574152
0.085,4001.0,239616.72576008295
0.085,2776.5637744994583,174738.0230531045
0.085,1359.0058502075583,43536.3789625919
0.085,1956.9126220819019,106131.03149812562
0.085,1293.210473130043,46591.1098104447
0.085,4001.0,293673.1574165676
0.085,713.7352450313773,40161.27507935972
0.085,1836.260535767472,75790.3702891247
0.085,1350.409354917251,39367.55437433745
0.085,1499.6426438109938,46456.79827856261
0.085,1986.9669258464817,115490.93533228435
0.085,2291.1934336284908,127587.89493280844
0.085,530.5676205725335,32886.787863821555
0.085,2164.386248646126,129753.89048134854
0.085,1816.7969690150446,92804.38042962838
0.085,2486.268921628231,159364.26889549464
0.085,3219.0207268549384,198202.58329288062
0.085,1998.7893136387377,100220.43350201682
0.085,743.9945582902637,12445.411776003673
0.085,2024.2850589776135,58855.42031113194
0.085,3283.7801639627123,215420.84815735585
0.085,728.0179670942493,16660.756405731307
0.085,3974.6553431415123,270750.1530115469
0.085,2549.813001589042,149181.3606962614
0.085,1354.091265443217,65690.69935458094
0.085,1738.6918050515774,45280.98341471445
0.085,2405.4170755791515,143714.16119335024
0.085,3200.8823189258237,216330.0374416332
0.085,3387.8294516960646,197289.59817582072
0.085,1576.215436952617,75746.42966323832
0.085,839.6244154252992,35941.698047158185
0.085,440.84010706831106,17835.666514038654
0.085,718.4211856564364,7891.073311026834
0.085,3696.7173433433054,218786.9087291599
0.085,2627.1397001544306,139974.72240935577
0.085,3326.3366203063683,207960.51786589005
0.085,2696.345672110138,134314.4047469894
0.085,2841.602708394733,175282.24341835885
0.085,3523.133274860283,212751.6031556631
0.085,3537.1356377446596,233467.4586758758
0.085,2224.272942445948,127756.00829738492
0.085,2500.157935776611,126735.58847032725
0.085,1406.727392393668,45948.62109562435
0.085,1239.4885649987057,42114.70351657465
0.085,1514.9305401603633,82485.14322578264
0.085,2391.687569385782,144471.14703243918
0.085,1111.9818284611151,29993.354226692372
0.085,2046.2582728464877,86670.55030982819
0.085,1038.5038814594177,43666.397887565
0.085,3003.7432036917326,182076.50038155977
0.085,1389.3957817875455,29698.96087394151
0.085,455.5883224057117,11444.882369419925
0.085,3570.320153711709,234247.37946026184
0.085,3833.8092318179188,244627.91552724867
0.085,2701.5122805093156,169274.14736548372
0.085,1242.3478830642712,58737.001216670615
0.085,396.7774747120445,10885.906566861542
0.085,1605.7880775584615,83900.95895344666
0.085,1079.0,67837.00000000001
0.085,2050.7787518516993,77577.18057133678
0.085,1462.3355888240883,48888.82200430406
0.085,819.0049127077287,13999.679451339378
0.085,3294.116788185942,218318.11638887908
0.085,3314.3841827249894,185135.5567554126
0.085,1533.2963850383326,66253.47270908629
0.085,1000.1249921884764,66396.58221625569
0.085,854.8712900879918,26735.71077983502
0.085,1869.9241230179666,95899.1202735704
0.085,1807.6950755744167,39692.803746807025
0.085,2537.397004913051,146805.14564626524
0.085,2292.257303433339,138806.45704106323
0.085,3258.8452255070847,208698.375287939
0.085,2162.7004015244224,105404.18965245754
0.085,1039.6899343844022,48087.42247846115
0.085,4001.0,268047.28067762277
0.085,2134.1324238470497,124094.7938427093
0.085,2624.061675577108,159502.567697781
0.085,2669.59088230237,157306.173981424
0.085,885.5110317551187,17012.921509015283
0.085,1682.6336590003166,78759.93452998754
0.085,992.390381764328,23996.199832991624
0.085,884.9120141598424,24589.666601426212
0.085,4001.0,280386.27276608016
0.085,1033.70209827131,36918.259101482196
0.085,3758.2344990619745,242929.4632930611
0.085,536.723392447171,6123.105666244869
0.086,98.0,153.0
0.086,142.0,509.99999999999994
0.086,106.0,109.00000000000001
0.086,102.0,107.0
0.086,93.0,96.0
0.086,81.0,97.0
0.086,79.0,86.0
0.086,227.99999999999997,1557.0000000000002
0.086,123.0,240.0
0.086,547.0,14085.0
0.086,163.0,942.0
0.086,174.0,264.0
0.086,85.0,90.0
0.086,118.0,142.0
0.086,1144.0,54825.999999999985
0.086,89.0,102.0
0.087,82.0,144.0
0.087,93.0,137.0
0.087,111.00000000000001,202.0
0.087,82.0,99.0
0.087,86.0,134.0
0.087,86.0,99.0
0.087,141.9715607928172,543.1138524948814
0.087,155.0,335.0
0.087,100.0,225.0
0.087,637.9999999999999,18629.000000000004
0.087,183.0,434.0
0.087,168.0,262.0
0.087,95.0,148.0
0.087,70.0,97.0
0.087,200.0,408.0
0.087,185.0,692.0000000000001
0.087,202.99999999999997,383.00000000000006
0.087,134.0,178.0
0.087,142.0,397.00000000000006
0.087,177.0,649.9999999999999
0.087,93.0,96.0
0.087,814.0,23173.000000000007
0.087,117.0,145.0
0.087,112.99999999999999,212.0
0.087,89.0,97.0
0.087,123.0,163.0
0.087,122.0,209.0
0.087,191.0,381.0
0.087,162.0,287.0
0.088,95.0,212.0
0.088,79.0,138.0
0.088,131.0,192.0
0.088,164.0,212.0
0.088,575.0,17636.000000000007
0.088,166.0,723.0
0.088,139.0,157.0
0.088,132.0,146.0
0.088,822.0000000000001,33115.0
0.088,70.0,85.0
0.088,93.0,191.0
0.088,115.99999999999999,594.9999999999999
0.088,93.0,94.0
0.088,407.0,9376.000000000004
0.088,184.6076921474292,464.073270077043
0.088,125.0,139.0
0.088,121.0,179.0
0.088,85.0,183.0
0.088,297.0,1534.9999999999998
0.088,81.0,97.0
0.088,386.99999999999994,2039.0
0.088,55.00000000000001,56.99999999999999
0.088,86.0,174.0
0.088,4001.0,312150.9999999999
0.089,227.99999999999997,3331.0
0.089,91.0,98.0
0.089,94.0,101.0
0.089,90.0,213.0
0.089,246.0,623.0
0.089,113.44602240713422,128.9418473576364
0.089,96.91749068150702,114.7214016650773
0.089,4001.0,297003.00000000006
0.089,93.0,103.0
0.089,69.0,82.0
0.089,106.48943609579308,206.920274502041
0.089,99.0,330.0
0.09,184.0,413.0
0.09,131.0,312.00000000000006
0.09,792.0000000000001,29768.999999999993
0.09,88.0,152.0
0.09,81.0,92.0
0.09,88.0,145.0
0.09,186.0,1322.9999999999998
0.09,113.99999999999999,115.99999999999999
0.09,96.0,102.0
0.09,177.0,321.0
0.09,227.99999999999997,2335.9999999999995
0.09,371.00000000000006,9723.0
0.09,593.0,24907.000000000007
0.09,557.6217355878446,5345.460036329893
0.09,455.83769041183945,3303.9990920095606
0.09,105.0,113.99999999999999
0.09,83.0,93.0
0.09,93.11283477587824,120.0
0.091,85.0,92.0
0.091,182.0,217.0
0.091,87.0,97.0
0.091,90.0,149.0
0.091,134.0,212.0
0.091,89.0,92.0
0.091,140.84033513166602,643.2262432457184
0.091,96.0,151.0
0.091,191.7576595601855,843.2994723109937
0.091,85.0,92.0
0.091,409.0,1426.0000000000002
0.091,100.0,102.0
0.091,59.0,82.0
0.091,178.0,234.0
0.091,74.0,132.0
0.091,111.00000000000001,114.99999999999999
0.091,133.0,490.00000000000006
0.091,109.00000000000001,511.99999999999994
0.091,67.0,76.0
0.091,175.0,299.0
0.092,182.0,229.0
0.092,84.0,103.0
0.092,162.0,401.0
0.092,138.0,168.0
0.092,81.0,138.0
0.092,4001.0,230914.0
0.092,285.0,3731.999999999999
0.092,237.12233129758152,1767.9471145936463
0.092,398.0,1721.0
0.092,103.0,109.00000000000001
0.092,159.0,183.0
0.092,128.0,197.0
0.092,286.0,1793.0000000000002
0.092,227.99999999999997,3327.9999999999995
0.092,83.0,98.0
0.093,498.00000000000006,4910.999999999999
0.093,90.0,97.0
0.093,112.00000000000001,227.99999999999997
0.093,287.0,359.0
0.093,95.0,105.0
0.093,105.0,113.99999999999999
0.093,146.0,237.0
0.093,307.0,859.9999999999998
0.093,84.0,90.0
0.093,86.0,98.0
0.093,102.0,106.0
0.093,166.0,206.99999999999997
0.093,134.0,197.0
0.093,227.99999999999997,1058.0
0.093,112.00000000000001,153.0
0.093,210.0,1047.9999999999998
0.093,225.0,356.0
0.093,100.0,149.0
0.093,63.0,139.0
0.093,90.0,151.0
0.093,134.0,443.00000000000006
0.093,185.0,426.0
0.093,108.0,218.00000000000003
0.093,100.0,105.0
0.094,99.0,112.99999999999999
0.094,81.0,89.0
0.094,138.0,327.00000000000006
0.094,149.0,501.0
0.094,227.99999999999997,850.0
0.094,99.0,105.0
0.094,210.88385428951173,2236.952167570867
0.094,67.0,97.0
0.094,123.0,186.0
0.094,98.0,186.0
0.094,98.0,102.0
0.094,238.0,910.0
0.094,156.0,300.00000000000006
0.094,969.9999999999998,34953.0
0.094,317.0,4832.0
0.094,117.98304963002101,152.56474035634838
0.094,84.0,86.0
0.094,174.0,359.99999999999994
0.094,1336.0000000000002,27949.999999999993
0.094,79.0,99.0
0.094,136.0,212.0
0.094,210.0,358.0
0.094,227.99999999999997,1458.0000000000005
0.094,97.0,101.0
0.094,93.0,106.0
0.094,142.87407042567241,172.4731863218164
0.094,82.0,97.0
0.094,93.0,99.0
0.094,92.0,99.0
0.095,471.0,6034.000000000002
0.095,119.0,366.0
0.095,94.0,153.0
0.095,4001.0,248911.99999999994
0.095,182.44999314880778,615.996753238197
0.095,94.0,159.0
0.095,184.0,921.0000000000001
0.095,121.0,200.0
0.095,139.2700098132441,474.02790669311685
0.095,125.0,200.0
0.095,227.99999999999997,786.9999999999999
0.095,105.69768209379049,142.16187955988764
0.095,83.0,89.0
0.095,74.0,90.0
0.095,121.0,200.99999999999997
0.095,78.0,90.0
0.096,89.72736483370053,104.48923389517219
0.096,85.0,142.0
0.096,97.0,138.0
0.096,102.0,104.0
0.096,78.0,84.0
0.096,125.0,219.0
0.096,187.0,270.0
0.096,93.0,96.0
0.096,180.0,206.99999999999997
0.096,331.0845813383644,2634.5064053822307
0.096,180.0,221.0
0.096,741.0000000000001,37487.000000000015
0.096,678.0,18387.000000000004
0.096,130.0,156.0
0.096,81.0,83.0
0.096,87.0,93.0
0.096,98.0,151.0
0.096,133.6413109783049,198.0
0.096,96.0,99.0
0.096,114.99999999999999,190.0
0.096,96.0,110.00000000000001
0.096,88.0,97.0
0.097,1302.4684257209465,80621.67682453651
0.097,3288.639313330519,204556.0944453763
0.097,1908.9580723714469,99788.85671232869
0.097,2106.7588491559136,126828.74550614413
0.097,2370.7383322764545,132792.06723871815
0.097,3515.9691447011555,231888.46826412337
0.097,2800.4762088015996,165200.7584297821
0.097,3110.975888586477,207806.99095874553
0.097,3846.2505726404006,238562.74064571652
0.097,3941.79489594976,260001.6931629263
0.097,2828.990469156215,145212.9520435302
0.097,3426.2113727858905,235279.25628593707
0.097,3466.0465310951936,226818.52375445396
0.097,2993.117128908209,153444.09666698816
0.097,1858.4966236780197,61535.13136971426
0.097,2546.29590965092,153980.86804999085
0.097,2824.4712504567283,160888.00484327757
0.097,2036.9432583745706,120274.50924402669
0.097,1681.2208003079782,65419.75889379895
0.097,2187.9639051500203,123721.72908149366
0.097,1527.2279304951874,73085.0062335225
0.097,3096.8186805784703,197477.69774663265
0.097,3126.946968164607,188899.66909785097
0.097,2521.972105197517,123247.00249493078
0.097,1208.9292066913383,38822.98395911038
0.097,3379.90740068199,175555.29902741697
0.097,2195.378351415345,99847.10301682152
0.097,1475.9765285367791,45898.24144884884
0.097,2740.3012166701847,174823.97495625578
0.097,2725.667025483354,159522.75568182603
0.097,2507.583449759507,155271.3040004413
0.097,771.2336472061527,12799.179029377356
0.097,3177.6222237772718,201292.1025410309
0.097,2585.4176890476338,159718.1777973229
0.097,3589.61259244562,247425.3942860971
0.097,2490.860886548175,125299.17303093667
0.097,2863.78546864946,168125.55626069233
0.097,619.1988529051713,14739.894194734416
0.097,3739.630952627841,245153.83114811676
0.097,1881.820109241573,73609.70309794063
0.097,2722.007276887015,152607.79282703946
0.097,1495.0308157889554,49979.45243876654
0.097,2125.485983104205,132287.93570162103
0.097,2591.7266983759887,134382.8192843086
0.097,2595.9764794376356,132961.06538682806
0.097,4001.0,219903.61753504648
0.097,3982.428389161488,259445.76202819202
0.097,3546.146602986045,248225.955443612
0.097,2179.748625379353,115519.07077699628
0.097,2154.3678898574544,112523.15333519969
0.097,1648.4406397500147,53004.446992166246
0.097,2968.74876027041,183038.39210368693
0.097,2636.648216303811,156276.83538342913
0.097,1954.835086014397,87038.01657267645
0.097,3640.4923008319324,225922.33693345537
0.097,1090.376414452979,62905.634508551964
0.097,1403.6696408914033,61790.9292488028
0.097,1555.3795868404754,79193.60309057462
0.097,1675.4561390059007,56148.163679408106
0.097,2301.1006738252195,104129.41917076
0.097,2996.7515475206424,184285.70446825578
0.097,3249.163461521999,212106.14771766413
0.097,2755.459875181021,138634.37557387946
0.097,3697.751174895028,226121.41127761398
0.097,2148.0303811679482,114327.29949636057
0.097,805.1521595325943,29962.070422452445
0.097,1790.5238563805156,67548.5633537419
0.097,3138.928391815394,189123.61325550269
0.097,2974.745580619628,177295.39663536783
0.097,1369.0822840473263,50596.62925073557
0.097,2746.357858046509,175761.06371671666
0.097,2164.525583124395,104917.46776395239
0.097,4001.0,283591.1410146658
0.097,4001.0,268530.5784822279
0.097,2253.7526885762118,133249.55577735446
0.097,2276.7996783387316,127669.809550928
0.097,1299.9978118523159,53838.81880813043
0.097,4001.0,275619.38351559505
0.097,2048.9208809630904,137760.53997864103
0.097,3148.0920000771425,196410.953857367
0.097,1683.8214420790234,77694.99356453052
0.097,2453.271666727527,134085.46396816787
0.097,1374.7963292102684,62299.430903725646
0.097,2899.650592980613,169737.49973151705
0.097,1764.1241994181432,94735.28646103993
0.097,2832.7621030489577,174029.32876145025
0.097,2760.400511465383,178450.95546575513
0.097,3112.9780950290324,207366.60332990706
0.097,3989.416482728484,269510.17945774767
0.097,2904.072218335085,190201.034976842
0.097,2588.144498848434,172282.82637835166
0.097,2834.960816738182,148977.84323603404
0.097,1404.599508053596,64175.720513548935
0.097,1695.9063865723572,100031.6480988837
0.098,138.0,601.0
0.098,96.0,102.0
0.098,129.3986089569745,219.88178642170433
0.098,139.0,145.0
0.098,91.0,97.0
0.098,166.9970059611848,720.7620966726815
0.098,73.0,82.0
0.098,179.0,242.0
0.098,85.0,157.0
0.098,118.19475453673907,147.0510115572144
0.098,227.99999999999997,726.9999999999999
0.098,204.0,254.99999999999997
0.098,361.9102098587438,2256.913822014478
0.098,107.0,109.00000000000001
0.098,227.99999999999997,1476.9999999999998
0.098,686.0,30263.999999999993
0.099,775.9999999999999,24714.000000000004
0.099,115.99999999999999,190.0
0.099,126.17844506887855,151.56186855538567
0.099,81.0,88.0
0.099,734.9999999999999,13179.0
0.099,142.0,252.0
0.099,212.0,778.0000000000001
0.099,127.0,190.0
0.099,163.0,245.00000000000003
0.099,209.0,930.0000000000001
0.099,75.0,95.0
0.099,88.0,95.0
0.099,92.0,181.0
0.099,432.0,2492.9999999999995
0.099,101.0,103.0
0.099,430.0,21272.0
0.099,96.0,105.0
0.099,164.0,280.0
0.099,227.99999999999997,295.0
0.099,96.0,103.0
0.099,136.73331708109768,170.15287244122564
0.099,134.6996659238619,327.18801934056205
0.099,93.0,163.0
0.099,88.0,91.0
0.099,102.0,104.0
0.099,102.0,111.00000000000001
0.099,89.0,91.0
0.099,195.0,631.0
0.099,108.0,112.00000000000001
0.1,227.99999999999997,1388.9999999999998
0.1,82.0,101.0
0.1,80.0,94.0
0.1,72.0,79.0
0.1,227.99999999999997,1912.0000000000005
0.1,82.0,132.0
0.1,93.0,110.00000000000001
0.1,342.00000000000006,1156.9999999999998
0.1,191.0,246.0
0.1,105.0,112.99999999999999
0.1,132.0,409.0
0.1,91.0,109.00000000000001
0.1,47.0,64.0
0.1,187.24582772387748,469.95744488198073
0.1,138.0,250.99999999999997
0.1,98.0,160.0
0.1,199.0,417.0
0.1,87.0,95.0
0.1,81.0,93.0
0.101,106.0,154.0
0.101,142.13373983681709,245.9715430695185
0.101,4001.0,258080.00000000012
0.101,148.0,170.0
0.101,1154.0,34102.00000000001
0.101,227.99999999999997,10892.000000000004
0.101,107.0,108.0
0.101,149.0,249.00000000000003
0.101,514.0,2935.0
0.101,78.0,93.0
0.101,108.0,110.00000000000001
0.101,86.0,280.0
0.101,107.0,110.00000000000001
0.101,112.00000000000001,260.0
0.101,99.0,100.0
0.101,286.0,1780.0
0.101,120.0,192.0
0.102,156.0,193.0
0.102,227.99999999999997,889.0
0.102,168.0,405.0
0.102,83.0,98.0
0.102,198.0,2398.0
0.102,105.0,106.0
0.102,176.0,859.9999999999998
0.102,93.23089616645332,106.47065323364933
0.102,207.7161524773651,1277.892014217164
0.102,4001.0,232540.0
0.102,227.99999999999997,5929.000000000001
0.102,105.0,111.00000000000001
0.102,658.0000000000001,19661.999999999996
0.102,127.20849028268515,197.35754355990548
0.102,111.00000000000001,112.99999999999999
0.102,59.0,73.0
0.102,111.00000000000001,311.0
0.103,915.0,32758.000000000004
0.103,74.0,91.0
0.103,388.0,11744.000000000004
0.103,99.0,149.0
0.103,89.0,99.0
0.103,315.99999999999994,908.0
0.103,151.0,257.0
0.103,183.0,239.0
0.103,76.0,98.0
0.103,216.0,921.0000000000001
0.103,101.0,104.0
0.103,227.99999999999997,591.0
0.104,74.0,86.0
0.104,80.0,88.0
0.104,93.0,125.0
0.104,92.0,96.0
0.104,227.99999999999997,580.9999999999999
0.104,87.0,99.0
0.104,172.0,1482.0000000000005
0.104,127.216351150314,193.38562511210597
0.104,92.0,627.0
0.104,574.3753128399583,13613.077719604777
0.104,709.5237839565351,7228.2584347821985
0.104,93.0,305.99999999999994
0.104,113.99999999999999,145.0
0.104,130.0,148.0
0.104,188.0,434.99999999999994
0.104,155.0,257.0
0.104,102.0,157.0
0.104,227.99999999999997,6634.000000000002
0.104,94.0,103.0
0.104,147.0,173.0
0.105,106.0,150.0
0.105,102.0,210.0
0.105,110.00000000000001,158.0
0.105,101.0,105.0
0.105,139.0,182.0
0.105,340.99999999999994,1755.9999999999998
0.105,106.0,154.0
0.105,131.0,144.0
0.105,78.0,82.0
0.105,86.0,91.0
0.105,272.0,1255.0000000000002
0.105,92.0,186.0
0.105,97.0,102.0
0.105,186.0,365.0
0.105,126.0,137.0
0.105,98.0,544.0
0.105,175.0,559.0
0.105,227.99999999999997,1372.0000000000002
0.105,227.99999999999997,570.0000000000001
0.105,828.9999999999998,14033.000000000004
0.106,87.0,140.0
0.106,125.02399769644225,531.4884758863544
0.106,97.0,98.0
0.106,117.0,132.0
0.106,162.0,204.99999999999997
0.106,93.0,146.0
0.106,123.0,135.0
0.106,107.0,305.0
0.106,107.0,158.0
0.106,213.0,1065.0
0.106,107.0,305.99999999999994
0.106,204.99999999999997,284.0
0.106,182.0,217.0
0.106,128.90306435457614,343.8240829261383
0.106,178.66169147301832,759.2548979097863
0.106,99.0,156.0
0.106,182.0,420.0
0.106,85.0,86.0
0.106,96.81425514871248,103.99519219656264
0.106,227.99999999999997,736.0
0.106,50.0,53.0
0.107,194.0,2163.0000000000005
0.107,99.0,204.99999999999997
0.107,227.99999999999997,7168.999999999998
0.107,202.0,3484.000000000001
0.107,69.0,225.99999999999997
0.107,91.0,105.0
0.107,315.99999999999994,10138.000000000002
0.107,227.99999999999997,1071.0
0.107,1038.9999999999998,6649.000000000003
0.107,227.99999999999997,1694.0000000000002
0.107,98.0,151.0
0.107,182.0,1630.0000000000005
0.107,77.0,82.0
0.107,150.0,184.0
0.107,99.0,105.0
0.107,206.0,388.0
0.107,115.99999999999999,261.0
0.107,136.0,261.0
0.107,107.65686229869418,206.47033685253678
0.108,1652.3348960052858,74600.60896579122
0.108,3354.077927193648,239392.0988810163
0.108,1592.0652120326993,60712.59248930207
0.108,2118.458985586816,117444.80714986418
0.108,4001.0,284625.64708744537
0.108,2211.930533733573,135586.12806870477
0.108,2881.665724170595,176666.4247408913
0.108,2914.9428749743415,159038.38888387635
0.108,3803.2104651539626,258483.58738050197
0.108,3848.160587222757,269319.8873070087
0.108,4001.0,289276.9938125786
0.108,3328.7418246645175,187709.89898145018
0.108,3659.9227953426152,252474.13579776062
0.108,1579.6273279409822,70466.19106522316
0.108,2847.5093791025615,164911.96252903016
0.108,1689.9476230874918,96008.99203367159
0.108,1335.3785092142423,49459.59138680074
0.108,4001.0,282570.60540156433
0.108,1114.8388676539544,41956.614598976055
0.108,2841.8096685480464,166132.00665256986
0.108,4001.0,283833.00000000006
0.108,2485.0206120961566,155145.88938276184
0.108,1071.0149530170036,43792.96533378369
0.108,2125.872956422595,122492.72824975781
0.108,1643.4211488562323,95382.17183325923
0.108,1256.5591797020606,38872.75268688465
0.108,1983.9661194836467,113241.04953891378
0.108,2404.1474304023145,122749.16881865202
0.108,2287.1563613545027,91078.09127282207
0.108,2888.6911549518522,165312.01421961485
0.108,4001.0,292911.9999999998
0.108,4001.0,273082.98268963984
0.108,4001.0,290860.7617761461
0.108,1090.9669568967959,34237.2517008387
0.108,3240.3326557124396,191788.95404977744
0.108,2534.3516449875037,179232.7747721583
0.108,4001.0,297486.1369932753
0.108,3755.5779140787267,275313.3055809145
0.108,1641.5956697126742,91001.40194250987
0.108,2629.7219622006405,158706.75024514415
0.108,1124.9825204176557,25896.02210419663
0.108,3836.649098239397,275946.81061361573
0.108,2680.9420993323974,160340.67836683473
0.108,675.3876145920381,11918.846173327584
0.108,3559.523153533745,251878.462381215
0.108,3158.979670227446,211860.84804116908
0.108,2054.1445573627675,121301.37715940773
0.108,2679.6651212408824,196562.44017462144
0.108,3412.7005624118538,200656.0895203652
0.108,3652.6241330273488,219582.00913522177
0.108,3774.132278306133,251534.9039955166
0.108,1535.2775634345655,71674.66164302171
0.108,2312.6559299962137,107722.94924444336
0.108,1519.6420309044497,72353.25505815621
0.108,2220.068715239063,107851.83104026513
0.108,2847.3200176420414,174063.6490943785
0.108,3734.23680722204,244954.3784968433
0.108,3697.6147971129285,249763.65009354358
0.108,2392.1165636720057,140303.4175449812
0.108,2469.17239702698,118952.3692578364
0.108,2278.731163616566,91186.99357212658
0.108,938.1721237426752,22990.251037226815
0.108,2765.327930350183,159875.9643262193
0.108,3787.3734041845287,251724.83288044564
0.108,2783.111687948046,157316.47847370015
0.108,1882.1893570341913,63367.36048446093
0.108,3658.1610044241784,234650.92936031366
0.108,3844.2614222118855,255311.89677775925
0.108,3755.5779140787267,268967.990605111
0.108,1324.041817277999,56457.43661122827
0.108,2725.4192537444173,146223.44720130766
0.108,2360.3307368956357,119430.37645255523
0.108,1559.8910992435667,71818.72544876167
0.108,2798.7737425201726,176644.06648094015
0.108,1041.3749322540846,44274.666398929614
0.108,3480.148844356088,244294.71503427406
0.108,3837.497910177674,272839.18887047976
0.108,4001.0,279158.5565801366
0.108,1931.381644030489,95052.1160407532
0.108,3077.1276708346627,215841.11398236224
0.108,1492.2795302329148,70368.49334747178
0.108,3856.9004231306076,226815.11922177306
0.108,2756.1070158394314,143957.69113342257
0.108,3081.080349910354,185241.98192351192
0.108,1791.9859824888722,109186.79195606221
0.108,2955.9390670663242,140032.45209149324
0.108,3612.144851055129,221834.42800963158
0.108,2407.5830248984003,152055.2844651376
0.108,1654.468725902063,71225.10616208223
0.108,2274.140257330151,142831.00651296138
0.108,2824.0894258597828,181395.6901112887
0.108,1440.8655964743652,63349.18267320847
0.108,3229.8372250627544,227080.5634769733
0.108,2836.510604400316,146362.34847354773
0.109,82.0,150.0
0.109,227.99999999999997,490.00000000000006
0.109,98.0,157.0
0.109,104.0,110.00000000000001
0.109,87.0,100.0
0.109,86.0,92.0
0.109,56.00000000000001,88.0
0.109,649.9999999999999,9815.999999999996
0.109,92.0,95.0
0.109,144.4576062379548,204.2351585795159
0.109,93.0,345.0
0.109,103.99519219656264,111.95981421920993
0.109,107.9953702711371,228.89298809705815
0.109,104.0,195.0
0.109,277.99999999999994,1313.0000000000002
0.109,167.0,300.00000000000006
0.109,95.0,105.0
0.109,4001.0,249529.0000000001
0.109,188.0,412.0
0.109,179.0,240.0
0.11,227.99999999999997,4654.0
0.11,66.332495807108,115.26925001924842
0.11,210.0,676.0
0.11,101.0,164.0
0.11,67.0,97.0
0.11,167.0,216.0
0.11,172.0,277.99999999999994
0.11,2180.9999999999995,140911.0
0.11,227.99999999999997,755.0000000000001
0.11,227.99999999999997,914.0
0.11,150.0,212.0
0.11,120.0,415.00000000000006
0.11,108.0,143.0
0.11,681.0,29103.000000000007
0.11,180.0,312.00000000000006
0.11,686.0,24545.000000000004
0.11,105.0,109.00000000000001
0.11,152.24979474534604,274.12405950591057
0.11,93.0,99.0
0.11,97.54998718605759,132.33291351738615
0.11,90.0,114.99999999999999
0.11,126.0,265.0
0.11,90.0,101.0
0.11,102.0,159.0
0.11,693.0,18768.999999999996
0.11,227.99999999999997,5895.999999999998
0.11,144.0,471.0
0.111,82.0,101.0
0.111,134.0,356.0
0.111,99.0,146.0
0.111,96.0,100.0
0.111,147.47881203752627,216.57100452276615
0.111,4001.0,293347.0
0.111,100.0,196.0
0.111,114.99999999999999,161.0
0.111,95.0,206.99999999999997
0.111,76.0,97.0
0.111,106.0,183.0
0.111,227.99999999999997,2869.0000000000005
0.111,175.35677916750183,337.18837465132157
0.111,144.04166064024673,305.9411708155671
0.111,155.0,311.0
0.111,107.0,112.99999999999999
0.111,168.0,1253.0
0.112,96.0,105.0
0.112,183.0,312.00000000000006
0.112,102.0,109.00000000000001
0.112,172.82360949823956,246.77925358506135
0.112,105.0,109.00000000000001
0.112,115.99999999999999,315.0
0.112,130.0,242.0
0.112,457.0,7164.999999999999
0.112,112.00000000000001,465.00000000000006
0.112,103.8652973807903,116.05171261123206
0.112,106.0,115.99999999999999
0.112,97.0,111.00000000000001
0.112,88.0,96.0
0.112,99.0,101.0
0.112,227.99999999999997,1272.9999999999998
0.112,133.0,144.0
0.112,213.0,1365.0000000000002
0.112,860.9999999999998,20705.0
0.113,105.0,110.00000000000001
0.113,227.99999999999997,3279.999999999999
0.113,121.0,142.0
0.113,134.0,208.0
0.113,319.0,985.0000000000001
0.113,968.0000000000001,22212.999999999996
0.113,80.0,114.99999999999999
0.113,91.0,101.0
0.113,149.0,309.0
0.113,451.99999999999994,8818.000000000002
0.113,292.4841876067832,1944.3610775779277
0.113,95.0,104.0
0.113,177.0,242.0
0.113,227.99999999999997,1143.0000000000002
0.113,132.0,243.00000000000003
0.113,109.70414759707128,146.3693957082559
0.113,87.0,92.0
0.114,127.0,299.0
0.114,227.99999999999997,552.0
0.114,180.0,291.0
0.114,162.0,474.0
0.114,227.99999999999997,1386.0000000000002
0.114,227.99999999999997,1505.0000000000005
0.114,87.0,106.0
0.114,102.0,103.0
0.114,197.0,2806.9999999999995
0.114,177.0,442.0
0.115,99.0,163.0
0.115,227.99999999999997,882.0
0.115,165.0,223.0
0.115,133.0,606.0
0.115,78.0,90.0
0.115,101.0,108.0
0.115,144.0,2621.0000000000005
0.115,184.0,1214.9999999999998
0.115,227.99999999999997,2004.9999999999998
0.115,4001.0,282715.0000000001
0.115,229.99999999999997,449.0
0.115,81.0,87.0
0.115,497.0,6423.999999999998
0.115,124.0,151.0
0.115,101.0,159.0
0.116,645.0,22073.999999999993
0.116,626.1772911883662,5368.763637933784
0.116,227.99999999999997,637.9999999999999
0.116,71.0,78.0
0.116,30.0,34.00000000000001
0.116,85.0,187.0
0.116,90.0,106.0
0.116,175.0,480.99999999999994
0.116,145.0,204.0
0.116,134.0,263.0
0.116,98.0,101.0
0.116,88.0,108.0
0.116,178.0,421.0
0.116,2578.0000000000005,70500.99999999997
0.116,155.0,187.0
0.116,175.0,199.0
0.116,130.0,147.0
0.117,227.99999999999997,1035.9999999999998
0.117,227.99999999999997,2174.0
0.117,3977.0000000000005,251990.99999999988
0.117,176.0,2465.0
0.117,143.0,208.0
0.117,96.0,145.0
0.117,101.0,106.0
0.117,87.0,111.00000000000001
0.117,206.99999999999997,1317.0
0.117,99.0,102.0
0.117,78.0,137.0
0.117,70.0,96.0
0.117,76.0,84.0
0.117,131.0,583.0
0.117,64.0,97.0
0.117,112.99999999999999,114.99999999999999
0.117,73.0,100.0
0.118,138.0,236.0
0.118,216.69333169250962,1210.8224477601996
0.118,274.0,1435.0
0.118,124.0,737.0
0.118,157.0,199.0
0.118,227.99999999999997,1708.9999999999995
0.118,92.0,96.0
0.118,88.0,107.0
0.118,227.99999999999997,6511.000000000002
0.118,173.0,470.0
0.118,79.0,104.0
0.118,89.0,95.0
0.118,106.0,107.0
0.118,34.99999999999999,50.0
0.118,133.0,565.0000000000001
0.118,83.0,109.00000000000001
0.118,151.0,216.0
0.118,120.0,413.99999999999994
0.118,101.0,249.00000000000003
0.118,88.0,95.0
0.119,112.00000000000001,150.0
0.119,85.0,242.0
0.119,225.0,2343.0
0.119,74.0,86.0
0.119,111.00000000000001,158.0
0.119,151.0,200.0
0.119,189.0,527.0
0.119,66.0,136.0
0.119,122.0,350.99999999999994
0.119,106.0,173.0
0.119,86.0,90.0
0.119,133.0,143.0
0.119,188.0,4252.0
0.119,102.0,448.00000000000006
0.119,227.99999999999997,575.0
0.119,103.0,157.0
0.119,285.0,909.0
0.119,139.98979517453927,289.01241550569944
0.119,94.0,148.0
0.12,2291.100059950582,134672.7051600083
0.12,3809.287123010261,270709.897667897
0.12,3400.009416890566,198906.97966543672
0.12,3121.847622339267,181924.37650162666
0.12,1739.2008243069035,74409.43790888891
0.12,3596.2858317520754,222127.65937354843
0.12,4001.0,260702.60323211204
0.12,3856.9328537393085,256364.26216760455
0.12,2440.7961255816767,117497.63339979968
0.12,3062.5916033302724,186156.68698290034
0.12,1269.2933295647465,31177.2109154017
0.12,3677.200803636155,250650.48059332557
0.12,1294.8871747317169,35485.15985341763
0.12,2303.934270870799,90314.79952846616
0.12,1619.7052886490956,60516.46339616326
0.12,3923.1425144966656,269222.5137939326
0.12,2676.493209792876,170720.73344536134
0.12,3737.9213078133207,256867.18430450078
0.12,3286.1066515682514,221775.53335510078
0.12,3346.176125838696,220308.3990122368
0.12,3309.136855291945,229818.56522320458
0.12,4001.0,308126.547717005
0.12,3483.750801422976,229144.33326231543
0.12,996.1478744421792,45343.4849728116
0.12,4001.0,276755.30051868584
0.12,2148.211441559058,101122.07997095461
0.12,2734.826045606252,146105.23882004476
0.12,1296.3685246943191,56528.436651660464
0.12,4001.0,268980.53538897756
0.12,2796.079783639366,137829.08896951022
0.12,3262.9221565952207,225772.14930323002
0.12,1984.4338855697451,112397.65305355722
0.12,2737.4794139227483,166171.02639076606
0.12,3373.07268879497,203021.6264061593
0.12,4001.0,277472.71240531147
0.12,4001.0,273725.72339629196
0.12,2552.3398108522015,150366.98518626942
0.12,2132.889813873886,110973.88683567317
0.12,1301.356771460059,56929.10648250862
0.12,3459.0748593534586,231524.33064783123
0.12,3439.9121556548193,235053.8466415866
0.12,1358.6561728324875,62501.54047255859
0.12,3414.2491249658606,234684.2805117371
0.12,2338.897905548115,146698.3157298498
0.12,3172.6928752601416,220206.54853628433
0.12,2629.6935715503787,156083.96129900124
0.12,2983.8156907892985,185472.7548958332
0.12,1869.0152390968906,70351.2659550103
0.12,4001.0,256161.59338784555
0.12,1954.835086014397,71655.33275806572
0.12,3300.031780124467,238918.52626662198
0.12,4001.0,255180.77649424184
0.12,1345.6151752261771,36795.34264903562
0.12,2170.657604279853,106837.5876629375
0.12,3275.0550448447007,207141.43579533038
0.12,4001.0,285852.37049272977
0.12,3561.658993562461,243227.78171280102
0.12,3399.731517712577,226805.33745547678
0.12,1742.0546378498482,80116.62799325325
0.12,4001.0,288722.7076997954
0.12,2924.196958569313,135576.76212970255
0.12,2137.1976637105763,70349.2372893738
0.12,3327.9942354658397,232175.0124706522
0.12,3724.047798747221,263913.47904822906
0.12,3020.5323429202795,159779.5749337071
0.12,3216.4570167492634,210346.44390554517
0.12,3328.3917317311925,190603.49136432505
0.12,1136.3909637502923,45973.23133923867
0.12,3699.027795510022,236361.47689606843
0.12,2138.3828644720184,108400.57198129334
0.12,2872.1065752654563,159919.75411663123
0.12,1779.1477208436288,58628.39960000831
0.12,1715.9245043685928,67691.17566548682
0.12,1093.2510652883304,26978.999569981373
0.12,4001.0,282293.54445328715
0.12,2209.6929765304844,109593.20490023751
0.12,2106.1165719683695,95866.81502473452
0.12,1601.6929681117108,49491.88256801998
0.12,2992.454086801205,190933.37537782724
0.12,1546.3611484402365,68725.60102916558
0.12,2337.812225136998,143429.88192841815
0.12,2644.820557259351,138411.75870155467
0.12,2493.235638625355,143917.69009110055
0.12,1561.2486780016702,66006.48036742934
0.12,4001.0,283337.579613966
0.12,1623.3967853109789,110414.16796584749
0.12,3285.7767723610336,208742.82453598335
0.12,2159.099883270813,78891.99996884596
0.12,3011.1301537542854,196670.3938027587
0.12,1403.343383165135,45374.66512409091
0.12,2825.8549681600452,183887.4982360631
0.12,3755.927042756288,245182.1075410225
0.12,1330.7525849057508,58694.145931366016
0.12,4001.0,283354.273515048
0.121,227.99999999999997,275.99999999999994
0.121,111.00000000000001,340.0
0.121,138.0,334.0
0.121,135.0,200.99999999999997
0.121,34.00000000000001,36.0
0.121,137.0,146.0
0.121,86.0,102.0
0.121,101.0,106.0
0.121,142.0,565.0000000000001
0.121,70.0,90.0
0.121,1047.9999999999998,37787.999999999985
0.121,215.69886416019907,681.8496901810545
0.121,227.99999999999997,522.0
0.121,113.30489839367053,279.0537582617371
0.121,129.0,157.0
0.121,370.00000000000006,16598.0
0.121,81.0,319.0
0.121,113.46805717910217,304.7375920361648
0.121,156.0,322.0
0.121,107.0,603.0
0.121,223.0,379.0
0.121,91.0,145.0
0.121,112.99999999999999,143.0
0.121,140.0,208.0
0.122,244.23144760656848,1232.361554090357
0.122,136.0,337.99999999999994
0.122,101.0,106.0
0.122,92.0,94.0
0.122,77.0,83.0
0.122,81.0,155.0
0.122,40.0,61.0
0.122,92.0,136.0
0.122,217.0,594.0
0.122,154.0,256.0
0.122,91.0,147.0
0.122,39.0,54.0
0.122,135.0,305.0
0.122,86.0,94.0
0.122,247.65298302261573,1951.4271700476029
0.122,93.0,112.99999999999999
0.122,317.0,731.0
0.122,185.2133904446436,509.4879782683787
0.123,98.0,104.0
0.123,73.0,179.0
0.123,76.30203142774116,91.3892772703669
0.123,87.0,92.0
0.123,107.0,322.99999999999994
0.123,110.00000000000001,112.00000000000001
0.123,193.0,1182.0
0.123,110.00000000000001,161.0
0.123,1303.9999999999998,49316.99999999999
0.123,96.0,108.0
0.123,96.0,158.0
0.123,190.0,2031.9999999999998
0.123,100.0,204.99999999999997
0.123,117.0,149.0
0.123,155.0,596.0
0.123,171.0,418.0
0.123,227.99999999999997,619.0
0.123,138.0,419.00000000000006
0.123,78.0,127.0
0.123,70.0,82.0
0.123,119.0,245.00000000000003
0.124,219.0,1493.0
0.124,174.0,558.0
0.124,105.0,167.0
0.124,139.0,149.0
0.124,227.99999999999997,355.0
0.124,110.00000000000001,351.99999999999994
0.124,175.0,284.0
0.124,65.0,73.0
0.124,100.0,333.00000000000006
0.124,97.0,163.0
0.124,77.0,96.0
0.124,70.0,124.0
0.124,192.0,347.0
0.124,441.0,1952.9999999999998
0.124,117.07262703125782,201.04725812604357
0.124,178.0,1412.0
0.124,80.820789404707,95.46727187890099
0.124,227.99999999999997,1557.0000000000002
0.124,91.0,284.0
0.124,72.0,79.0
0.124,79.0,85.0
0.124,227.99999999999997,2422.9999999999995
0.124,67.0,79.0
0.124,133.0,145.0
0.124,466.0000000000001,9882.999999999996
0.125,130.0,216.0
0.125,130.0,438.0
0.125,288.0,1390.0
0.125,287.0,3385.0
0.125,47.0,56.99999999999999
0.125,98.0,103.0
0.125,95.0,144.0
0.125,81.0,87.0
0.125,201.45470955031058,534.7410588312814
0.125,227.99999999999997,2123.0000000000005
0.125,94.0,108.0
0.125,970.9999999999999,32119.000000000007
0.125,98.0,248.0
0.125,91.0,97.0
0.125,227.99999999999997,438.99999999999994
0.125,403.0,8187.000000000002
0.126,279.0,449.0
0.126,221.0,1397.0
0.126,897.9999999999999,43570.000000000015
0.126,84.0,96.0
0.126,91.46584061823299,99.43842315724842
0.126,110.00000000000001,138.0
0.126,136.0,141.0
0.126,118.0,541.0
0.126,138.5640646055102,239.73735628808456
0.126,83.0,96.0
0.126,87.0,91.0
0.126,320.0,4331.000000000001
0.126,170.0,461.00000000000006
0.126,188.0,473.00000000000006
0.126,95.0,99.0
0.126,187.0,309.0
0.126,457.0,14811.999999999998
0.127,120.89251424302499,297.24737172933925
0.127,227.99999999999997,5683.999999999998
0.127,112.00000000000001,119.0
0.127,114.29785649783639,1239.6015488857702
0.127,227.99999999999997,391.99999999999994
0.127,82.0,85.0
0.127,102.0,112.00000000000001
0.127,132.0,195.0
0.127,97.0,157.0
0.127,86.0,171.0
0.127,162.0,1160.0000000000002
0.127,96.0,160.0
0.127,113.99999999999999,176.0
0.127,227.99999999999997,1336.9999999999995
0.127,602.0,12511.000000000002
0.128,87.0,192.0
0.128,335.0,1824.0000000000002
0.128,81.0,114.99999999999999
0.128,87.0,93.0
0.128,102.0,149.0
0.128,106.0,156.0
0.128,99.0,111.00000000000001
0.128,287.0,3912.0000000000005
0.128,269.0427475328038,1498.1872379646015
0.128,227.99999999999997,329.0
0.128,185.0,628.0
0.128,101.0,107.0
0.129,227.99999999999997,613.0
0.129,91.0,104.0
0.129,100.0,104.0
0.129,99.0,105.0
0.129,108.0,235.0
0.129,271.0,1136.0
0.129,202.87927444665215,1745.1670407155866
0.129,227.99999999999997,2549.0
0.129,210.0,507.0
0.129,97.0,140.0
0.129,166.0,204.99999999999997
0.129,95.0,96.0
0.129,28.000000000000004,34.99999999999999
0.129,153.0,285.0
0.129,86.0,284.0
0.129,227.0,6600.999999999999
0.13,470.0,7356.000000000002
0.13,151.0,1153.0
0.13,100.0,154.0
0.13,137.0,151.0
0.13,104.0,105.0
0.13,86.0,98.0
0.13,140.84033513166602,306.25479588081555
0.13,106.0,109.00000000000001
0.13,83.0,128.0
0.13,97.0,106.0
0.13,124.0,290.0
0.13,97.0,162.0
0.13,139.0,324.0
0.13,170.0,284.0
0.131,134.0,383.00000000000006
0.131,115.99999999999999,152.0
0.131,189.0,211.0
0.131,227.99999999999997,2294.0
0.131,76.0,91.0
0.131,73.0,86.0
0.131,302.22839045993027,753.1002589297126
0.131,77.0,84.0
0.131,106.0,107.0
0.131,89.0,103.0
0.131,88.0,152.0
0.131,227.99999999999997,983.9999999999998
0.131,82.0,94.0
0.131,562.0,14189.999999999995
0.131,125.73782247199925,276.76705006196096
0.131,179.2986335698072,371.70552861102294
0.131,555.2729058760204,6115.687205866563
0.131,158.0,401.99999999999994
0.131,103.0,111.00000000000001
0.132,4001.0,289190.194469409
0.132,2319.2965550666977,115360.57532520205
0.132,3205.644133942993,204828.85934825777
0.132,1806.9425247061233,77045.33238233616
0.132,3973.1389612619373,280869.12783860473
0.132,2865.03774896869,191098.84557398135
0.132,3504.7601226651614,243673.8433425528
0.132,3562.742584151728,261229.5693665843
0.132,2368.282284084423,125719.86739384678
0.132,1951.8514539684259,109390.26900554025
0.132,1008.5508602983193,29202.217700167017
0.132,3363.4312085359156,203531.71528499393
0.132,2220.0189307833443,135842.36647863686
0.132,3623.1530884858153,250336.1315216456
0.132,2696.4538705466553,178781.04040433865
0.132,3088.29850027163,162359.44235622504
0.132,4001.0,280592.49636683223
0.132,3545.494280188139,255659.76095964925
0.132,3919.525299946022,271082.55633555516
0.132,4001.0,274931.22726057516
0.132,1808.4757133880694,112990.96599389438
0.132,2718.8147967921436,123575.4006130335
0.132,1796.1746293509427,108593.22181228535
0.132,2606.3417916242242,152947.87823750486
0.132,1582.681607536926,48200.69494742962
0.132,4001.0,262962.6591155716
0.132,2449.706759110606,162291.2157933258
0.132,4001.0,266225.0685390987
0.132,4001.0,264883.1202323895
0.132,2620.7843731057637,170134.11191430656
0.132,2450.246562935551,133137.91742948565
0.132,4001.0,280933.842841532
0.132,3050.4618016563413,175656.76406217198
0.132,3756.9102058833655,255342.84801559287
0.132,4001.0,261392.4109686432
0.132,1906.052986176056,84861.15488294733
0.132,4001.0,270214.4838714626
0.132,3763.304749043025,242814.83707585986
0.132,4001.0,273707.45116406336
0.132,4001.0,276087.1258684915
0.132,2960.8862627286258,195921.3667123767
0.132,4001.0,300640.3298804081
0.132,3921.1172850712946,282220.77269880293
0.132,3239.374149481758,164329.4916854811
0.132,1473.9254207898166,51112.51335114417
0.132,2164.652365420925,136081.47805604816
0.132,3575.9189028835644,233032.93076945152
0.132,1456.203969229585,84375.64904046663
0.132,3174.972639770861,175868.33467417126
0.132,4001.0,281354.78613020177
0.132,4001.0,280140.4957032895
0.132,4001.0,281762.5005803517
0.132,2796.6578587920976,148309.24293664328
0.132,3010.314151952625,167963.30506297766
0.132,4001.0,290201.273862706
0.132,4001.0,273141.1394593181
0.132,2901.116674886312,182524.87357483103
0.132,3244.405897677953,232984.9925824226
0.132,2392.545423064771,149028.91535475285
0.132,3819.6428778384325,276065.60663563793
0.132,1627.2418280965312,81500.65474679839
0.132,3325.9356510306397,227439.711284655
0.132,3435.5010404248583,227225.4867017206
0.132,3535.222880849072,229353.54569625348
0.132,2406.084675915862,124353.96350558958
0.132,2517.018017938807,94497.92008400476
0.132,4001.0,282555.772738323
0.132,1126.2128049094808,25703.070755064084
0.132,2333.5297298298988,92586.05021276146
0.132,3770.6017275455984,249806.88702012575
0.132,3149.3440032916633,199055.01967757219
0.132,3010.310080811084,177861.99128459036
0.132,2925.925243014588,173819.45255022598
0.132,2677.78956705762,122408.21213176296
0.132,289.62326029302335,4158.910582116731
0.132,4001.0,274375.14729267097
0.132,2731.728722531244,159222.21385692316
0.132,3911.9994268840906,281167.17354223796
0.132,1376.9374158105034,43032.082855977
0.132,3180.0763646834207,181927.20618144848
0.132,2600.192574840746,148572.50810595087
0.132,3592.1229129037442,244314.08450979803
0.132,3439.320281956119,221143.7015495359
0.132,4001.0,287045.37039639545
0.132,2264.136355729485,119396.15274291798
0.132,4001.0,282164.62146590935
0.132,2480.3221276435283,130762.90063591444
0.132,4001.0,279117.3678260862
0.132,1780.992319133299,86128.44489085326
0.132,1938.2824871519626,111523.48016449263
0.132,2728.226609128865,165208.5344129312
0.132,3229.6928149613414,218066.43064821782
0.132,3323.5793858141287,203068.61740450494
0.132,2616.8906907524383,104789.04511901042
0.133,213.0,433.0
0.133,88.0,106.0
0.133,115.99999999999999,288.99999999999994
0.133,95.0,98.0
0.133,142.0,204.0
0.133,88.43076387773657,98.9444288477123
0.133,76.0,100.0
0.133,227.99999999999997,8417.000000000004
0.133,95.0,102.0
0.133,351.99999999999994,1345.0
0.133,227.99999999999997,322.0
0.133,88.0,95.0
0.133,84.0,191.0
0.133,175.0,261.0
0.133,91.0,100.0
0.133,227.99999999999997,1889.0
0.133,70.0,88.0
0.133,225.99999999999997,636.0
0.134,109.00000000000001,160.0
0.134,202.0,426.99999999999994
0.134,79.0,85.0
0.134,996.9999999999999,10154.0
0.134,62.0,89.0
0.134,102.0,106.0
0.134,95.0,135.0
0.134,138.97481786280562,816.213207440311
0.134,94.69952481401371,161.82397844571736
0.134,415.00000000000006,3160.0
0.134,227.99999999999997,741.0000000000001
0.134,631.0,8979.0
0.134,100.0,101.0
0.134,273.0,1667.0000000000002
0.134,227.99999999999997,1661.0000000000002
0.134,96.0,144.0
0.134,195.0,1435.0
0.134,152.0,322.99999999999994
0.134,569.2811256312648,7056.439895584744
0.134,102.0,108.0
0.135,87.0,99.0
0.135,67.0,78.0
0.135,227.99999999999997,6518.999999999998
0.135,97.97958971132712,113.57816691600546
0.135,71.0,79.0
0.135,93.0,97.0
0.135,62.0,67.0
0.135,127.90230646864818,227.37634001804145
0.135,118.0,152.0
0.135,70.0,97.0
0.135,66.0,72.0
0.135,85.0,109.00000000000001
0.135,100.0,280.0
0.135,106.0,112.99999999999999
0.135,342.00000000000006,1712.0
0.135,75.0,81.0
0.135,739.0,37311.000000000015
0.135,94.0,200.99999999999997
0.135,69.0,71.0
0.135,93.0,111.00000000000001
0.135,112.99999999999999,292.0
0.136,340.99999999999994,446.0
0.136,86.0,307.0
0.136,103.37311062360463,139.59942693292118
0.136,87.0,96.0
0.136,781.0000000000001,6825.999999999999
0.136,126.0,143.0
0.136,157.49603169603986,418.42203574859684
0.136,134.0,391.99999999999994
0.136,1654.0,56212.0
0.136,151.0,286.0
0.136,81.0,89.0
0.136,263.62473328578255,2366.234138879752
0.136,250.99999999999997,1207.9999999999998
0.136,146.0,250.0
0.136,93.0,147.0
0.136,196.0,423.00000000000006
0.136,123.0,588.0
0.136,81.0,94.0
0.137,422.5210053949981,15202.198426543453
0.137,227.99999999999997,531.0
0.137,153.0,173.0
0.137,71.0,146.0
0.137,121.0,144.0
0.137,86.0,88.0
0.137,374.0,2194.9999999999995
0.137,118.0,142.0
0.137,227.99999999999997,1305.0
0.137,227.99999999999997,1155.0000000000002
0.137,106.0,114.99999999999999
0.137,76.0,93.0
0.137,227.99999999999997,296.0
0.138,97.0,110.00000000000001
0.138,38.0,41.0
0.138,91.0,188.0
0.138,125.0,445.0
0.138,95.0,147.0
0.138,91.78235124467012,127.93748473375581
0.138,92.0,96.0
0.138,93.0,144.0
0.138,591.0,14663.999999999993
0.138,95.0,153.0
0.138,93.0,95.0
0.138,101.49876846543509,115.316954521007
0.138,88.0,92.0
0.138,152.499180325666,284.98421008891
0.138,4001.0,252878.00000000003
0.138,94.0,105.0
0.138,69.0,99.0
0.138,141.0,195.0
0.138,57.99999999999999,74.0
0.139,83.0,87.0
0.139,89.0,98.0
0.139,308.0,1299.0000000000002
0.139,89.0,98.0
0.139,531.0,3824.000000000001
0.139,162.48076809271922,340.8225344662527
0.139,167.0,213.0
0.139,86.0,100.0
0.139,113.99999999999999,114.99999999999999
0.139,98.0,147.0
0.139,86.0,91.0
0.139,227.99999999999997,1510.0000000000002
0.139,87.0,140.0
0.139,227.99999999999997,6448.000000000002
0.139,124.74373731775074,175.46794579067713
0.14,93.0,196.0
0.14,97.0,376.0
0.14,124.0,287.0
0.14,184.0,629.9999999999999
0.14,227.99999999999997,593.0
0.14,204.99999999999997,242.0
0.14,115.75836902790226,172.9595328393321
0.14,91.0,106.0
0.14,146.3967212747608,370.7573330360439
0.14,68.0,99.0
0.14,92.65527507918802,120.0
0.14,281.0,1621.0
0.14,227.0,283.0
0.14,96.0,106.0
0.14,80.0,87.0
0.14,112.99999999999999,229.0
0.14,110.00000000000001,118.0
0.14,789.0,14396.0
0.141,119.0,180.0
0.141,259.0,12176.999999999998
0.141,184.0,359.99999999999994
0.141,104.0,115.99999999999999
0.141,93.0,99.0
0.141,227.99999999999997,505.99999999999994
0.141,227.99999999999997,2450.0000000000005
0.141,103.0,110.00000000000001
0.141,102.0,111.00000000000001
0.141,86.0,107.0
0.141,146.0,208.0
0.141,1001.9999999999998,10684.999999999998
0.142,112.00000000000001,113.99999999999999
0.142,227.99999999999997,1384.0000000000002
0.142,112.00000000000001,139.0
0.142,167.0,301.0
0.142,141.6474496770062,497.7850941922629
0.142,101.0,104.0
0.142,76.0,98.0
0.142,117.0,1303.0
0.142,227.99999999999997,3421.0
0.142,79.0,87.0
0.142,227.99999999999997,4195.000000000001
0.142,91.0,111.00000000000001
0.142,78.0,89.0
0.142,112.00000000000001,164.0
0.142,227.99999999999997,1372.9999999999998
0.142,227.99999999999997,596.0
0.143,3148.5188703809617,189016.6130780146
0.143,4001.0,298155.6660583159
0.143,1887.7486036345572,77664.4972557947
0.143,2415.1018782118454,92063.96679389296
0.143,3490.865748105225,231891.72617597147
0.143,2412.2817126442224,100601.48919427548
0.143,4001.0,281855.7498180941
0.143,3114.8485373670474,158012.07192946633
0.143,737.1467253219554,13065.74289374202
0.143,1006.0457246069885,14501.91539073374
0.143,4001.0,259981.00000000003
0.143,3785.478427619792,272011.10403071815
0.143,2575.335655720081,154654.83630379537
0.143,1709.4228787353095,89661.80478321364
0.143,1154.700418037762,33512.27314328522
0.143,2938.8131409086773,158432.20299025177
0.143,4001.0,270935.37086123554
0.143,3258.258989582665,161754.35630491684
0.143,2769.5396135929877,162804.03372096064
0.143,1519.7446716463312,67025.40239931692
0.143,3119.6379113848798,178596.81688874183
0.143,3136.739920885074,173841.92184447276
0.143,3516.0458294639243,234804.02134853994
0.143,3128.824502623087,208713.89761235315
0.143,3127.827667543637,199795.2658144873
0.143,4001.0,293510.93372529215
0.143,1154.2673000652837,45477.46304489728
0.143,3190.3021444200713,203239.48547086495
0.143,3886.873614476781,252574.95993263277
0.143,2890.251245010103,189488.72439071507
0.143,3867.502957410534,251270.84370214812
0.143,4001.0,264939.37660563004
0.143,3910.1879637747525,274701.216377592
0.143,3777.5821428266318,259997.05231163875
0.143,1371.7828743909995,31196.113840770107
0.143,2024.8562108170916,67931.56473848136
0.143,2705.2473844761275,132663.19160189579
0.143,2413.6907741469477,133063.68848288624
0.143,2870.464015081281,159626.58547822098
0.143,875.2462240396596,21996.384384267607
0.143,3741.7288439504837,265507.04656692315
0.143,2401.088690068036,91690.26363357785
0.143,1064.3939488406654,26871.822621784508
0.143,4001.0,294112.3547369689
0.143,955.2255233450113,17280.176120064174
0.143,1413.0084469058486,38803.19777592358
0.143,4001.0,282711.645783594
0.143,2294.1969445225313,128785.56406750083
0.143,1245.1844498577009,39842.67337713625
0.143,4001.0,270343.08865356306
0.143,3737.840215109794,255586.19409481552
0.143,4001.0,279147.663693518
0.143,2901.8907425016137,178065.46255133633
0.143,1280.1377563202025,40187.697188482976
0.143,1963.6590395682163,92312.813950038
0.143,2246.0121174718165,107810.17811462666
0.143,1275.7582379232613,54556.433028996784
0.143,3280.6713198939733,205697.4558051189
0.143,2684.035883899229,140413.79123566963
0.143,2872.03979405733,156520.50497694223
0.143,3852.218383696443,248126.48778796106
0.143,3678.1366326502457,241664.69632997995
0.143,4001.0,256835.73827310523
0.143,2549.74212129031,105867.00266833165
0.143,3237.213782704489,220984.453594537
0.143,2823.8896007479507,162801.49694537162
0.143,1982.2683100356833,104673.78686790957
0.143,3168.8970615582475,177938.5088267141
0.143,3273.201344097969,196221.93150447425
0.143,2361.8718801684336,127153.20788796419
0.143,3626.0579596641733,239094.363761567
0.143,4001.0,277146.98786830175
0.143,1999.678706076637,99224.38580839135
0.143,2423.163487870374,135985.27120175256
0.143,2818.238232224159,164878.04554110626
0.143,2255.910213570438,78230.5536898552
0.143,3100.3389103901873,187798.17737223645
0.143,4001.0,273874.287322028
0.143,2312.3777521870297,102537.48205860268
0.143,4001.0,271223.279652648
0.143,4001.0,256140.74860635033
0.143,3534.237531552839,248282.30433935497
0.143,4001.0,286301.71147235594
0.143,2219.6574119257684,88253.17374815272
0.143,4001.0,268318.5919590787
0.143,4001.0,282132.0400303183
0.143,2778.076010378623,166153.6398913851
0.143,4001.0,290153.61885213415
0.143,2436.2693908574233,144572.2028715784
0.143,3211.703632156271,222801.5034612877
0.143,2761.2024408800444,176930.2919299941
0.143,1538.2255496139967,71370.43766593946
0.143,4001.0,272770.68968964147
0.143,3189.6506939380274,181294.274507105
0.144,98.0,152.0
0.144,97.0,164.0
0.144,76.0,108.0
0.144,294.8304597561114,2876.711664383485
0.144,227.99999999999997,581.9999999999999
0.144,89.0,108.0
0.144,160.0,585.0
0.144,84.0,95.0
0.144,131.0,1015.0
0.144,138.0,296.0
0.144,173.0,670.0000000000001
0.144,457.0,3879.9999999999995
0.144,176.0,359.0
0.144,63.49803146555018,78.77816956492451
0.144,83.0,99.0
0.144,75.0,95.0
0.144,59.0,61.0
0.144,182.0,558.0
0.144,159.0,209.0
0.145,127.0,235.0
0.145,227.99999999999997,322.99999999999994
0.145,259.0,391.0
0.145,103.0,148.0
0.145,113.99999999999999,295.0
0.145,96.0,108.0
0.145,89.0,94.0
0.145,90.0,93.0
0.145,227.99999999999997,292.0
0.145,206.0,527.0
0.145,102.0,163.0
0.145,227.99999999999997,1483.0000000000002
0.145,108.0,252.99999999999997
0.145,82.0,91.0
0.145,96.0,156.0
0.145,101.0,193.0
0.145,279.0,1259.9999999999995
0.145,122.93494214420895,183.56470248934025
0.145,101.0,104.0
0.145,77.0,127.0
0.146,239.0,851.0
0.146,132.0,197.0
0.146,72.0,175.0
0.146,108.16653826391969,163.65818036383027
0.146,106.0,113.99999999999999
0.146,129.0,180.0
0.146,87.0,93.0
0.146,146.0,204.0
0.146,120.0,155.0
0.146,112.00000000000001,270.0
0.146,85.0,98.0
0.146,275.99999999999994,1246.0
0.146,302.0,3193.0000000000005
0.146,85.0,91.0
0.146,172.0,240.0
0.146,93.0,98.0
0.147,147.0,519.0
0.147,72.0,95.0
0.147,227.99999999999997,1348.0
0.147,127.0,273.0
0.147,165.39044712437294,630.1841000850465
0.147,204.82187383187375,702.922470831599
0.147,96.25487000666512,143.71847480404182
0.147,164.0,204.99999999999997
0.147,97.0,104.0
0.147,147.94593607125543,365.76768583350827
0.147,234.0,883.9999999999998
0.147,77.0,95.0
0.148,227.99999999999997,844.0
0.148,111.00000000000001,277.99999999999994
0.148,92.0,94.0
0.148,227.99999999999997,1869.0000000000005
0.148,98.0,233.0
0.148,72.0,99.0
0.148,227.99999999999997,315.99999999999994
0.148,88.79189152169246,97.85703858180054
0.148,94.97894503520241,98.49873095629202
0.148,83.0,99.0
0.148,110.00000000000001,112.00000000000001
0.148,174.0,545.9999999999999
0.148,366.0,2579.0000000000005
0.148,365.0,864.0
0.148,182.0,583.0
0.148,90.0,143.0
0.148,227.99999999999997,1236.0000000000002
0.148,28.000000000000004,38.0
0.148,592.0,13231.999999999996
0.148,103.0,204.99999999999997
0.148,202.99999999999997,292.0
0.148,103.0,305.0
0.149,72.0,129.0
0.149,69.0,89.0
0.149,239.0,547.0
0.149,472.0,4040.0000000000005
0.149,227.99999999999997,1588.0
0.149,108.0,112.00000000000001
0.149,227.99999999999997,525.0
0.149,129.0,192.0
0.149,236.0,673.9999999999999
0.149,227.99999999999997,666.9999999999999
0.149,107.0,177.0
0.149,107.0,167.0
0.149,227.99999999999997,3054.0000000000005
0.149,130.0,241.0
0.149,149.79986648859204,300.90696236544613
0.149,108.0,202.99999999999997
0.149,84.0,100.0
0.149,227.0,1425.0
0.149,132.0,161.0
0.149,97.0,162.0
0.149,180.0,438.0
0.149,97.0,155.0
0.149,155.0,218.00000000000003
0.149,147.74978849392645,528.4884104689525
0.149,71.0,83.0
0.149,85.0,96.0
0.149,208.0,491.0
0.149,109.00000000000001,113.99999999999999
0.149,88.0,93.0
0.149,173.0,569.0000000000001
0.15,73.0,92.0
0.15,70.0,80.0
0.15,106.0,108.0
0.15,102.0,154.0
0.15,156.0,1190.0
0.15,136.0,386.99999999999994
0.15,167.0,259.0
0.15,951.5802646125022,21686.539419649234
0.15,313.0,4054.0
0.15,125.0,237.0
0.15,99.0,108.0
0.15,89.0,100.0
0.15,99.0,106.0
0.15,270.0,515.0
0.15,227.99999999999997,1232.9999999999998
0.15,194.0,1347.0000000000002
0.15,167.0,445.0
0.151,48.0,67.0
0.151,143.0,597.0
0.151,82.0,100.0
0.151,124.0,229.0
0.151,186.0,453.0
0.151,227.99999999999997,603.0
0.151,96.0,104.0
0.151,139.0,337.99999999999994
0.151,127.0,149.0
0.151,112.99999999999999,210.0
0.151,77.0,102.0
0.151,104.0,115.99999999999999
0.151,187.0,468.0
0.151,124.0,385.0
0.151,95.0,97.0
0.151,87.0,132.0
0.151,139.2982411949268,178.19090885901
0.151,124.0,343.0
0.151,130.0,179.0
0.151,86.0,93.0
0.151,869.0000000000001,22439.000000000004
0.151,267.0,9146.999999999996
0.151,95.0,394.00000000000006
0.151,227.99999999999997,880.9999999999999
0.151,88.0,89.0
0.151,84.0,140.0
0.151,348.0,8550.000000000004
0.151,227.99999999999997,797.0000000000001
0.152,108.0,159.0
0.152,84.0,350.99999999999994
0.152,99.0,261.0
0.152,103.0,117.0
0.152,173.0,202.0
0.152,198.0,308.0
0.152,170.59894489708898,346.8054209495578
0.152,686.0,4153.999999999999
0.152,89.0,98.0
0.152,133.0,142.0
0.152,122.22111110606055,190.66200460500775
0.152,94.0,261.0
0.152,88.0,109.00000000000001
0.152,290.8401622884983,3124.5620493118713
0.152,146.0,257.0
0.152,145.0,190.0
0.152,136.0,455.00000000000006
0.152,146.0,509.0
0.152,187.0,544.0
0.152,88.0,92.0
0.152,97.0,101.0
0.153,94.0,101.0
0.153,517.0,6262.999999999997
0.153,98.0,156.0
0.153,100.0,136.0
0.153,83.0,95.0
0.153,81.0,88.0
0.153,111.72734669721642,132.86835590162167
0.153,260.0,822.0000000000001
0.153,89.0,98.0
0.153,112.99999999999999,134.0
0.153,227.99999999999997,329.0
0.153,99.0,106.0
0.153,356.99999999999994,4867.000000000001
0.153,155.0,598.0
0.153,227.99999999999997,1402.0000000000002
0.153,227.99999999999997,348.0
0.153,104.0,206.99999999999997
0.153,169.0,501.0
0.153,177.0,347.0
0.153,227.99999999999997,1240.9999999999998
0.153,565.0000000000001,10073.999999999998
0.153,181.0,284.0
0.153,85.0,112.99999999999999
0.153,113.99999999999999,719.0
0.154,173.0,1009.0
0.154,92.0,98.0
0.154,172.0,2158.0
0.154,112.99999999999999,322.0
0.154,723.0,7567.000000000003
0.154,85.0,142.0
0.154,135.0,423.00000000000006
0.154,90.0,93.0
0.154,90.0,149.0
0.154,75.0,82.0
0.154,123.0,155.0
0.154,38.0,47.0
0.154,4001.0,268238.00000000006
0.154,122.0,152.0
0.154,686.0,7090.999999999996
0.154,200.99999999999997,6407.000000000001
0.154,106.49882628461218,168.8786546606764
0.154,92.0,93.0
0.154,112.00000000000001,115.99999999999999
0.154,225.0,356.0
0.154,87.0,97.0
0.154,256.0,1914.9999999999995
0.154,99.0,105.0
0.155,4001.0,277968.67670212535
0.155,2499.485647901904,126965.8393358959
0.155,2162.2937654753664,110749.45773732207
0.155,3345.3010889920997,219221.09981207913
0.155,2640.598585319157,122430.73914291924
0.155,4001.0,265411.961379986
0.155,3345.756327849224,205355.82231695784
0.155,3398.020851528501,192239.11200403725
0.155,3234.506185828833,180965.79585244268
0.155,4001.0,271816.7986536433
0.155,2178.090852758832,89543.68108688871
0.155,2226.5561345607352,117938.808290616
0.155,2709.2313069254683,158008.98533563942
0.155,2702.890162109946,150440.9937998003
0.155,1732.9933864750053,70384.89189695884
0.155,1484.6262869405562,35443.61624475636
0.155,1095.2543249907776,43055.1220797675
0.155,4001.0,269331.3088448966
0.155,1680.1327379004147,69935.46481803038
0.155,2544.9627993132294,160925.28505474603
0.155,2443.6973869093667,118846.06770886935
0.155,1998.3455530102174,59219.54007978884
0.155,1323.0630367880694,50687.3975933291
0.155,1229.0706389878674,32789.828661254374
0.155,3910.0895770441875,254511.81282496656
0.155,3828.804027450368,269226.70482503856
0.155,4001.0,271043.6631913782
0.155,2740.0652251125757,122202.65695204737
0.155,1058.1897092271288,18293.32711056731
0.155,3726.5558210854733,250803.6823852526
0.155,1218.442901303195,47810.13650368309
0.155,3380.5852838586575,192969.79599840558
0.155,3832.0390443258725,251656.88453162607
0.155,2748.269818900114,159813.47457100215
0.155,3877.8485367072262,266117.35014837043
0.155,1758.1773375729958,65708.20633856114
0.155,2328.2901099558917,105602.89128002262
0.155,2213.2601754623506,110442.7276258854
0.155,3526.486994380504,244420.6662910098
0.155,2804.062534230654,147318.57453760697
0.155,1930.81803615372,99472.89610225597
0.155,3852.762637593353,252838.9884382787
0.155,2644.1459776356032,128077.69860789122
0.155,4001.0,274836.6271904487
0.155,2436.8401163063013,124984.90380870167
0.155,928.72925339077,25850.792500160453
0.155,2735.8629881414095,135003.2887833888
0.155,4001.0,275411.8672605044
0.155,2176.649301406283,92421.65927560338
0.155,2604.759843583537,125881.27328971693
0.155,1477.7264637662634,46959.414626662656
0.155,1636.9652411461543,57412.21802498767
0.155,1942.9588496454603,63372.46253943676
0.155,2266.9343269739707,120285.65723247497
0.155,1464.3009492990655,60187.68981978752
0.155,1958.3747582666933,66820.3012499215
0.155,2398.8276678604184,122347.9754989717
0.155,2044.8713903788037,93318.86216908372
0.155,4001.0,272859.00998682244
0.155,1338.796880275263,45785.24542337989
0.155,2671.916043904208,177827.28870000475
0.155,4001.0,265731.40565784293
0.155,2570.4821111744186,136484.50305814116
0.155,2627.6389695611824,125179.75476533992
0.155,1994.1708212901733,96026.57508143892
0.155,4001.0,270804.8549644876
0.155,298.1464379452111,3868.0365510327833
0.155,2781.886556969552,172582.03404980298
0.155,2662.1967844949145,149285.93141490425
0.155,4001.0,269272.74076237384
0.155,2734.580401382753,128582.3762077752
0.155,1595.9405654793768,76120.96746124592
0.155,4001.0,267631.7644449548
0.155,3834.005184706389,257098.56668601892
0.155,4001.0,265176.055624613
0.155,1639.7309422965004,54252.53989370095
0.155,3214.3461397380797,186631.12952969523
0.155,1974.7360973422346,88153.23605568496
0.155,2850.5929800100653,148814.08131652034
0.155,2500.411337347269,137792.70160393577
0.155,3367.4564037945734,237237.42727313275
0.155,2262.7679941252813,122499.24801185903
0.155,2541.8541956933877,132095.28601491917
0.155,3829.05058111837,267682.65041134506
0.155,2571.502736987465,116174.81251080299
0.155,2843.31379947356,153532.85003084276
0.155,3604.1619847127445,233748.80560795192
0.155,1087.0762614861576,22471.639600175913
0.155,2453.030010100077,97733.02316991863
0.155,1800.3466932316194,87635.09807427893
0.155,3752.4133481695094,257500.8689183759
0.155,2342.0781361880922,123307.76529978687
0.155,4001.0,277917.81608211587
0.155,2886.2013808193433,163401.5781420323
0.156,109.00000000000001,380.0
0.156,106.0,218.00000000000003
0.156,102.0,120.0
0.156,80.0,99.0
0.156,143.0,204.99999999999997
0.156,84.97646733066749,148.3846353232032
0.156,112.99999999999999,202.99999999999997
0.156,97.0,147.0
0.156,128.0,140.0
0.156,115.99999999999999,193.0
0.156,66.0,136.0
0.156,186.77258899528056,385.5710051339442
0.156,409.0,5968.000000000002
0.156,76.0,94.0
0.156,122.0,135.0
0.156,227.99999999999997,1875.0
0.156,138.7047223421034,224.65529150233698
0.156,86.0,113.99999999999999
0.156,87.8578397184907,100.39920318408906
0.156,1596.0,31652.999999999985
0.156,101.0,105.0
0.156,88.0,143.0
0.156,84.0,95.0
0.157,215.0,900.0000000000002
0.157,405.0,3439.000000000001
0.157,142.0,187.0
0.157,135.0,374.0
0.157,303.88155587333694,1356.4733687028288
0.157,163.0,248.0
0.157,94.0,189.0
0.157,138.0,339.00000000000006
0.157,76.0,97.0
0.157,94.0,99.0
0.157,98.0,153.0
0.157,296.0,1359.0000000000002
0.157,636.0,15853.0
0.157,28.999999999999996,37.0
0.157,44.0,47.0
0.157,227.99999999999997,368.99999999999994
0.157,143.0,412.0
0.158,168.0,206.99999999999997
0.158,295.0,5090.999999999999
0.158,126.0,258.0
0.158,227.99999999999997,1023.0
0.158,149.5827530165159,244.71411892246837
0.158,118.0,242.0
0.158,95.0,106.0
0.158,227.99999999999997,3186.9999999999995
0.158,152.0,194.0
0.158,91.0,193.0
0.158,356.0,5460.999999999999
0.158,284.0,5749.0
0.158,150.45929682143273,312.1874436936886
0.158,227.99999999999997,308.0
0.158,179.0,956.0
0.158,142.0,553.9999999999999
0.158,415.557456917813,4674.34016733913
0.158,85.94765849050223,90.91204540653564
0.158,96.0,320.0
0.158,137.56453031214116,303.8354817989498
0.158,100.0,152.0
0.159,86.0,131.0
0.159,158.6190404711868,404.4626064298156
0.159,83.0,199.0
0.159,98.0,117.0
0.159,157.32132722552274,426.2464076094953
0.159,82.0,88.0
0.159,86.0,93.0
0.159,130.0,293.00000000000006
0.159,90.73036977771004,132.23842104320514
0.159,97.0,307.0
0.159,4001.0,326989.9999999999
0.159,734.0,3331.0
0.159,84.0,135.0
0.159,86.0,108.0
0.159,168.0,1067.9999999999998
0.159,84.72307831990054,96.99484522385713
0.159,745.0000000000001,9411.999999999996
0.159,125.83322295800899,143.86104406683555
0.159,69.0,74.0
0.159,69.0,85.0
0.159,81.0,133.0
0.159,227.99999999999997,1546.0
0.159,133.0,178.0
0.159,85.0,98.0
0.159,188.0,384.00000000000006
0.159,173.0,929.0000000000001
0.159,96.0,158.0
0.159,93.0,100.0
0.16,112.99999999999999,114.99999999999999
0.16,140.0,359.99999999999994
0.16,62.0,73.0
0.16,81.0,130.0
0.16,140.0,159.0
0.16,280.0,690.0
0.16,227.99999999999997,330.0
0.16,87.0,93.0
0.16,227.99999999999997,2519.9999999999995
0.16,82.26785520481252,115.88787684654508
0.16,65.0,72.0
0.16,150.0,156.0
0.16,107.0,145.0
0.16,94.0,95.0
0.161,964.0,46895.99999999999
0.161,104.0,107.0
0.161,146.0,160.0
0.161,101.0,209.0
0.161,105.0,113.99999999999999
0.161,371.00000000000006,2396.0
0.161,83.0,101.0
0.161,227.99999999999997,606.0
0.161,100.0,157.0
0.161,185.0,990.0
0.161,87.0,106.0
0.161,131.0,682.0
0.161,94.0,103.0
0.161,104.0,161.0
0.161,227.99999999999997,372.0
0.161,567.0000000000001,11375.999999999996
0.161,99.15139938498095,169.48746266317164
0.162,153.0,358.0
0.162,98.0,172.0
0.162,457.0,10947.999999999998
0.162,82.0,99.0
0.162,60.0,89.0
0.162,80.0,124.0
0.162,54.0,68.0
0.162,305.99999999999994,3189.0000000000005
0.162,147.0,398.0
0.162,77.0,92.0
0.162,82.0,104.0
0.162,126.0,144.0
0.162,79.0,280.0
0.162,227.99999999999997,855.0000000000001
0.163,92.0,101.0
0.163,95.0,131.0
0.163,144.0,343.0
0.163,98.0,148.0
0.163,300.00000000000006,8856.999999999996
0.163,143.74978260853126,627.2224485778552
0.163,95.0,219.0
0.163,128.0,160.0
0.163,94.0,96.0
0.163,145.0,204.0
0.163,64.0,84.0
0.163,184.0,23452.00000000001
0.163,130.81284340614266,166.94909403767366
0.163,85.0,98.0
0.163,99.0,112.00000000000001
0.163,258.0,953.0000000000001
0.163,107.0,155.0
0.163,156.38094513079272,309.42850547420477
0.164,227.99999999999997,501.99999999999994
0.164,87.0,130.0
0.164,227.99999999999997,659.0
0.164,65.0,88.0
0.164,744.0000000000001,21118.00000000001
0.164,155.0,206.99999999999997
0.164,82.0,86.0
0.164,126.0,166.0
0.164,80.0,92.0
0.164,89.0,93.0
0.164,100.0,101.0
0.164,192.0,328.0
0.164,79.0,95.0
0.164,227.99999999999997,1058.0
0.164,106.0,107.0
0.164,141.0,455.00000000000006
0.164,82.83718971573094,116.03447763488231
0.164,97.0,98.0
0.164,108.0,137.0
0.164,100.0,209.0
0.164,111.00000000000001,115.99999999999999
0.165,131.0,142.0
0.165,140.0071426749364,336.1190265367315
0.165,492.0,9042.000000000002
0.165,153.0,191.0
0.165,148.0,155.0
0.165,227.0,491.0
0.165,102.0,112.00000000000001
0.165,30.0,37.0
0.165,105.0,206.0
0.165,227.99999999999997,1643.0000000000002
0.165,78.07688518377253,133.62634470792054
0.165,109.00000000000001,174.0
0.165,122.36529410317767,324.52599619370676
0.165,209.25582429170282,398.42816165527256
0.165,73.0,87.0
0.165,223.0,494.00000000000006
0.166,103.0,107.0
0.166,74.0,85.0
0.166,78.0,83.0
0.166,180.0,339.00000000000006
0.166,227.99999999999997,335.0
0.166,564.0,10736.000000000002
0.166,82.0,103.0
0.166,90.0,93.0
0.166,211.0,455.99999999999994
0.166,105.0,206.99999999999997
0.166,88.0,100.0
0.166,78.0,88.0
0.166,54.0,66.0
0.166,83.0,87.0
0.166,184.0,238.0
0.166,81.0,136.0
0.166,177.0,774.9999999999999
0.166,127.55296530698618,319.2495435061674
0.166,838.0000000000002,14094.999999999996
0.166,152.499180325666,1080.7886009761573
0.166,181.0,329.0
0.166,186.66815475597332,950.4693577385858
0.166,133.6263447079205,191.9114379082185
0.166,263.0,2049.0
0.166,92.0,98.0
0.166,100.98019607824101,146.1642911247477
0.166,76.0,83.0
0.167,2675.776545018447,125930.60936767167
0.167,4001.0,268544.7216853257
0.167,2211.1677623672767,116632.67054177404
0.167,1936.2388316431602,80918.81095084081
0.167,3057.177783512107,175129.72500406668
0.167,2923.160263360108,168668.79423660782
0.167,3601.2236532068714,212372.0734818287
0.167,1773.6583411818017,65671.83897804149
0.167,3939.519339978969,254540.35538769895
0.167,3248.550540044392,179046.5016550754
0.167,3617.419593320263,240472.96701097643
0.167,2156.8357386389516,105853.4223102894
0.167,1515.455894598003,70657.96803056463
0.167,1665.9757578233744,56072.805173673805
0.167,4001.0,285674.8679864254
0.167,4001.0,258652.4132532375
0.167,1002.8266899619423,31976.505135592008
0.167,4001.0,275561.9058295395
0.167,2807.4672975710814,139027.66247261426
0.167,2903.427751320944,152696.98549435547
0.167,2298.9747859642366,77939.25149335261
0.167,2555.1327433217953,102145.84769269313
0.167,2975.0665154772273,163075.20693385933
0.167,3574.5293915544958,231564.09158543515
0.167,3518.7203999358203,197218.85580136257
0.167,4001.0,277288.13345191954
0.167,1984.1344161831494,98810.81743437832
0.167,545.5977785458364,5685.103839169314
0.167,3197.6643678852392,178941.3815094376
0.167,4001.0,275759.869397271
0.167,2962.9229377200654,183464.7325706823
0.167,1850.707361432965,102128.00532603665
0.167,1786.4320875479962,72809.77512764148
0.167,1380.9156616714538,65624.86816072927
0.167,940.3315824036213,29302.519878682073
0.167,2263.770718436065,129529.3797183826
0.167,2530.2195180760955,168310.04150199104
0.167,2689.0588097141513,162041.94764697875
0.167,1743.3651714925165,53877.748165564284
0.167,2751.9255897439225,140653.2117181133
0.167,2301.45699374061,95301.50478197982
0.167,2196.3045716917927,113679.13362826487
0.167,2193.9622126286918,107639.3167067594
0.167,2097.4941478864903,67377.97743361519
0.167,1808.9159219071764,108638.93183928981
0.167,4001.0,272040.7238282053
0.167,1494.184121841169,57251.723276307515
0.167,4001.0,267572.8126693984
0.167,3945.800042456885,260278.85251014295
0.167,1203.5951524966165,33043.676447825725
0.167,1757.6118850348898,70485.08582436497
0.167,2075.9931348916775,95529.6899974557
0.167,3247.2517718458803,186539.71909867943
0.167,2465.0211319579366,97067.34777263417
0.167,3165.1453801876414,210757.49199880706
0.167,2224.5030650038047,132371.4986409339
0.167,2841.36982755022,165789.77734016185
0.167,2277.3254924496796,85341.49120876093
0.167,1670.8365373080999,68968.15775791048
0.167,1622.834850176037,67245.76766451329
0.167,3046.3129609763637,166452.2471315332
0.167,3758.2955199755665,255624.1421996793
0.167,3268.321900559595,189514.30636854723
0.167,1677.4462489208968,59980.2993884752
0.167,2641.677359427961,104585.17006051677
0.167,1063.162282389698,22799.215172017168
0.167,1881.448809713833,62658.013845190275
0.167,1696.5500971842284,84826.27415807858
0.167,1977.1338874442772,77223.72206061713
0.167,3645.8123888374203,244455.38702695785
0.167,3514.447105488297,231190.06402911458
0.167,1939.1508576163585,90188.54334439145
0.167,3002.322134321884,158877.06650313718
0.167,4001.0,278022.3957954385
0.167,1353.8561915544994,46867.020715055434
0.167,1657.6716459552742,75143.45958590542
0.167,3057.7796481371647,214402.57241361056
0.167,3767.9106814203765,245404.97325261307
0.167,2145.002126308814,102709.10673077412
0.167,2349.785133020593,104523.32706847694
0.167,3459.2441240466997,225777.18585818147
0.167,2454.9954406078455,134516.0667086146
0.167,1987.741395207301,87787.99778931889
0.167,2005.6772504980206,80345.33660734701
0.167,1155.1065940119702,30904.506958546273
0.167,4001.0,264797.4810181658
0.167,4001.0,271040.45954873116
0.167,1153.9919481770264,19873.251990491026
0.167,2713.7945716784775,135686.58956749542
0.167,4001.0,266472.3764558451
0.167,1432.9382048513796,57868.346819031765
0.167,3997.2753281255946,269957.0391632175
0.167,1590.4804532587098,54507.13297590826
0.167,3530.2409574049216,236058.80422243904
0.168,227.99999999999997,312.00000000000006
0.168,71.0,79.0
0.168,337.99999999999994,1524.9999999999998
0.168,92.0,103.0
0.168,103.0,164.0
0.168,138.0,161.0
0.168,102.0,156.0
0.168,149.0,196.0
0.168,133.0,302.0
0.168,227.99999999999997,1489.9999999999998
0.168,94.0,102.0
0.168,119.0,143.0
0.168,69.0,92.0
0.168,108.0,167.0
0.168,227.99999999999997,648.9999999999999
0.168,111.00000000000001,164.0
0.168,81.0,130.0
0.168,89.0,150.0
0.168,93.0,105.0
0.168,87.0,104.0
0.168,101.0,112.00000000000001
0.168,95.0,267.0
0.168,146.2942240828393,586.0375414595893
0.169,109.00000000000001,198.0
0.169,145.0,263.0
0.169,1830.9999999999995,64005.99999999997
0.169,183.0,349.0
0.169,130.03845585056752,241.12237556892146
0.169,99.0,106.0
0.169,432.0,4012.9999999999995
0.169,126.0,166.0
0.169,101.0,214.0
0.169,180.0,416.0
0.169,208.0,1673.0
0.169,85.0,103.0
0.169,77.0,131.0
0.169,317.0,4947.999999999999
0.169,107.0,216.0
0.169,119.0,252.0
0.169,227.99999999999997,484.0
0.169,118.91593669479295,178.02808767158064
0.169,92.0,104.0
0.169,1910.0000000000005,65719.0
0.17,375.0,7177.000000000003
0.17,101.0,109.00000000000001
0.17,85.0,101.0
0.17,94.0,106.0
0.17,159.0,163.0
0.17,91.0,101.0
0.17,130.0,191.0
0.17,133.6413109783049,166.24981202996892
0.17,111.00000000000001,164.0
0.17,77.0,86.0
0.17,178.0,648.9999999999999
0.17,112.00000000000001,349.0
0.17,227.99999999999997,562.0
0.17,513.0000000000001,14120.999999999998
0.17,99.0,151.0
0.17,98.0,103.0
0.17,872.0000000000001,22298.000000000007
0.171,109.00000000000001,110.00000000000001
0.171,227.99999999999997,9402.0
0.171,272.69030052423943,1303.8627228354983
0.171,4001.0,266877.00000000006
0.171,244.0,844.9999999999998
0.171,102.0,106.0
0.171,227.99999999999997,1084.9999999999998
0.171,136.0,152.0
0.171,91.0,92.0
0.171,459.99999999999994,1682.9999999999998
0.171,511.99999999999994,15469.999999999993
0.171,87.0,97.0
0.171,105.0,113.99999999999999
0.171,281.0,1652.0000000000002
0.171,77.0,92.0
0.171,128.0,149.0
0.171,200.99999999999997,461.00000000000006
0.171,327.41411087489803,3148.457717677022
0.171,227.99999999999997,2166.0
0.171,89.0,101.0
0.171,89.57678270623477,111.20701416727275
0.171,93.0,95.0
0.171,86.0,89.0
0.172,183.0,426.99999999999994
0.172,277.99999999999994,2240.0
0.172,110.00000000000001,175.0
0.172,227.99999999999997,277.0
0.172,142.0,317.0
0.172,102.0,108.0
0.172,96.0,151.0
0.172,434.0,3771.999999999999
0.172,86.0,90.0
0.172,143.0,182.0
0.172,123.0,151.0
0.172,90.0,91.0
0.172,227.99999999999997,629.9999999999999
0.172,73.0,81.0
0.172,216.0,458.0
0.173,227.99999999999997,946.0000000000002
0.173,87.0,154.0
0.173,88.0,94.0
0.173,176.0,2231.0
0.173,71.0,84.0
0.173,103.0,156.0
0.173,327.00000000000006,1263.9999999999998
0.173,130.0,348.0
0.173,113.99999999999999,197.0
0.173,85.0,100.0
0.173,350.0,636.0
0.173,75.0,87.0
0.173,77.0,87.0
0.174,87.0,113.99999999999999
0.174,184.0,461.00000000000006
0.174,88.0,91.0
0.174,63.0,84.0
0.174,459.99999999999994,3190.0
0.174,88.49858755935036,93.48796714016194
0.174,95.0,143.0
0.174,4001.0,276119.9999999998
0.174,161.0,416.0
0.174,104.0,262.0
0.174,80.0,120.0
0.174,225.0,1226.9999999999998
0.174,227.99999999999997,495.0
0.174,91.0,149.0
0.174,113.99999999999999,209.0
0.174,348.0,3632.000000000001
0.174,227.99999999999997,293.00000000000006
0.174,155.0,1872.0000000000002
0.174,100.13990213696037,274.4230311034408
0.174,227.99999999999997,1431.0000000000002
0.174,178.0,281.0
0.174,97.0,133.0
0.175,133.0,256.0
0.175,126.98425099200294,303.4666373755112
0.175,213.74283613726095,592.5293241688549
0.175,223.0,292.0
0.175,92.03260291874831,345.43450898831753
0.175,79.0,97.0
0.175,170.0,1125.0000000000002
0.175,153.0,202.0
0.175,94.0,154.0
0.175,96.0,100.0
0.175,611.0,6643.999999999998
0.175,104.0,111.00000000000001
0.175,766.9074259648293,8488.79856045601
0.175,110.00000000000001,117.0
0.175,118.97478724502935,319.1300675273328
0.175,156.0,610.0
0.175,176.0,242.0
0.175,41.0,44.0
0.175,244.0,1025.0
0.176,187.0,421.0
0.176,149.0,204.0
0.176,100.0,101.0
0.176,914.0,35139.999999999985
0.176,147.0,513.0000000000001
0.176,118.8949115816148,185.4939352108311
0.176,96.0,102.0
0.176,92.0,98.0
0.176,250.99999999999997,2583.0
0.176,70.0,137.0
0.176,133.0,243.00000000000003
0.176,112.99999999999999,227.99999999999997
0.176,313.0,4015.0000000000005
0.176,93.0,99.0
0.176,59.0,78.0
0.176,111.00000000000001,300.00000000000006
0.176,198.0,8373.0
0.176,602.0,10487.000000000004
0.176,89.0,106.0
0.176,193.49418595916518,738.3759205174556
0.176,67.0,101.0
0.177,105.0,308.0
0.177,75.0,140.0
0.177,77.0,93.0
0.177,89.33084573650918,95.39392014169457
0.177,614.0,10854.999999999996
0.177,171.0,200.0
0.177,66.0,87.0
0.177,187.23607311261296,567.3643371502036
0.177,52.080988196630216,75.64003366628059
0.177,129.0,217.0
0.177,117.0,163.0
0.177,191.0,1307.9999999999998
0.177,340.0,5501.000000000001
0.177,106.65833300778706,260.49568134615976
0.177,151.0,177.0
0.177,145.0,202.99999999999997
0.177,188.0,362.0
0.177,60.0,261.0
0.177,784.9547757673686,11612.44754562964
0.177,250.0,625.0000000000001
0.177,915.0,24231.999999999996
0.177,177.0,738.0
0.177,154.8386256720202,287.17068095472416
0.177,97.0,149.0
0.177,125.83322295800899,370.6696642564644
0.178,2920.0857537796774,176304.78522625694
0.178,2437.8062238676953,134450.40977087148
0.178,3664.941356979431,233386.80893816878
0.178,2356.8989609151995,121855.61876703189
0.178,2459.058115782864,119041.685317676
0.178,2243.4510510217897,73102.74174582527
0.178,3511.7552027985134,218579.20661713296
0.178,2139.243220001687,84447.69488442031
0.178,2919.366500989054,154540.77894833282
0.178,4001.0,260295.68433356486
0.178,4001.0,275527.77722453186
0.178,2163.418103081397,74017.91623293849
0.178,3156.485194333347,187084.6260357983
0.178,3110.571149348797,169205.8064602746
0.178,4001.0,290429.04450564104
0.178,2009.9110369901641,63417.63936677716
0.178,1317.7382137587115,94634.47046399109
0.178,1729.158922574188,64480.11961926855
0.178,1982.326710916039,79474.1849445171
0.178,4001.0,270279.11684111424
0.178,4001.0,252480.58535261668
0.178,4001.0,271900.6181014537
0.178,2679.356408046895,140351.36504726607
0.178,2805.5925079764074,158253.3055371702
0.178,2548.153989862527,158550.98163707534
0.178,2222.647384206331,113172.9509185348
0.178,1836.821265899266,63694.73692265908
0.178,1228.820521873911,45406.885822497505
0.178,1408.721406098452,36180.87834754708
0.178,1522.987135971765,65417.60447475508
0.178,2631.0327177245417,115689.56417669938
0.178,4001.0,265507.65986971406
0.178,2581.880685321876,119527.93425321186
0.178,2748.660647771153,146977.6283467291
0.178,1181.4299246644057,36253.61248495614
0.178,2506.786811527045,117414.08844311691
0.178,2147.8804827088134,111733.48857768925
0.178,1702.8372453447182,77054.59912230869
0.178,4001.0,255304.05524752106
0.178,4001.0,276308.047731642
0.178,1120.0433871091632,32195.92046124543
0.178,2654.4979271892944,119200.76968914428
0.178,4001.0,259710.84317261993
0.178,742.2669523490423,12763.102950793256
0.178,3228.6095773979746,196525.56104932114
0.178,1886.5915966645503,69434.76112458315
0.178,3250.6370144942357,183272.71819613516
0.178,2655.5215090717493,143384.50295715206
0.178,1740.262172903376,76329.2353766192
0.178,2951.159483568237,161299.87462662678
0.178,2739.9759035389543,132959.17708242082
0.178,2280.8642369369036,119297.76634129933
0.178,3156.604218036103,165307.38799954898
0.178,2132.73342604995,111464.12772544721
0.178,2400.5926709107284,127230.98810743116
0.178,1194.1024837128066,41335.94022593102
0.178,1509.2030293007927,36614.835498860215
0.178,1849.2591295783693,73465.1454998295
0.178,4001.0,259895.28077504647
0.178,4001.0,269284.6891961204
0.178,359.0913504493174,6969.189593054696
0.178,4001.0,284250.02677039744
0.178,4001.0,254366.4206588278
0.178,741.6321015151033,10572.649228951817
0.178,2627.839685482782,137479.27328511147
0.178,2502.7778765436788,105605.80841437913
0.178,4001.0,278583.50875933154
0.178,3530.4360228006353,227777.69992550265
0.178,603.3995359626986,11438.79364268803
0.178,2268.43275775247,90535.17858057596
0.178,2397.3155387144316,96976.98972035406
0.178,3133.2392478858933,189345.60626060842
0.178,1572.5096870555744,51051.83335044248
0.178,2665.426719889241,158946.75399625627
0.178,2925.3212795219315,165053.91959473622
0.178,4001.0,242874.15133149037
0.178,1393.7924964001966,37486.64193387154
0.178,1911.4709000972591,91769.6280137823
0.178,2912.607071850033,165674.81052677694
0.178,4001.0,275822.82029607426
0.178,1854.4550607577032,89404.79435899909
0.178,1379.0970820383009,37791.41935470673
0.178,1060.2473137495685,39004.87428547467
0.178,2258.1980292590247,119888.35011947327
0.178,1939.564070977359,72652.98577262355
0.178,2600.0509298337774,138479.9505029576
0.178,4001.0,268918.92709979013
0.178,2406.785252896782,109772.29782354702
0.178,2313.843858513022,97336.6217711482
0.178,1408.2581011247144,45434.75982061209
0.178,4001.0,271278.0
0.178,3182.041802361207,181884.54220642862
0.178,782.4380618712094,19398.46223910023
0.178,4001.0,283546.5424310061
0.179,206.99999999999997,469.00000000000006
0.179,189.0,522.0
0.179,75.45859791965393,124.51505933018706
0.179,90.0,103.0
0.179,96.0,166.0
0.179,98.0,151.0
0.179,227.99999999999997,2922.9999999999995
0.179,77.0,82.0
0.179,227.99999999999997,1069.9999999999998
0.179,102.0,108.0
0.179,96.0,97.0
0.179,125.0,183.0
0.179,81.0,90.0
0.179,150.0,1477.9999999999995
0.179,97.0,101.0
0.179,92.0,206.0
0.179,77.0,95.0
0.179,107.0,108.0
0.18,108.0,249.00000000000003
0.18,186.0,200.99999999999997
0.18,97.0,110.00000000000001
0.18,142.0,215.0
0.18,72.0,96.0
0.18,882.0,31339.00000000001
0.18,88.0,312.00000000000006
0.18,101.0,103.0
0.18,96.0,150.0
0.18,106.0,768.0000000000001
0.18,116.90594510117953,186.90104333577167
0.18,190.0,287.0
0.18,121.0,200.0
0.18,51.0,57.99999999999999
0.18,220.00000000000003,651.0000000000001
0.18,85.0,131.0
0.18,98.0,113.99999999999999
0.18,95.0,150.0
0.18,71.65891430938652,87.54998572244315
0.18,227.99999999999997,3403.0
0.18,158.0,188.0
0.18,97.0,104.0
0.18,432.0,6391.999999999999
0.181,149.0,413.0
0.181,182.0,763.9999999999998
0.181,89.0,257.0
0.181,97.0,102.0
0.181,192.0,401.99999999999994
0.181,90.0,103.0
0.181,303.0,1609.0
0.181,227.99999999999997,1723.9999999999995
0.181,157.0,191.0
0.181,138.07606599262596,616.6117092628068
0.181,87.0,98.0
0.181,76.0,87.0
0.181,219.0,3486.0
0.181,227.99999999999997,1363.0
0.181,105.0,107.0
0.181,40.0,41.0
0.182,69.0,135.0
0.182,81.24038404635961,100.21975853094041
0.182,114.99999999999999,142.0
0.182,156.0,376.99999999999994
0.182,92.8654941299512,160.93166251549135
0.182,131.0,204.0
0.182,95.0,195.0
0.182,100.0,105.0
0.182,84.2852300228219,117.91522378386941
0.182,227.99999999999997,1413.0000000000005
0.182,227.99999999999997,2460.0
0.182,148.0,199.0
0.182,97.0,99.0
0.182,98.0,144.0
0.182,94.0,99.0
0.182,42.0,86.0
0.182,98.0,143.0
0.182,111.00000000000001,113.99999999999999
0.183,119.0,423.00000000000006
0.183,438.99999999999994,3996.000000000001
0.183,76.0,86.0
0.183,96.0,98.0
0.183,93.0,101.0
0.183,511.00000000000006,6243.000000000002
0.183,90.0,200.99999999999997
0.183,82.0,95.0
0.183,174.07469661039195,646.9876351214142
0.183,93.0,103.0
0.183,91.0,92.0
0.183,133.0,142.0
0.183,172.0,297.0
0.183,549.0,2830.9999999999995
0.183,88.0,93.0
0.183,90.0,94.0
0.184,213.0,626.0000000000001
0.184,94.0,102.0
0.184,136.0,158.0
0.184,65.0,97.0
0.184,193.0,250.0
0.184,102.0,104.0
0.184,77.0,85.0
0.184,198.0,256.0
0.184,74.0,89.0
0.184,80.0,100.0
0.184,277.0,3289.0
0.184,91.0,100.0
0.184,93.0,138.0
0.184,91.0,156.0
0.184,227.99999999999997,2143.0000000000005
0.184,176.0,312.00000000000006
0.184,114.99999999999999,145.0
0.184,101.0,102.0
0.184,167.0,196.0
0.185,837.0000000000001,13993.999999999995
0.185,84.0,86.0
0.185,165.0,302.0
0.185,188.0,507.0
0.185,94.0,98.0
0.185,88.0,100.0
0.185,93.0,248.0
0.185,129.0,197.0
0.185,99.0,110.00000000000001
0.185,227.99999999999997,517.0
0.185,190.0,2819.0
0.185,444.00000000000006,12099.0
0.185,96.0,97.0
0.185,227.99999999999997,3023.000000000001
0.185,34.99999999999999,50.0
0.185,227.99999999999997,3569.0
0.185,265.0,8940.000000000002
0.185,129.0,192.0
0.185,91.0,258.0
0.185,227.99999999999997,978.9999999999999
0.185,69.0,154.0
0.185,173.0,287.0
0.185,131.0,401.99999999999994
0.185,471.0,18831.000000000007
0.185,97.32420048477152,158.36666315863323
0.186,209.0,408.0
0.186,73.0,75.0
0.186,98.0,101.0
0.186,76.0,94.0
0.186,227.99999999999997,731.9999999999999
0.186,257.0,5148.999999999999
0.186,247.00000000000003,350.0
0.186,93.0,109.00000000000001
0.186,129.0,458.0
0.186,124.0,139.0
0.186,124.0,156.0
0.186,475.0,3372.0000000000005
0.186,227.99999999999997,1172.0
0.186,413.99999999999994,10679.000000000002
0.186,91.0,99.0
0.186,104.0,166.0
0.186,91.0,107.0
0.186,227.99999999999997,318.0
0.186,96.0,109.00000000000001
0.187,4001.0,256346.0000000001
0.187,92.0,103.0
0.187,165.0,254.0
0.187,76.0,100.0
0.187,72.6636084983398,99.2874614440313
0.187,134.0,150.0
0.187,227.99999999999997,2444.0
0.187,85.0,94.0
0.187,84.0,185.0
0.187,227.99999999999997,839.0
0.187,161.0,184.0
0.187,1183.9999999999998,25309.999999999996
0.188,376.0,1562.9999999999998
0.188,112.99999999999999,117.0
0.188,88.0,140.0
0.188,95.0,110.00000000000001
0.188,165.0,265.0
0.188,718.4211856564364,6664.105941534841
0.188,175.0,248.0
0.188,310.5350221794636,1712.8502561520086
0.188,77.0,104.0
0.188,195.0,275.0
0.188,135.05554412907307,210.36397029909853
0.188,75.0,92.0
0.188,107.0,200.99999999999997
0.188,227.99999999999997,266.0
0.188,122.0,220.00000000000003
0.188,64.0,77.0
0.189,96.0,99.0
0.189,645.5881039796195,11336.870467637886
0.189,80.48602363143553,88.48728722251576
0.189,80.0,333.00000000000006
0.189,227.99999999999997,386.99999999999994
0.189,82.0,88.0
0.189,171.0,296.0
0.189,227.99999999999997,943.0000000000001
0.189,1145.0,24181.000000000007
0.189,81.0,136.0
0.189,126.0,138.0
0.189,93.0,103.0
0.189,69.0,95.0
0.189,89.0,110.00000000000001
0.189,97.0,102.0
0.19,4001.0,255999.15254919828
0.19,2867.459747533471,144597.34035649739
0.19,2627.3508920647478,129245.86312150516
0.19,2315.5129967237403,114585.56868031426
0.19,1411.6412349953705,47785.81227419422
0.19,3550.843948251731,224970.49318951298
0.19,1404.5416875282917,63661.828908568736
0.19,983.9990626186282,25141.46875144436
0.19,1105.3002539419813,39983.97629737159
0.19,1176.6802711825524,31797.56990601559
0.19,2283.6256359456434,90428.55221704113
0.19,2435.561502919453,113175.57278657991
0.19,2973.503422411954,148421.70925235326
0.19,1750.4039294329893,60352.84402903279
0.19,2836.0577933107315,142014.21847754365
0.19,2416.4858795731425,106657.13801536233
0.19,2330.1124919289964,115084.51461693589
0.19,3325.739867153848,190451.7582361277
0.19,2923.6701041205615,140144.49651756286
0.19,3409.815013366086,210594.7662999843
0.19,4001.0,290953.6700163792
0.19,2384.7851465529393,104128.90096360518
0.19,3871.88326925444,252029.90758631358
0.19,2127.781749140312,112992.6381000966
0.19,3589.6433058052244,226898.18333815975
0.19,3556.140181907933,196628.41594744194
0.19,1761.9378632664514,71768.79069107762
0.19,1877.7060611713339,66190.7489365839
0.19,1910.1884752872397,67411.00165633086
0.19,836.023793525703,18800.49128673414
0.19,710.0418732660771,10988.51402935934
0.19,3922.038492146646,264456.1078891498
0.19,1939.6549628188793,59579.52893406319
0.19,1844.375854847106,52491.131822557545
0.19,2145.482378820212,100507.1071809308
0.19,484.7793306544494,5815.779566457445
0.19,1667.388203383315,62827.00677971105
0.19,2326.0503790832336,88717.12668350083
0.19,2755.5133565378956,152736.59045408448
0.19,3307.657536546899,185609.42604820285
0.19,1574.6869262390437,44177.268686433556
0.19,603.6913124372107,6230.236536987492
0.19,2482.752051724979,108099.76032016227
0.19,2413.9943185563384,122379.26511963418
0.19,2584.6095675919505,139244.23069570088
0.19,1780.931117728045,55846.341529526886
0.19,4001.0,273738.7825396399
0.19,4001.0,281385.5181255436
0.19,2784.896283457419,154349.12732057902
0.19,3652.728413228873,215846.73108317592
0.19,1990.096532787269,71354.18896649969
0.19,1990.3360545234175,83227.87738637975
0.19,2447.445576505563,122801.42395504011
0.19,2326.7544082025474,87890.18626618914
0.19,1080.5141006217448,23181.23623346166
0.19,1240.968596308134,37844.01162427293
0.19,3430.8796399983626,203038.68532068294
0.19,3039.1523382552573,141434.44518559775
0.19,3236.8344732444657,210297.2369902093
0.19,1229.1315428627863,47515.564997790505
0.19,2579.254963789511,135224.2819665612
0.19,3212.887284542103,163959.39769295102
0.19,1490.3190102219976,44812.396181609365
0.19,3349.0622042857453,209031.0336978297
0.19,1287.52304037868,42836.11342332349
0.19,4001.0,301453.9999999998
0.19,2685.2121550085017,157009.2521408199
0.19,2321.271775410471,143905.15961096511
0.19,1911.045618081446,78440.17468455152
0.19,1627.879684248622,66758.05855675558
0.19,2325.1577751773925,87841.64995731923
0.19,1411.8029492215837,35222.95334879395
0.19,4001.0,274371.816216134
0.19,3256.4265494460506,190401.3917739307
0.19,1333.1108795266812,89294.84261883551
0.19,4001.0,296337.38987673755
0.19,1917.6594637237517,82011.14083152327
0.19,1244.341994790821,38083.041002525
0.19,3533.5027908245265,240732.8188934964
0.19,2691.318897521867,130481.08341742396
0.19,2408.485936504625,121095.44924507024
0.19,1911.1093538221774,95737.79888430124
0.19,4001.0,258289.2751277885
0.19,3517.761422770256,228297.4288216804
0.19,1880.4294725237987,80886.55010332029
0.19,2229.902547562032,81172.81531267743
0.19,483.44649444237626,4384.551881656556
0.19,1929.9807132606436,62486.29315848607
0.19,3137.31366776418,182877.26304113545
0.19,4001.0,268985.54622670956
0.19,3839.399258552512,249407.9385823629
0.19,2207.6531443997537,114131.77083267004
0.19,2461.597724571714,155076.59762479205
0.19,1108.153907334663,23222.984153130757
0.191,233.0,1191.0000000000002
0.191,68.0,125.0
0.191,54.0,63.0
0.191,151.0,202.0
0.191,168.16658407662325,821.8101970649911
0.191,190.0,291.0
0.191,530.0,4250.000000000001
0.191,94.0,102.0
0.191,115.99999999999999,154.0
0.191,68.0,88.0
0.191,101.0,104.0
0.191,567.0000000000001,1191.0000000000002
0.191,81.0,98.0
0.191,100.0,152.0
0.191,92.0,139.0
0.191,93.0,151.0
0.192,99.0,152.0
0.192,227.99999999999997,498.00000000000006
0.192,46.0,61.0
0.192,148.0,467.0
0.192,98.34632682515398,120.73524754602528
0.192,178.0,624.0
0.192,191.04449743449823,1287.6606695865182
0.192,224.00000000000003,455.00000000000006
0.192,143.0,286.0
0.192,91.0,96.0
0.192,499.0,12548.000000000002
0.192,93.0,246.0
0.192,100.0,158.0
0.192,135.05554412907307,165.22711641858305
0.193,89.0,143.0
0.193,177.38094598913378,422.62039704680603
0.193,93.0,296.0
0.193,150.0,1330.9999999999998
0.193,138.0,157.0
0.193,175.0,412.0
0.193,284.0,2676.0000000000005
0.193,140.6947049465615,225.2443118038722
0.193,90.0,200.0
0.193,168.7305544351704,227.3015618072168
0.193,432.0,2725.0
0.193,227.99999999999997,347.0
0.193,96.0,106.0
0.193,112.99999999999999,140.0
0.193,186.0,654.0
0.193,85.0,88.0
0.193,298.95819105687673,937.008537847975
0.193,110.00000000000001,112.00000000000001
0.193,196.0,340.0
0.193,158.08225706890698,203.27813458412098
0.194,221.0,365.0
0.194,30.0,36.0
0.194,107.07940978544848,426.1267417095529
0.194,144.0,521.0
0.194,98.0,247.00000000000003
0.194,103.0,104.0
0.194,307.0,986.0
0.194,125.0,188.0
0.194,137.0,315.0
0.194,1363.9999999999998,38735.999999999985
0.194,88.0,94.0
0.194,67.0,88.0
0.194,171.0,889.0
0.194,236.46307357507186,705.9903942521281
0.194,144.47837208385204,224.56624857711807
0.194,94.0,140.0
0.194,92.0,99.0
0.194,69.0,88.0
0.195,155.0,189.0
0.195,93.0,104.0
0.195,337.0,736.0
0.195,80.0,85.0
0.195,92.0,103.0
0.195,129.0,299.0
0.195,89.0,96.0
0.195,93.0,96.0
0.195,100.0,152.0
0.195,98.0,105.0
0.195,204.0,545.9999999999999
0.195,55.00000000000001,71.0
0.195,114.99999999999999,204.0
0.195,96.0,97.0
0.195,159.76909400878247,298.3670686512713
0.195,194.0,948.0
0.195,105.0,112.00000000000001
0.195,284.0,1116.0
0.196,227.99999999999997,337.0
0.196,227.99999999999997,5231.000000000001
0.196,97.0,106.0
0.196,103.0,163.0
0.196,137.0,227.0
0.196,94.0,100.0
0.196,172.0,218.00000000000003
0.196,94.0,112.00000000000001
0.196,86.0,89.0
0.196,374.0,1192.9999999999998
0.196,95.0,108.0
0.196,117.32007500849973,154.40207252495026
0.196,295.0,6010.999999999998
0.196,80.0,84.0
0.196,96.0,97.0
0.196,200.99999999999997,398.0
0.196,101.92153844992727,104.95713410721541
0.196,34.00000000000001,48.0
0.196,285.0,693.0
0.196,217.03455946000858,935.3469944357547
0.197,103.7496987947435,178.11232411037705
0.197,196.0,1899.9999999999995
0.197,123.0,146.0
0.197,94.0,210.0
0.197,114.99999999999999,150.0
0.197,87.0,91.0
0.197,137.0,214.0
0.197,290.98453567157134,1452.5391560987264
0.197,95.99479152537391,120.83045973594572
0.197,83.0,87.0
0.197,114.99999999999999,702.9999999999999
0.197,84.0,263.0
0.197,84.0,144.0
0.197,119.0,146.0
0.197,180.24300512187227,393.645566660113
0.197,216.0,884.9999999999998
0.197,85.0,104.0
0.198,149.0,420.0
0.198,172.0,616.0000000000001
0.198,88.0,90.0
0.198,94.0,153.0
0.198,105.0,107.0
0.198,89.0,93.0
0.198,220.00000000000003,1532.9999999999998
0.198,122.0,155.0
0.198,227.99999999999997,388.0
0.198,94.0,142.0
0.198,1097.0000000000002,15305.000000000002
0.198,302.0,10207.999999999998
0.199,94.17288960674117,171.1489932132542
0.199,137.0,144.0
0.199,108.0,117.0
0.199,100.0,111.00000000000001
0.199,274.0,1384.0000000000002
0.199,125.0,138.0
0.199,98.0,305.99999999999994
0.199,257.0,947.0000000000001
0.199,100.0,212.0
0.199,101.0,266.0
0.199,125.0,244.0
0.199,133.0,139.0
0.199,119.0,216.0
0.199,239.0,4905.999999999999
0.199,56.00000000000001,89.0
0.199,89.0,93.0
0.199,99.0,144.0
0.199,87.0,156.0
0.199,103.0,104.0
0.199,227.99999999999997,760.2815268043806
0.199,182.0,247.00000000000003
0.199,227.99999999999997,2206.0
0.199,189.0,788.0000000000001
0.2,80.0,93.0
0.2,81.0,118.0
0.2,94.0,97.0
0.2,135.0,162.0
0.2,95.0,146.0
0.2,952.0000000000001,20656.99999999999
0.2,99.0,112.99999999999999
0.2,94.0,148.0
0.2,77.0,93.0
0.2,87.0,92.0
0.2,104.0,107.0
0.2,68.0,86.0
0.2,83.0,88.0
0.2,78.0,102.0
0.201,95.0,98.0
0.201,82.0,84.0
0.201,105.0,250.0
0.201,103.0,109.00000000000001
0.201,119.0,181.0
0.201,124.0,137.0
0.201,81.37567204023571,116.03447763488231
0.201,95.0,109.00000000000001
0.201,108.0,214.0
0.201,112.00000000000001,196.0
0.201,100.0,112.00000000000001
0.201,166.56530250925613,592.8785710413221
0.201,106.0,128.0
0.201,94.0,97.0
0.201,87.0,91.0
0.201,108.0,231.99999999999997
0.201,185.0,469.00000000000006
0.201,227.99999999999997,636.0
0.201,82.0,94.0
0.202,4001.0,265328.02718778653
0.202,2950.3436162564617,146006.27335775224
0.202,3172.3601414489694,167557.87549991766
0.202,3792.226632185394,255102.95953739024
0.202,3775.3847183481753,246635.12267273554
0.202,2610.3721347069268,153330.1156329944
0.202,731.0147364287586,13063.416012487742
0.202,1765.0742503711065,72361.73482626515
0.202,1149.5723445018339,29738.213638999452
0.202,1945.8597120165023,100272.00644225553
0.202,1450.2134103396681,38460.581024696636
0.202,1424.2823201768556,44318.886839008606
0.202,2491.779760211371,111859.58395722652
0.202,2441.1663894575613,112810.55351831812
0.202,4001.0,301281.5931179042
0.202,100.0,164.0
0.202,3941.4977792516465,264748.68864486634
0.202,2610.5470360777704,137918.0255269505
0.202,727.7256569027098,11989.08618153554
0.202,2364.7907268750473,102322.18877030083
0.202,3148.4325500438567,204446.55216405253
0.202,2140.7457897816075,104317.6364014882
0.202,1777.9053790530377,66556.96171466625
0.202,2696.124237762589,126592.98435843409
0.202,2102.027854613275,98650.65271561223
0.202,2798.1661498248423,139301.7866943926
0.202,2544.673149806682,117523.19102500736
0.202,2285.8018261268376,109801.30983582344
0.202,3347.369161114577,203440.57388211926
0.202,2994.2450825675674,128794.77599361248
0.202,681.1081882983711,6666.161632600923
0.202,2711.8703020975304,140221.69994073935
0.202,71.0,109.00000000000001
0.202,3602.25174209302,205600.2352402359
0.202,1888.1047190562304,86035.99055460097
0.202,2919.9780441616535,153650.2495617212
0.202,1794.533442348586,83855.71603211375
0.202,1895.671197837531,68078.87685745672
0.202,4001.0,276335.29482596443
0.202,2274.812281929767,101109.96340217578
0.202,2022.0108771480238,88938.75993830666
0.202,1948.3727328425853,52188.618113742974
0.202,4001.0,259092.55429411458
0.202,1301.726956129668,50840.870152346004
0.202,3134.1659811029867,143694.51756721508
0.202,1456.2578521432588,46149.208956739116
0.202,2898.208312943576,160927.59590011847
0.202,2090.165873887215,86708.69332385928
0.202,3309.3684685557405,200095.19559199174
0.202,765.5203878177103,15063.917978043719
0.202,1997.7405013219336,94783.7402223744
0.202,1938.7571169526548,69893.95497390644
0.202,3455.326625468064,232612.28478493972
0.202,1549.6240940416822,53452.38767672322
0.202,1582.0595592395157,44103.82394321437
0.202,1661.916494992519,60116.540282756614
0.202,3434.090152861686,204364.2790769175
0.202,2636.323772006689,123868.06068831806
0.202,2204.798586111142,98579.22316455182
0.202,2189.7776845750604,125253.17711566063
0.202,3179.498993299747,200388.85205930055
0.202,440.16502605401644,7858.961189105071
0.202,1283.0277507719995,27110.931198968443
0.202,2646.082009311125,130808.99475189007
0.202,1383.1401950962982,38242.53261791567
0.202,2304.412716243651,97886.6658137673
0.202,1229.572645322678,32743.884629961478
0.202,3498.1428492469095,201387.4264073368
0.202,2955.3189182716724,141879.86778662686
0.202,2964.3117417326525,159923.73301959576
0.202,4001.0,273446.77229764475
0.202,2603.270997707801,133113.65406219455
0.202,4001.0,261534.2590514465
0.202,2586.6193038228676,140854.88288481953
0.202,4001.0,276260.7876445732
0.202,1605.991886480843,46981.390719390336
0.202,3691.262190948676,217782.77756509554
0.202,1873.3804466641036,64148.11454086844
0.202,1562.8339588261451,59878.9438072378
0.202,946.4305901840719,21658.636391903176
0.202,2073.815503618377,98318.16777195428
0.202,3310.3519735223754,179793.3381695199
0.202,1910.0644407698073,60669.33165982444
0.202,1688.6873486815418,43026.829737696615
0.202,4001.0,273576.55340073956
0.202,1420.9985779489195,47294.77273927299
0.202,3272.982299831115,214003.49345275498
0.202,3198.492837313056,173086.0372806795
0.202,4001.0,272322.1185879623
0.202,4001.0,267187.20501363
0.202,2260.056754102551,84060.53374382878
0.202,3014.317008304075,167691.8420108871
0.202,2445.3924379496966,120283.02938332179
0.202,614.8379408223465,11524.683655979181
0.203,107.0,112.99999999999999
0.203,110.00000000000001,137.0
0.203,94.0,187.0
0.203,98.0,160.0
0.203,112.99999999999999,117.0
0.203,78.0,115.99999999999999
0.203,1240.0,12177.999999999995
0.203,87.16077099245967,102.76186062932105
0.203,102.0,114.99999999999999
0.203,103.0,212.0
0.203,112.99999999999999,344.0
0.203,388.0,1313.0000000000002
0.203,90.0,98.0
0.203,108.0,159.0
0.203,367.0,1531.9999999999998
0.203,966.0,31220.999999999993
0.203,150.23315213360863,213.17832910500073
0.203,245.00000000000003,312.00000000000006
0.204,95.0,109.00000000000001
0.204,81.0,115.99999999999999
0.204,89.0,149.0
0.204,78.0,80.0
0.204,128.0,148.0
0.204,83.0,235.0
0.204,148.96308267486947,750.4798464982256
0.204,130.0,164.0
0.204,86.0,197.0
0.204,227.99999999999997,3215.0
0.204,79.0,86.0
0.204,457.0,6578.999999999999
0.204,245.00000000000003,543.0
0.204,90.0,150.0
0.204,227.99999999999997,1526.0
0.204,82.0,94.0
0.204,154.72556349873153,1788.9125188225382
0.204,164.0,312.00000000000006
0.204,150.16657417681208,171.07600650003494
0.204,91.0,102.0
0.204,103.0,149.0
0.204,131.0,221.0
0.204,893.0000000000001,25824.999999999993
0.204,3204.9999999999995,196602.00000000003
0.205,154.1590088188167,1184.4078689370483
0.205,163.0,677.0
0.205,86.0,97.0
0.205,85.0,170.0
0.205,90.0,159.0
0.205,4001.0,194991.99999999997
0.205,104.0,114.99999999999999
0.205,220.00000000000003,459.0
0.205,170.0,208.0
0.205,140.56315306651314,360.4830093083445
0.205,227.99999999999997,774.0000000000002
0.205,147.94593607125543,241.45392935299276
0.205,204.99999999999997,747.0000000000001
0.205,88.0,202.0
0.206,117.0,199.0
0.206,227.99999999999997,1785.0000000000005
0.206,337.99999999999994,4888.0
0.206,128.0,254.99999999999997
0.206,78.0,98.0
0.206,227.99999999999997,300.00000000000006
0.206,79.0,89.0
0.206,237.26778120933315,1004.967661171244
0.206,227.99999999999997,356.99999999999994
0.206,540.0,19609.999999999996
0.206,91.0,93.0
0.206,98.0,99.0
0.206,875.0000000000002,5406.000000000001
0.206,177.0,600.0
0.206,87.0,93.0
0.206,101.0,102.0
0.206,156.23059879549845,211.97405501617408
0.206,81.0,92.0
0.206,75.0,190.0
0.206,88.01704380402697,100.36931802099683
0.206,92.0,113.99999999999999
0.206,184.0,1125.0000000000002
0.207,107.0,108.0
0.207,438.0,10198.999999999995
0.207,114.99999999999999,146.0
0.207,254.99999999999997,759.9999999999998
0.207,112.00000000000001,141.0
0.207,93.0,105.0
0.207,80.0,93.0
0.207,73.0,96.0
0.207,87.0,88.0
0.207,1017.0,46934.999999999985
0.207,192.0,620.0000000000001
0.207,169.0,525.0
0.207,81.0,132.0
0.207,160.0,676.0
0.207,100.0,105.0
0.207,362.0,1090.9999999999998
0.207,262.0,468.0
0.207,89.0,95.0
0.207,154.0,553.9999999999999
0.207,227.99999999999997,2126.9999999999995
0.207,85.0,90.0
0.207,112.70314991161516,162.3422311045404
0.208,179.0,356.99999999999994
0.208,85.0,100.0
0.208,241.0,429.0
0.208,162.0493751916372,787.6166580259714
0.208,340.0197451047456,1676.101899742162
0.208,227.99999999999997,528.0000000000001
0.208,94.0,145.0
0.208,76.223356000638,87.94884877018005
0.208,90.0,110.00000000000001
0.208,196.0,849.0
0.208,101.0,102.0
0.208,2379.0,140146.99999999997
0.208,111.00000000000001,184.0
0.208,122.75992831539126,208.21863509301943
0.208,227.99999999999997,3724.999999999999
0.208,106.0,265.0
0.208,136.0,298.0
0.208,208.0,770.0
0.208,494.00000000000006,3763.000000000001
0.208,103.0,202.0
0.208,4001.0,403713.0000000001
0.209,98.0,105.0
0.209,75.0,162.0
0.209,78.0,81.0
0.209,112.00000000000001,139.0
0.209,135.0,211.0
0.209,107.0,225.9645989972766
0.209,300.00000000000006,2980.9999999999995
0.209,179.0,1017.9999999999998
0.209,57.99999999999999,87.0
0.209,80.0,93.0
0.209,149.47909552843834,375.6900318081384
0.209,86.0,96.0
0.209,186.0,636.0
0.21,59.0,64.0
0.21,144.0,194.0
0.21,104.0,126.0
0.21,102.0,212.0
0.21,106.48943609579308,170.31735084835015
0.21,91.0,104.0
0.21,90.0,101.0
0.21,163.0,409.0
0.21,95.0,136.0
0.21,91.0,151.0
0.21,111.00000000000001,254.0
0.21,79.0,88.0
0.21,83.0,90.0
0.21,140.0,188.0
0.21,86.11620056644395,137.11309200802089
0.21,122.0,138.0
0.21,157.0,257.0
0.21,95.0,137.0
0.21,96.26006440887103,103.18430113151904
0.21,105.0,117.0
0.21,204.99999999999997,639.0
0.211,361.00000000000006,14004.0
0.211,85.15867542417507,122.08193969625482
0.211,227.99999999999997,1106.0000000000002
0.211,93.0,103.0
0.211,120.0,348.0
0.211,93.0,181.0
0.211,118.0,146.0
0.211,185.0,455.99999999999994
0.211,227.99999999999997,2088.9999999999995
0.211,86.0,146.0
0.211,183.0,353.0
0.211,79.0,100.0
0.211,90.0,94.0
0.211,125.0,161.0
0.211,84.0,129.0
0.211,182.0,280.0
0.211,136.0,304.0
0.211,880.9999999999999,31699.99999999999
0.211,148.0,166.0
0.212,426.99999999999994,5263.999999999999
0.212,103.0,342.00000000000006
0.212,370.00000000000006,963.0000000000002
0.212,73.0,149.0
0.212,347.0,5073.999999999999
0.212,210.0,351.99999999999994
0.212,155.0,330.0
0.212,109.00000000000001,197.0
0.212,69.0,86.0
0.212,98.0,297.0
0.212,102.0,161.0
0.212,88.0,95.0
0.212,138.0,147.0
0.212,241.0,1446.0000000000002
0.212,96.0,97.0
0.212,80.0,100.0
0.212,73.0,95.0
0.212,133.0,220.00000000000003
0.212,227.99999999999997,2473.0
0.213,2045.394668033877,89884.68867266763
0.213,1417.9530654413302,46567.82386460751
0.213,1541.0127032449611,54509.90565149777
0.213,4001.0,282233.89425120095
0.213,1519.1174699326532,60441.344035920985
0.213,1969.7499930590695,98500.4594229453
0.213,4001.0,271162.628875343
0.213,1680.7515389913672,49528.18573619552
0.213,2259.9106000768375,127596.32381565792
0.213,3199.670463651597,201052.85608263
0.213,1995.68542368739,72005.80388406491
0.213,2315.23455097626,89000.3903821082
0.213,2434.9719312855696,104978.20675472927
0.213,2154.7588758290617,110849.24328027555
0.213,1405.3729563821967,42739.36215987754
0.213,3228.673023028889,175184.01261402332
0.213,2638.562765516828,127737.29009607859
0.213,678.0193995701649,15406.075520495015
0.213,3867.9409066676994,265364.9689105323
0.213,1709.1597940811337,69636.1897810955
0.213,845.9841922034618,17446.449512617015
0.213,2421.65077142061,115218.56344561109
0.213,1382.3170777364903,42729.942652367776
0.213,1215.6116693835227,32505.391986876497
0.213,1887.5395088523028,69798.85425360597
0.213,3183.896269755531,176551.43671755728
0.213,4001.0,280281.1426417493
0.213,3397.5720603308823,202428.8594727298
0.213,3244.14708987644,168360.06429674712
0.213,1423.2557714548109,42084.10845960104
0.213,833.9126578147657,18965.55406080731
0.213,2861.6908854093776,148943.06531362055
0.213,1456.8999534188351,53883.47118433933
0.213,1127.8484074614148,40334.278363002195
0.213,1953.6139124660533,76331.45593637714
0.213,1147.6873961228036,19841.794204700134
0.213,1590.0558028437415,34639.247290108775
0.213,2133.439519625393,96750.96553578648
0.213,3873.077577496703,259843.84805780818
0.213,579.5206552794007,14674.501272283647
0.213,3673.7984163487554,239682.28388391348
0.213,2105.617923844832,84080.78811449911
0.213,1460.685189812849,38401.80032298456
0.213,4001.0,283826.77559713076
0.213,2462.890809274005,104422.04585206407
0.213,2614.8668533742243,103162.17054207475
0.213,3410.6533703123027,214900.05954299076
0.213,2513.237225622869,110186.11872061006
0.213,1554.908919996043,54165.07322030844
0.213,2799.1052145123904,164287.03890223618
0.213,4001.0,260539.90357082227
0.213,1146.945134042482,31623.86266512061
0.213,1841.9094646299743,81985.62880024008
0.213,2908.956179758371,155798.90408237802
0.213,2556.154487527313,131652.29902185997
0.213,3454.3065615569967,195106.01902429922
0.213,3332.9659387948327,196605.9894250706
0.213,2925.8219844162077,182463.47232983602
0.213,2930.7640687198905,137958.08087758182
0.213,2416.15342785572,101702.43333348454
0.213,1767.4175566809752,69873.216504446
0.213,1743.0094192884976,51293.5340039861
0.213,2229.179669744007,86795.04824585328
0.213,1704.1698543237057,93952.55491170134
0.213,3054.740422256712,157151.0405328896
0.213,830.425880810084,17837.11819216334
0.213,2887.8531147792737,175736.15531320093
0.213,1044.0280298531352,17160.834118072264
0.213,1589.0175705927836,49309.98965499067
0.213,3852.762516302941,245835.92672709306
0.213,4001.0,279286.4497941245
0.213,1711.658389059332,54051.5357622078
0.213,2242.3878951044107,102043.57773950737
0.213,3855.174263982584,245221.62528185023
0.213,4001.0,260714.80132205543
0.213,1152.4675055710202,19147.547796378283
0.213,2926.360224651493,176792.33968987773
0.213,2559.786001768356,139634.22352332217
0.213,2450.2865061024954,119564.13903534465
0.213,2862.6076773243467,159962.67401998516
0.213,1849.0122556800347,55639.90348551831
0.213,1257.2366184429393,44558.42675285462
0.213,1742.2818793209904,50608.56072448951
0.213,2716.262117854857,153961.26957270782
0.213,963.0186245086758,25440.427570626056
0.213,3328.365769176513,233894.43469040963
0.213,1913.80309078174,68113.79907963032
0.213,4001.0,273568.23767691915
0.213,1172.1669224372502,28865.395993818413
0.213,4001.0,287741.9064257174
0.213,1661.222611606657,80317.32729963062
0.213,3061.1875526635017,168566.37157919724
0.213,1396.13905075729,38388.878183893845
0.213,1954.835086014397,63748.486281479316
0.214,227.99999999999997,264.0
0.214,126.0,294.0
0.214,148.0,494.00000000000006
0.214,367.0,4450.000000000001
0.214,118.0,193.0
0.214,4001.0,242937.00000000003
0.214,141.0,209.0
0.214,116.79041056525146,207.499397589487
0.214,238.0,1880.0000000000005
0.214,202.0,588.9999999999999
0.214,101.0,223.0
0.214,45.0,46.0
0.214,468.0,10130.999999999998
0.214,320.78029864690876,3712.33040016645
0.214,139.49193525075202,243.47484469653122
0.214,262.0,4081.0
0.214,708.0000000000001,14257.000000000002
0.215,83.0,102.0
0.215,68.0,69.0
0.215,539.0,3733.0000000000005
0.215,77.0,90.0
0.215,83.0,159.0
0.215,62.0,101.0
0.215,89.32524839036273,98.28529900244493
0.215,64.0,84.0
0.215,86.48699324175861,95.91663046625439
0.215,82.0,92.0
0.215,609.0,5053.999999999999
0.215,107.0,313.99999999999994
0.215,147.0,222.00000000000003
0.215,89.0,97.0
0.215,92.42774976578202,97.61839660387538
0.215,151.0,386.99999999999994
0.215,200.03499693803582,1051.1493709268916
0.215,334.0,2840.9999999999995
0.215,94.0,103.0
0.216,95.0,208.0
0.216,202.0,257.0
0.216,96.48834126463154,177.67948671695336
0.216,78.0,92.0
0.216,686.0,5906.999999999999
0.216,112.10263154805958,154.89996772110703
0.216,227.99999999999997,929.0000000000001
0.216,86.0,265.0
0.216,409.0,4963.0
0.216,83.0,280.0
0.216,80.0,87.0
0.216,104.0,166.0
0.216,167.0,199.0
0.216,67.0,93.0
0.216,100.0,102.0
0.216,74.0,292.0
0.216,93.0,104.0
0.216,88.0,95.0
0.216,109.26115503691145,195.44308634484872
0.216,85.0,95.0
0.216,260.0,902.0
0.216,102.0,105.0
0.216,227.99999999999997,678.9999999999999
0.216,227.99999999999997,1144.0
0.216,82.0,175.0
0.216,78.0,95.0
0.217,395.00000000000006,10117.0
0.217,677.0,18373.0
0.217,189.0,466.0000000000001
0.217,774.9999999999999,4893.999999999999
0.217,101.0,158.0
0.217,91.0,258.0
0.217,117.0,509.0
0.217,78.0,156.0
0.217,105.0,140.0
0.217,47.0,52.0
0.217,90.0,151.0
0.217,95.95311355031686,105.0
0.217,227.99999999999997,1035.9999999999998
0.217,111.22499719037981,119.24764148611075
0.217,1153.0,28354.000000000007
0.217,132.0227253165151,269.5663183708232
0.217,266.0,1338.0
0.217,86.0,132.0
0.217,227.99999999999997,853.9999999999999
0.218,87.0,112.00000000000001
0.218,61.0,73.0
0.218,84.49852069711042,97.43715923609432
0.218,89.0,93.0
0.218,127.0,252.99999999999997
0.218,179.0,342.00000000000006
0.218,77.0,143.0
0.218,198.0,757.0000000000001
0.218,361.00000000000006,3300.0
0.218,34.99999999999999,42.0
0.218,511.00000000000006,3033.0
0.218,107.0,150.0
0.218,95.0,96.0
0.218,106.0,153.0
0.218,140.79009055603746,392.434891495185
0.219,140.0,328.0
0.219,130.0,137.0
0.219,206.0,545.0
0.219,227.99999999999997,2730.9999999999995
0.219,82.0,87.0
0.219,74.0,98.0
0.219,109.00000000000001,186.0
0.219,418.0,3231.999999999999
0.219,227.99999999999997,453.0
0.219,457.0,16422.000000000004
0.219,93.0,280.0
0.219,181.9890106572372,317.16872481378107
0.219,401.0,11035.999999999996
0.219,565.7561312084916,5142.188541856472
0.219,75.0,102.0
0.219,79.0,96.0
0.22,78.0,135.0
0.22,128.0,185.0
0.22,31.0,32.0
0.22,87.0,93.0
0.22,127.0,138.0
0.22,99.0,110.00000000000001
0.22,72.0,96.0
0.22,131.0,229.0
0.22,114.44649404852908,124.32216214336043
0.22,127.0,150.0
0.22,128.0,505.99999999999994
0.221,92.0,94.0
0.221,104.0,202.99999999999997
0.221,57.99999999999999,99.0
0.221,68.0,73.0
0.221,102.0,105.0
0.221,76.0,77.0
0.221,103.0,107.0
0.221,227.99999999999997,2221.0
0.221,1322.0000000000002,39684.0
0.221,91.0,100.0
0.221,73.0,94.0
0.221,227.99999999999997,1827.0
0.221,249.00000000000003,388.0
0.221,430.99999999999994,8827.000000000002
0.221,89.0,90.0
0.221,106.0,108.0
0.221,88.0,94.0
0.221,167.4275962916508,716.6247274550327
0.222,4001.0,283776.00000000006
0.222,91.0,106.0
0.222,179.0,407.0
0.222,181.0,236.0
0.222,73.0,96.0
0.222,133.0,164.0
0.222,170.0,310.0
0.222,123.0,268.0
0.222,133.0,260.0
0.222,97.0,106.0
0.222,176.0,575.0
0.222,312.00000000000006,9333.000000000004
0.223,100.0,112.99999999999999
0.223,87.0,102.0
0.223,106.0,108.0
0.223,94.0,101.0
0.223,108.0,211.0
0.223,104.0,108.0
0.223,88.0,90.0
0.223,83.0,84.0
0.223,457.0,2672.9999999999995
0.223,103.0,187.0
0.223,180.0,298.0
0.223,218.00000000000003,525.0
0.223,313.0,13954.999999999998
0.223,110.00000000000001,189.0
0.223,211.01658702575966,982.7003612495521
0.223,76.0,89.0
0.223,97.0,158.0
0.223,94.0,106.0
0.224,137.0,389.99999999999994
0.224,95.0,98.0
0.224,143.0,162.0
0.224,196.0,626.0000000000001
0.224,489.71624437014543,2110.186721595983
0.224,82.0,97.0
0.224,81.0,87.0
0.224,227.99999999999997,347.0
0.224,311.0,1680.0
0.224,92.0,106.0
0.224,88.0,98.0
0.224,98.95453501482385,167.9166459884189
0.224,190.0,212.0
0.224,423.32020977033454,3864.3613961429637
0.224,94.0,212.0
0.224,74.0,109.00000000000001
0.224,111.00000000000001,119.0
0.224,112.99999999999999,165.0
0.224,213.0,264.0
0.224,88.0,101.0
0.224,113.99999999999999,138.0
0.225,3321.1990280523346,203101.82354575506
0.225,4001.0,266642.1316253206
0.225,2868.746191326424,145775.9501305514
0.225,2258.1980292590247,120095.93755986661
0.225,4001.0,280386.92316109926
0.225,2980.094826050888,181175.41845813981
0.225,3053.0109409423544,156262.3378759432
0.225,1954.835086014397,63965.754508897655
0.225,4001.0,255324.50869585137
0.225,2050.4885418188173,86784.74425223989
0.225,2179.700383247805,101662.2656507234
0.225,1122.698569927453,30154.637184468516
0.225,4001.0,266690.19631641643
0.225,1965.1006843209068,69938.94697873165
0.225,1119.7200184844726,36265.584335974396
0.225,4001.0,271084.351121116
0.225,2236.2385737175746,81368.32353423153
0.225,2419.440509382737,109759.6035529909
0.225,3145.9907154268144,192531.1804558807
0.225,1524.221296831711,58669.860348369795
0.225,1121.0025271016204,61862.67488854161
0.225,2806.1330161643837,137568.1212561187
0.225,1698.107704558336,75974.9365079727
0.225,4001.0,254489.7884591835
0.225,2599.9393402313895,118350.66527293395
0.225,2838.1070655272497,174464.84190711673
0.225,1587.9956706431583,69647.4604955621
0.225,2058.79879702835,72790.64005841363
0.225,2405.728442110416,98119.69955603598
0.225,3344.8931005496183,188894.79218981546
0.225,2655.1941766556547,105820.04595381065
0.225,2869.1141705866294,152865.3425735747
0.225,2646.560871923166,154283.4640465823
0.225,4001.0,254464.35749039587
0.225,2484.4725568268527,123466.68576396526
0.225,1095.7318152931014,19646.074705304887
0.225,806.7641838097081,24322.01141409251
0.225,2155.032719707213,88983.06616353945
0.225,2068.651875901929,96277.27331442927
0.225,2187.0568997634964,107417.61771536048
0.225,2158.0463387054506,100849.66285516272
0.225,1668.9023552091335,51463.915454331356
0.225,2172.8152350952987,92221.95599860599
0.225,1763.5749158718947,71998.40566210567
0.225,2263.9340730994027,112274.81232522134
0.225,3301.729255187416,182628.07608561293
0.225,2239.405523039731,101825.79358837623
0.225,1128.047215686875,36240.53589355935
0.225,4001.0,274032.5942273195
0.225,2514.1550328368016,128082.69928676425
0.225,3384.656997893412,209211.5546396045
0.225,1920.1381840993702,61495.84647389494
0.225,840.4779932574418,12877.764984305193
0.225,1385.532600387036,47619.30984096718
0.225,2322.8019743309565,97624.59897527279
0.225,1672.1263417573073,57774.54752128097
0.225,2237.0575912213694,107051.6188860805
0.225,2168.116485270726,89507.41147079796
0.225,2332.7595797707995,102348.8298616245
0.225,2897.4417266714036,134627.52063914455
0.225,584.2747530394031,7617.095158658839
0.225,3009.8766590867344,171066.5688508305
0.225,1366.3527855102977,34377.55240473265
0.225,901.2234852992153,29710.814231531003
0.225,3456.857333528318,202096.6548439033
0.225,1670.0979709612247,66190.65260158289
0.225,4001.0,253443.36216560673
0.225,1014.7056095296045,21356.774501887394
0.225,2875.813981088387,156653.49912632827
0.225,1114.1126486967903,26782.847131293613
0.225,2217.6862789192514,111326.1334543234
0.225,3104.6207041871044,186816.38706796302
0.225,4001.0,302643.3443428088
0.225,4001.0,275273.36895956384
0.225,4001.0,271750.08756591385
0.225,4001.0,257668.99999999988
0.225,4001.0,273046.7912988197
0.225,2945.060533419718,164555.11538174376
0.225,2747.0113182325795,139693.01106710164
0.225,337.06972572451537,6053.311490415804
0.225,3132.199374083634,202243.09851211938
0.225,2337.7165365519486,94405.04778878922
0.225,1625.071120622783,38313.54899336948
0.225,1858.7048823241344,66897.1397005723
0.225,2221.514406930946,81747.55725750806
0.225,3491.6291852348386,201108.9593476375
0.225,2048.7475653768934,92817.72238234639
0.225,2607.0803283642663,139511.33553476466
0.225,1175.342280231093,34928.98025291797
0.225,2399.6993440446513,127992.02916300904
0.225,4001.0,275879.2706971249
0.225,1587.2410355630807,39955.45404216915
0.225,3421.211455993863,169582.89063524798
0.226,133.0,145.0
0.226,95.0,100.0
0.226,184.0,721.0
0.226,4001.0,263676.99999999994
0.226,334.0,3131.9999999999995
0.226,1334.9999999999998,46010.99999999999
0.226,94.0,104.0
0.226,81.0,148.0
0.226,87.0,143.0
0.226,274.0,1702.0
0.226,83.0,140.0
0.226,80.0,113.99999999999999
0.226,84.0,144.0
0.226,131.0,161.0
0.226,227.99999999999997,730.0000000000001
0.226,227.99999999999997,2782.9999999999995
0.226,770.0,4231.0
0.226,90.43229511629129,94.49867723941959
0.226,121.0,185.0
0.226,4001.0,297736.0000000001
0.226,426.0,4902.000000000001
0.226,124.41864811996632,174.24408167854654
0.226,136.0,200.99999999999997
0.226,218.00000000000003,257.0
0.226,130.0,222.00000000000003
0.226,94.0,106.0
0.226,87.0,91.0
0.226,56.99999999999999,103.0
0.227,374.0,1363.9999999999998
0.227,106.0,108.0
0.227,112.00000000000001,157.0
0.227,112.00000000000001,145.0
0.227,127.0,134.0
0.227,457.0,3723.9999999999995
0.227,1244.0,28352.000000000004
0.227,95.0,102.0
0.227,266.0263144878717,661.1202613745853
0.227,92.80624978954812,99.498743710662
0.227,130.0,149.0
0.227,194.0,492.0
0.227,98.0,159.0
0.227,346.0,3783.9999999999995
0.227,125.0,208.0
0.227,89.0,94.0
0.227,83.0,90.0
0.227,140.0,161.0
0.228,98.0,206.99999999999997
0.228,211.0,292.0
0.228,147.94593607125543,265.32432983049256
0.228,84.0,102.0
0.228,162.0,520.0
0.228,84.0,139.0
0.228,137.73888339898798,603.499792874861
0.228,135.0,200.99999999999997
0.228,82.0,172.0
0.228,135.0,249.00000000000003
0.228,85.0,99.0
0.228,143.0,272.0
0.228,1560.9999999999998,40828.000000000015
0.228,227.99999999999997,646.0
0.228,78.0,80.0
0.228,4001.0,300452.99999999994
0.228,112.00000000000001,141.0
0.228,131.833227981416,411.0583900129031
0.228,89.0,97.0
0.228,64.0,83.0
0.228,86.0,103.0
0.228,101.0,147.0
0.229,39.0,52.0
0.229,83.0,262.0
0.229,137.0,153.0
0.229,108.0,196.0
0.229,236.0,712.0
0.229,781.0000000000001,20868.000000000007
0.229,247.00000000000003,673.9999999999999
0.229,242.0,1096.0
0.229,63.0,107.0
0.229,206.99999999999997,479.0
0.229,164.0426773739078,249.64374616641214
0.229,128.0,158.0
0.229,214.0,4484.000000000001
0.229,269.0,1503.0
0.229,87.0,184.0
0.23,252.99999999999997,3582.000000000001
0.23,82.0,170.0
0.23,212.7040197081381,648.4674240083306
0.23,171.0,1281.0000000000002
0.23,83.0,96.0
0.23,80.0,98.0
0.23,85.0,87.0
0.23,99.0,102.0
0.23,96.0,187.0
0.23,89.0,96.0
0.23,197.0,1040.0
0.23,76.0,88.0
0.23,93.0,96.0
0.23,150.23980830658695,486.7186045344887
0.23,93.0,150.0
0.23,61.155539405682624,69.79971346646059
0.23,243.74166652421164,1060.8496594711244
0.23,134.0,307.0
0.23,159.41769036088814,280.5066844123327
0.231,214.07475329893524,549.9818178812824
0.231,97.0,146.0
0.231,82.0,88.0
0.231,89.0,99.0
0.231,111.00000000000001,171.0
0.231,245.00000000000003,1795.0
0.231,98.74208829065749,116.74759098157014
0.231,101.4889156509222,106.49882628461218
0.231,84.0,90.0
0.231,108.0,177.0
0.231,100.0,105.0
0.231,121.0,138.0
0.231,148.0,254.0
0.231,4001.0,267450.0
0.231,288.99999999999994,662.0
0.231,227.99999999999997,3584.9999999999995
0.231,565.0000000000001,19376.999999999996
0.232,88.0,145.0
0.232,92.0,102.0
0.232,199.0,2843.0
0.232,523.0,2546.0
0.232,133.0,311.0
0.232,91.0,92.0
0.232,67.0,89.0
0.232,189.0,1919.0000000000002
0.232,247.34793308212622,785.9770989030152
0.232,152.0,633.0
0.232,53.0,56.99999999999999
0.232,227.99999999999997,1214.9999999999998
0.232,131.0,141.0
0.232,56.00000000000001,91.0
0.232,108.76580344942982,200.9975124224178
0.232,91.0,397.00000000000006
0.232,140.0,157.0
0.232,67.0,151.0
0.232,119.79983305497551,132.24976370489287
0.232,216.0,370.00000000000006
0.232,204.99999999999997,322.0
0.232,308.0,1318.0
0.233,99.0,303.0
0.233,97.0,138.0
0.233,123.0,135.0
0.233,109.00000000000001,113.99999999999999
0.233,549.0,2658.0
0.233,70.0,82.0
0.233,104.0,110.00000000000001
0.233,129.0,242.0
0.233,183.7661557523583,791.9595949289335
0.233,85.0,97.0
0.233,92.0,266.0
0.233,86.0,91.0
0.233,102.0,103.0
0.233,103.0,282.0
0.233,105.0,971.9999999999999
0.233,269.0,405.0
0.233,148.0,177.0
0.233,93.0,96.0
0.233,125.0,290.0
0.233,227.99999999999997,951.0
0.234,89.0,95.0
0.234,95.0,99.0
0.234,83.0,99.0
0.234,227.99999999999997,2223.0
0.234,49.0,50.0
0.234,227.99999999999997,408.0
0.234,457.0,5119.0
0.234,131.0,200.99999999999997
0.234,80.0,97.0
0.234,368.00000000000006,2927.0000000000005
0.234,88.0,100.0
0.234,162.17274740226856,847.1877005717209
0.234,4001.0,269323.0
0.234,353.0,1436.0
0.234,284.0,326.0
0.234,96.28083921528727,168.46364592991569
0.234,260.0,4364.0
0.234,88.43641783790204,104.52272480183436
0.234,106.0,111.00000000000001
0.235,102.0,108.0
0.235,97.0,101.0
0.235,121.0,148.0
0.235,121.61414391426682,319.3587324624145
0.235,123.0,204.0
0.235,89.0,99.0
0.235,93.0,96.0
0.235,169.0,286.0
0.235,134.0,264.0
0.235,209.0,1221.0
0.235,98.0,100.0
0.235,175.0,538.0
0.235,139.0,156.0
0.235,93.0,97.0
0.235,128.0,154.0
0.235,218.04815981796315,1038.941769301822
0.235,204.99999999999997,503.0
0.235,99.0,110.00000000000001
0.235,92.0,97.0
0.235,4001.0,292177.00000000006
0.235,100.0,101.0
0.236,45.0,56.99999999999999
0.236,93.0,99.0
0.236,112.99999999999999,114.99999999999999
0.236,98.75221516502808,129.79984591670362
0.236,72.0,83.0
0.236,68.0,70.0
0.236,81.0,112.99999999999999
0.236,269.0,1401.0000000000002
0.236,85.32291603080617,95.99479152537391
0.236,125.0,199.0
0.236,144.0,448.00000000000006
0.236,254.99999999999997,792.0000000000001
0.236,93.0,134.0
0.236,285.0,616.0000000000001
0.236,200.99999999999997,470.0
0.236,263.0,1838.0
0.237,3014.5694269366677,157556.24067364275
0.237,2040.6048946270346,94195.32144706752
0.237,257.93022312245614,1956.4028215068586
0.237,1447.2881640011196,43141.58112843146
0.237,2039.8627404803494,62295.480373779945
0.237,4001.0,256724.1683059249
0.237,2133.9445109164094,113227.45149918423
0.237,3231.9413024098767,170503.92078985556
0.237,1866.204235137874,85741.73339370794
0.237,2072.8896102141657,89318.31382033144
0.237,3556.5723750598418,213047.8012489687
0.237,1919.787342802794,102737.51930671452
0.237,2219.2886609711572,100610.73293086217
0.237,1564.526624550465,51993.514233463444
0.237,2382.242503098217,135586.1550061874
0.237,3225.5063181471996,183471.03768311892
0.237,2964.4026480520033,149799.06620424546
0.237,4001.0,279961.0510082387
0.237,4001.0,282720.1195564225
0.237,2611.544594025819,127121.00524428982
0.237,3258.7241561446285,210665.22699140848
0.237,2911.4276552825713,142062.2504092996
0.237,1635.0729094640446,56657.6295401572
0.237,646.2980673267515,13861.726756545831
0.237,3170.04576568649,182352.48807973412
0.237,2637.695778639822,130268.93494421245
0.237,568.547178184773,11508.29217785256
0.237,2194.068430294136,116231.38463379268
0.237,1948.8234763982487,80062.60895702602
0.237,2543.695602419547,113401.19378058816
0.237,1834.1226808699716,63252.143408746044
0.237,4001.0,272888.84378075995
0.237,4001.0,278793.5906365136
0.237,1181.6606958006178,23490.93884884126
0.237,1722.9794153208709,66552.84756180806
0.237,1948.4875060846573,78703.44699233364
0.237,2228.9076685847986,101015.57777238781
0.237,4001.0,294153.0997178763
0.237,2828.9574382609917,161225.68830170474
0.237,2227.938726748205,82687.88632277412
0.237,2013.535784385207,95639.97692734173
0.237,2619.5304883532804,148204.79339088307
0.237,2137.990238861383,98043.26397436684
0.237,3140.8302069192755,184809.09195491814
0.237,2335.291749711745,124074.65085113703
0.237,2961.1652956135295,141554.5801516631
0.237,2017.1039545227964,85148.59857097264
0.237,2051.486847042293,86338.73523520182
0.237,3194.236627980212,179560.22192241435
0.237,1629.2006880386318,43539.27760374032
0.237,4001.0,270256.7693827728
0.237,1400.1166690941855,56267.13030562912
0.237,2794.3297393588937,164406.01446225337
0.237,3291.375310158848,200913.2635177377
0.237,1030.4533190748962,31152.932034443613
0.237,3168.8970615582507,155117.31054949507
0.237,1702.0649336604858,57783.245986424336
0.237,2066.6934268604064,68210.77704098476
0.237,2344.3433297267507,128001.76369565022
0.237,3306.814710359405,195061.71992595558
0.237,837.5501892115207,19240.33519139322
0.237,2872.1065752654563,171911.32847840845
0.237,4001.0,289308.9251855185
0.237,708.8077028166181,18801.523634472836
0.237,638.4547176164481,14352.642307563387
0.237,1528.1513682686777,51399.88634537466
0.237,2958.1194538265368,131349.72527119837
0.237,2775.7130467480374,151621.62344154622
0.237,1125.0472333871573,36055.46609427575
0.237,723.5520615725821,23109.05414496863
0.237,2575.532291163328,114803.73884356038
0.237,2585.358727274574,137416.84360727662
0.237,958.2748940614767,34896.59756392326
0.237,1048.4712664974777,16516.911578927367
0.237,2916.907343931151,169950.87894030023
0.237,170.5960140214302,422.1113597144716
0.237,3280.2314019247247,194734.2382275708
0.237,3338.3311963153988,173230.380274847
0.237,1475.9502230537591,60775.25251128445
0.237,4001.0,265012.00000000006
0.237,4001.0,285455.52474792633
0.237,2646.8169898186975,154760.21770494065
0.237,4001.0,268532.4283403101
0.237,1606.3503196818558,61995.322304960246
0.237,929.0148717242323,17494.17227502746
0.237,2972.6107960695626,138282.13497370874
0.237,1506.5989831681986,35212.01916223946
0.237,3635.9056099959616,222268.1306638488
0.237,3321.35130251799,183868.02460904754
0.237,997.3193339389136,35912.4335839769
0.237,1175.8084879441726,34703.65641934538
0.237,1299.9060522794161,42396.90058292004
0.237,1555.5818002044834,41925.9805166375
0.237,1796.1991890756692,52879.235486550024
0.238,259.0,459.99999999999994
0.238,91.0,95.0
0.238,225.50166296504335,489.37306832313527
0.238,100.0,108.0
0.238,100.0,102.0
0.238,147.0,152.0
0.238,90.44888059008802,120.63167080000179
0.238,457.0,2551.0
0.238,225.99999999999997,754.0000000000002
0.238,65.0,88.0
0.238,140.0,168.0
0.238,168.0,598.0
0.238,430.99999999999994,2678.0000000000005
0.238,79.0,89.0
0.238,82.0,101.0
0.238,62.0,148.0
0.238,200.99999999999997,257.0
0.238,80.049984384758,92.49864863877742
0.238,133.0,153.0
0.238,99.58915603618699,202.32152628922114
0.239,91.0,113.99999999999999
0.239,84.0,157.0
0.239,92.0,204.0
0.239,96.0,162.0
0.239,99.0,214.0
0.239,138.39075113604954,668.3337489608018
0.239,113.99999999999999,259.0
0.239,102.0,167.0
0.239,48.0,54.0
0.239,60.0,76.0
0.239,999.0,7728.000000000003
0.239,105.06664551607233,139.97142565538155
0.239,897.9999999999999,21495.000000000004
0.239,107.66615066955816,238.79698490558877
0.24,80.0,112.99999999999999
0.24,74.0,91.0
0.24,93.0,141.0
0.24,242.91356487442192,1378.4063261607591
0.24,104.52272480183436,170.88007490635061
0.24,90.0,93.0
0.24,61.0,72.0
0.24,614.0,12636.999999999998
0.24,126.0,190.0
0.24,86.0,136.0
0.24,133.0,252.0
0.24,299.0,2704.0
0.24,157.64517119150844,363.7787789302724
0.24,98.0,111.00000000000001
0.24,209.0,524.0
0.24,100.0,101.0
0.24,113.28724553099522,229.71068760508297
0.24,287.0,2801.0
0.24,76.0,97.0
0.24,227.99999999999997,1963.0
0.24,37.0,49.0
0.24,135.0,141.0
0.241,79.0,105.0
0.241,104.0,127.0
0.241,109.00000000000001,118.0
0.241,291.0,4735.000000000001
0.241,92.48783703817492,96.99484522385713
0.241,98.0,199.0
0.241,99.0,108.0
0.241,96.0,118.0
0.241,70.0,91.0
0.241,94.0,103.0
0.241,70.0,154.0
0.241,81.0,348.0
0.241,88.0,97.0
0.241,65.45557658308277,79.84407127536953
0.241,60.794736614282655,65.57438524302
0.241,108.0,127.0
0.241,89.0,149.0
0.241,64.0,84.0
0.241,1047.9999999999998,10820.999999999995
0.242,282.0,759.0
0.242,114.26285485668559,260.9923370522591
0.242,176.0,578.9999999999999
0.242,103.0,174.0
0.242,81.0,95.0
0.242,537.0,5985.000000000002
0.242,88.0,101.0
0.242,112.00000000000001,115.99999999999999
0.242,90.0,108.0
0.242,70.0,103.0
0.242,146.0684770920817,233.0150209750436
0.242,139.0,968.9999999999998
0.242,98.0,104.0
0.242,195.49564902459696,332.45008390068836
0.242,119.0,125.0
0.242,85.0,88.0
0.242,93.0,202.99999999999997
0.242,89.0,95.0
0.242,86.0,87.0
0.242,233.0,969.9999999999998
0.242,104.0,105.0
0.242,102.0,108.0
0.242,91.0,105.0
0.242,389.0,4580.999999999999
0.243,140.0,158.0
0.243,195.44564461762764,720.7246353497293
0.243,277.0,746.0
0.243,176.0,816.9999999999998
0.243,121.0,156.0
0.243,56.86826883245172,99.94998749374608
0.243,182.0,1223.0
0.243,4001.0,293957.0
0.243,125.0,144.0
0.243,521.1986185706942,11868.880528508154
0.243,80.23714850367004,130.09996156801893
0.243,125.0,148.0
0.243,74.0,97.0
0.243,212.0,225.0
0.243,178.0,206.0
0.243,132.54433220624713,321.2475680841803
0.244,367.0,2477.9999999999995
0.244,100.30952098380293,171.44386836512996
0.244,119.0,181.0
0.244,171.11399708965948,295.83103285490523
0.244,227.99999999999997,391.0
0.244,99.0,302.0
0.244,178.0,261.0
0.244,169.0,234.0
0.244,97.0,103.0
0.244,227.99999999999997,1331.9999999999998
0.244,229.99999999999997,733.0
0.244,122.0,179.0
0.244,86.0,99.0
0.244,99.0,147.0
0.245,156.0,300.00000000000006
0.245,4001.0,306484.00000000006
0.245,130.0,146.0
0.245,117.0,146.0
0.245,227.99999999999997,455.99999999999994
0.245,87.0,196.0
0.245,227.99999999999997,1572.9999999999998
0.245,4001.0,256330.00000000003
0.245,93.0,111.00000000000001
0.245,1144.0,17155.000000000004
0.245,98.0,102.0
0.246,135.0,242.0
0.246,83.0,94.0
0.246,806.9999999999999,8244.999999999998
0.246,128.0,257.0
0.246,99.0,100.0
0.246,79.0,114.99999999999999
0.246,141.0,303.0
0.246,75.0,294.0
0.246,108.0,109.00000000000001
0.246,107.0,150.0
0.246,178.0,257.0
0.246,96.0,101.0
0.246,172.16271373325876,248.5115691471928
0.246,116.91022196540386,287.0365830342885
0.246,82.94576541331088,99.13626985114983
0.246,70.0,97.0
0.246,78.0,82.0
0.246,161.0,840.0
0.246,93.0,95.0
0.246,98.0,104.0
0.246,109.00000000000001,111.00000000000001
0.246,377.99999999999994,2247.0000000000005
0.246,457.0,3515.9999999999995
0.246,160.0,670.0000000000001
0.247,134.0,160.0
0.247,261.0,529.0
0.247,142.0,261.0
0.247,93.0,95.0
0.247,88.0,97.0
0.247,86.0,96.0
0.247,4001.0,279080.00000000006
0.247,1060.9999999999998,34180.99999999999
0.247,79.0,321.0
0.247,172.0,1178.0
0.247,202.99999999999997,2852.0000000000005
0.247,94.0,103.0
0.247,34.00000000000001,34.99999999999999
0.247,252.0,721.0
0.247,890.0,32641.999999999996
0.248,3410.2745350957684,209347.09699507858
0.248,2232.9889653552127,82599.06225516586
0.248,2841.36982755022,137472.4724781404
0.248,1572.8871627084454,45755.631616166516
0.248,2827.3343255478662,157472.74679055435
0.248,928.2180599849271,23668.1024060205
0.248,1077.8715292508257,22932.884689910123
0.248,1183.4510107759122,39282.734658513946
0.248,3493.6455489496802,187201.1022774696
0.248,1821.3746188375414,90473.16293985836
0.248,2765.458386778118,144501.22690711656
0.248,2011.1299448525574,82220.32634257656
0.248,2655.9842747281837,112840.52457445837
0.248,2212.0630642004767,145606.23173477157
0.248,1072.20034502967,17659.038296809278
0.248,2933.363421135909,155129.1999173226
0.248,851.0085728402091,13817.016140044485
0.248,1489.3036220316735,38768.944055331645
0.248,715.4564112646954,10327.531479214837
0.248,4001.0,269618.9999999999
0.248,1504.7300512662691,80744.70889306579
0.248,721.9616795946278,15240.725576296209
0.248,635.3634005506398,8641.122938986146
0.248,1564.029719582517,48260.46423076214
0.248,2089.0881409764825,87155.0371824009
0.248,1239.515279279582,33038.736014719834
0.248,1707.543535692111,62477.724499549186
0.248,713.5510979517838,12334.288285969924
0.248,1018.9220667173313,25196.77381070611
0.248,2143.239671591967,70736.11350997703
0.248,2717.8000978947225,162044.91360446665
0.248,1873.1357693896675,59835.64048908053
0.248,672.432976214232,18060.480920306232
0.248,2132.73342604995,85128.89899461309
0.248,2093.1245553851363,77841.76897685212
0.248,2299.7746740888438,110479.74632735795
0.248,1074.5243192731025,39564.62656741444
0.248,2336.54362276131,106079.75624825672
0.248,2761.834586648536,113260.53864401841
0.248,2234.5118350372236,119883.20392436412
0.248,3018.9881444561624,165740.3473083153
0.248,856.069422600058,20054.650054630714
0.248,2709.7927539938187,104991.89380417705
0.248,2365.0296166281605,128366.04165804957
0.248,585.277711859934,9055.098895097728
0.248,876.5426632030786,18359.617733965904
0.248,1370.3433322608073,40316.68548194972
0.248,938.1530630791026,20872.820424191395
0.248,4001.0,275067.05699012167
0.248,566.1976111629739,11823.819892980442
0.248,4001.0,274503.4823372483
0.248,995.5259642182098,14823.270335761386
0.248,1974.6678696744418,63127.980910186365
0.248,2396.2241498678954,84893.99268646468
0.248,3414.9853512921027,227590.7830465288
0.248,2894.4970153283602,138802.29059247972
0.248,1171.4778809721258,42027.60940490645
0.248,2355.4780410279095,103234.97738970412
0.248,2485.1325925799993,109674.95392500577
0.248,1002.8266899619423,34300.6890205192
0.248,2095.0623313221545,112375.983364967
0.248,1298.0752145492932,47297.00349197551
0.248,858.0453252230823,18090.316824653608
0.248,1166.386587449125,31934.595929922158
0.248,1195.7280148402615,22497.863071937943
0.248,3229.0811137956835,170775.87120932658
0.248,1997.7405013219325,97689.2394216924
0.248,312.9115218413973,3406.219556918954
0.248,4001.0,241420.98613627226
0.248,3323.514713140306,189762.48037400158
0.248,2368.0736242679413,87384.00439557876
0.248,2096.3619019724933,102978.40475923185
0.248,2851.322478426535,147605.87648026354
0.248,2898.641061769495,167659.4012804731
0.248,2519.0599321654136,133083.87700850415
0.248,1173.688435683787,23050.347658507177
0.248,1659.5836909051507,76180.30351458158
0.248,4001.0,271054.0986578609
0.248,1621.4968056793277,46078.29646418304
0.248,2590.7138341897253,113012.29904206976
0.248,2359.107192371127,87962.64230104601
0.248,3107.540212699914,156573.60844745184
0.248,2883.9143126368763,142485.2265493514
0.248,4001.0,255902.15521549818
0.248,2878.558831196367,124197.88709957675
0.248,693.4746051760046,12032.834088429838
0.248,3888.17177184392,236316.39110562496
0.248,1878.5750130738456,74688.71040655008
0.248,1330.8466886386714,39816.11419324725
0.248,4001.0,265338.8334677243
0.248,2282.6639084246713,97735.05328550885
0.248,4001.0,264280.58784556994
0.248,1242.9541524653052,27540.733920432303
0.248,2207.9553866524025,102475.67879662779
0.249,52.0,73.0
0.249,204.99999999999997,860.9999999999998
0.249,143.0,231.0
0.249,73.0,104.0
0.249,266.0,1123.0000000000002
0.249,106.64895686315923,121.65525060596438
0.249,68.0,87.0
0.249,106.0,136.0
0.249,104.0,196.0
0.249,193.0,588.9999999999999
0.249,33.0,44.0
0.249,217.0,345.0
0.249,95.0,101.0
0.249,187.0,1361.9999999999998
0.249,4001.0,259292.99999999994
0.25,84.0,102.0
0.25,154.0,167.0
0.25,101.0,243.00000000000003
0.25,86.0,134.0
0.25,227.99999999999997,1221.0
0.25,100.0,148.0
0.25,252.99999999999997,3992.999999999999
0.25,101.0,106.0
0.25,90.0,229.99999999999997
0.25,309.0,1969.0000000000002
0.25,97.0,109.00000000000001
0.25,83.0,126.0
0.25,139.21206844235883,238.98953952003845
0.25,96.0,140.0
0.25,88.0,94.0
0.25,65.0,94.0
0.25,1240.0,16779.0
0.25,797.0000000000001,32157.00000000001
0.25,76.4591394144611,174.12064782787823
0.25,89.0,93.0
0.25,103.0,146.0
0.25,76.0,94.0
0.25,82.0,98.0
0.25,30.0,34.00000000000001
0.25,139.0,155.0
0.251,405.99999999999994,3271.999999999999
0.251,93.0,99.0
0.251,126.70832648251653,242.53659517689283
0.251,141.0,239.0
0.251,686.0,9134.000000000004
0.251,93.0,101.0
0.251,83.0,115.99999999999999
0.251,41.0,42.0
0.251,74.0,93.0
0.251,159.05345013548117,448.998886412873
0.251,97.0,109.00000000000001
0.252,561.0,2362.9999999999995
0.252,92.0,98.0
0.252,181.0,1609.9999999999998
0.252,62.0,86.0
0.252,180.0,254.0
0.252,139.0,746.0
0.252,229.0,337.0
0.252,279.0,2446.0000000000005
0.252,4001.0,256382.00000000012
0.252,91.0,109.00000000000001
0.252,896.9999999999999,10898.000000000002
0.252,92.0,103.0
0.252,82.0,84.0
0.252,227.99999999999997,933.9999999999998
0.252,212.0,249.00000000000003
0.252,96.0,194.0
0.252,220.00000000000003,465.00000000000006
0.252,239.775762777756,877.09683781989
0.252,195.0,1056.0
0.252,111.00000000000001,161.0
0.252,198.0,263.0
0.252,337.0,2017.0000000000002
0.253,145.0,405.0
0.253,100.0,113.99999999999999
0.253,97.0,99.0
0.253,208.0,259.0
0.253,89.0,145.0
0.253,88.0,90.0
0.253,99.0,248.0
0.253,66.0,102.0
0.253,187.0,426.99999999999994
0.253,547.0,3208.0
0.253,128.0,157.0
0.253,116.74759098157014,137.06202975295528
0.253,101.0,162.0
0.253,97.0,153.0
0.253,457.0,10424.999999999998
0.253,100.0,268.0
0.253,60.794736614282655,91.4166286842826
0.254,4001.0,259663.00000000012
0.254,104.0,109.00000000000001
0.254,163.45641620933696,526.7143438335432
0.254,457.0,9671.0
0.254,53.0,57.99999999999999
0.254,125.0,139.0
0.254,73.0,78.0
0.254,96.0,158.0
0.254,91.0,93.0
0.254,235.0,616.0000000000001
0.254,89.0,93.0
0.254,135.0,157.0
0.254,109.00000000000001,148.0
0.254,99.0,104.0
0.254,129.0,215.0
0.254,164.0,719.0
0.254,79.0,86.0
0.254,457.0,3336.0
0.255,133.0,609.0
0.255,223.0,683.0
0.255,86.86771552193599,118.74342087037917
0.255,564.0,8083.0
0.255,86.0,99.0
0.255,283.0,1327.9999999999998
0.255,153.0,188.0
0.255,96.0,104.0
0.255,98.0,150.0
0.255,113.99999999999999,118.0
0.255,133.0,151.0
0.255,66.0,94.0
0.255,112.00000000000001,150.0
0.255,153.0,160.0
0.255,143.0,192.0
0.255,98.0,141.0
0.255,288.0,4550.0
0.255,98.0,107.0
0.255,91.0,102.0
0.255,143.0,835.0
0.255,4001.0,266596.0
0.255,115.32562594670796,121.52366024770649
0.255,178.06178702910964,373.9919785236042
0.256,78.0,93.0
0.256,144.0,164.0
0.256,227.99999999999997,1391.0
0.256,227.99999999999997,835.0
0.256,80.0,85.0
0.256,411.00000000000006,3767.999999999999
0.256,44.0,52.0
0.256,94.0,112.00000000000001
0.256,227.99999999999997,1432.0000000000002
0.256,95.0,107.0
0.256,92.0,200.0
0.256,72.0,79.0
0.256,100.0,220.00000000000003
0.256,134.0,271.0
0.256,91.498633869583,116.31852818876278
0.257,120.0,157.0
0.257,104.0,146.0
0.257,146.0,577.0
0.257,227.99999999999997,508.0000000000001
0.257,79.0,142.0
0.257,53.0,92.0
0.257,206.0,634.9999999999999
0.257,84.0,95.0
0.257,163.682619724881,214.10277905716217
0.257,126.0,161.0
0.257,370.00000000000006,1238.9999999999998
0.257,112.00000000000001,337.0
0.257,173.0,359.99999999999994
0.257,82.0,93.0
0.257,104.0,106.0
0.258,83.0,144.0
0.258,101.0,119.0
0.258,146.0,616.0000000000001
0.258,59.0,95.0
0.258,75.0,101.0
0.258,106.0,144.0
0.258,90.0,149.0
0.258,129.89226304903613,172.00290695217916
0.258,87.0,99.0
0.258,177.38094598913378,315.3569406244296
0.258,134.0,191.0
0.258,109.00000000000001,225.0
0.258,117.38824472663352,140.32106042928837
0.258,83.0,106.0
0.258,503.0,12248.000000000002
0.258,130.0,200.99999999999997
0.258,125.0,200.0
0.258,164.0,322.99999999999994
0.258,154.0,163.0
0.259,275.99999999999994,475.0
0.259,128.0,155.0
0.259,202.99999999999997,815.9999999999999
0.259,221.83327072375775,659.6332314248579
0.259,106.0,248.0
0.259,227.99999999999997,520.0
0.259,93.0,155.0
0.259,100.0,101.0
0.259,77.0,101.0
0.259,70.0,95.0
0.259,869.0000000000001,9649.0
0.259,83.0,126.0
0.259,89.0,95.0
0.259,103.0,290.0
0.259,97.0,163.0
0.259,76.0,88.0
0.259,158.88675212238434,456.4865824972295
0.259,84.0,100.0
0.259,778.0000000000001,8117.999999999998
0.259,82.365041127896,105.92450141492289
0.26,3974.491422284769,252258.29314701908
0.26,1755.074905545177,73583.39058401587
0.26,1906.9353901555355,62016.66985131487
0.26,2663.368413712628,135554.9681419846
0.26,1379.2187385902241,46041.603287260514
0.26,4001.0,290202.80147297797
0.26,305.07315723619143,3345.8079861594606
0.26,1507.3107707288186,58656.638975392045
0.26,4001.0,256841.28263968765
0.26,2906.7407873652587,155967.36195641875
0.26,1579.5105885313292,45773.455125200664
0.26,3227.66567734553,142494.1343702926
0.26,996.700880386636,15730.46851295126
0.26,4001.0,277496.77053255937
0.26,2974.351334843689,119909.47439604977
0.26,1163.9232305472055,35166.51500767124
0.26,334.51216929933895,3673.738200608983
0.26,2780.1572094047333,145347.70641065243
0.26,2876.2625499343153,126350.27487500064
0.26,2837.8146466422527,142900.36879489658
0.26,1522.9871359717656,38199.13048875976
0.26,2071.200999532327,107864.97486405747
0.26,2469.1374515268403,134468.49370066458
0.26,770.0446977176051,17517.56905902431
0.26,4001.0,249622.28698575767
0.26,1568.3758108627458,53740.51848030908
0.26,1486.7970003579605,58729.727923613835
0.26,2316.035796986265,108376.448812074
0.26,4001.0,290189.66254847875
0.26,1276.3284383081518,34740.03084209243
0.26,1778.1668379994915,73751.66074581667
0.26,1994.0070414675013,81695.6087684992
0.26,748.081111435429,22586.635393807534
0.26,1415.7577140177445,36678.85408275955
0.26,2789.495044333442,134041.72794623277
0.26,2110.580576934311,75719.69774105708
0.26,264.4053117612598,2736.202611444627
0.26,1321.5675394039747,43432.826823480835
0.26,1895.4941308271043,112978.5842095748
0.26,2523.805063787613,121938.89503353716
0.26,2713.120009185714,109491.67753063164
0.26,2076.7075522059413,80493.6214388445
0.26,2651.0567289251867,147662.02823268375
0.26,2694.1504546952888,162650.05551054346
0.26,3077.768477941462,170047.24153621995
0.26,1321.557605167387,40356.415345090485
0.26,1374.3063166513684,44245.386258380044
0.26,3775.298030900957,238663.9582370306
0.26,3047.05023451932,139545.11334820793
0.26,3562.7486564100914,230110.48247388966
0.26,709.0309832233485,16304.025904544485
0.26,908.5390719517345,35333.08431725238
0.26,1471.6009253410334,35911.8086613334
0.26,1865.3383645434108,57487.30389226708
0.26,719.0688423231812,22369.310852147406
0.26,1619.0207547672685,46101.237778040726
0.26,1101.2257138299815,24778.79862326864
0.26,1116.7401189177542,19223.11841052515
0.26,1168.090749899168,42938.15617839221
0.26,2405.0315098612396,104977.58180206204
0.26,1770.5902138330207,67871.88422305298
0.26,194.2987390592126,516.052322928596
0.26,2387.1428213514596,115452.09476447773
0.26,608.5299768927779,15080.99923988425
0.26,1688.2448746539048,53398.544711417504
0.26,921.6188462749531,16131.938458010623
0.26,4001.0,261682.5006889008
0.26,3328.3323691268465,210663.63631645395
0.26,1674.7486416950912,45096.74789607332
0.26,4001.0,272304.99303721945
0.26,1001.4527435033939,15301.205175412122
0.26,2870.8060024231113,150197.5541040331
0.26,1238.6492336679764,40411.16588604811
0.26,2432.6001054263625,116408.39149104667
0.26,1862.68393514065,66806.33356155662
0.26,3016.657777498349,158339.58736492746
0.26,2618.846155967874,96956.0931656421
0.26,3272.655641752659,203651.1350307268
0.26,3134.61942550644,158135.76739155353
0.26,1985.5084983118077,84443.59745929737
0.26,4001.0,283211.38957735145
0.26,2551.1046021876077,147794.585216824
0.26,1137.4214342924306,25024.788625225527
0.26,3181.142015988214,206049.51619859852
0.26,1751.5337882702424,68663.16854931107
0.26,299.1336784759289,3555.3844677864645
0.26,4001.0,287244.9999999999
0.26,988.53923344481,19843.025182088542
0.26,2325.801367271074,97059.98126931611
0.26,1789.2750148012303,67307.98094445423
0.26,1714.8571369067454,60587.120264954014
0.26,4001.0,265413.1164844722
0.261,227.99999999999997,1747.0
0.261,165.0,208.0
0.261,97.0,104.0
0.261,135.8970198348735,214.43180734210117
0.261,129.0,418.0
0.261,80.0,97.0
0.261,227.99999999999997,788.0000000000001
0.261,163.0,175.0
0.261,237.0,982.9999999999998
0.261,128.0,191.0
0.261,67.0,81.0
0.261,149.0,520.0
0.261,533.0,5197.0
0.261,90.0,92.0
0.261,186.0,521.0
0.261,72.0,119.0
0.261,71.0,100.0
0.261,111.00000000000001,176.0
0.261,4001.0,294299.99999999994
0.261,88.0,91.0
0.261,120.0,193.0
0.261,170.0,292.0
0.261,294.7337781795633,4034.687596332584
0.261,75.0,89.0
0.261,123.0,149.0
0.261,99.0,104.0
0.261,107.0,344.0
0.262,315.99999999999994,1441.9999999999998
0.262,227.99999999999997,899.0000000000002
0.262,227.99999999999997,697.0
0.262,172.0,964.0
0.262,121.0,153.0
0.262,100.0,155.0
0.262,69.54135460285484,105.21406750050109
0.262,219.0,886.0000000000001
0.262,45.0,51.0
0.262,445.0,2790.0
0.262,74.0,110.00000000000001
0.262,155.0,250.99999999999997
0.262,81.0,112.99999999999999
0.262,470.0,4809.0
0.262,227.99999999999997,649.9999999999999
0.262,123.0,156.0
0.262,247.9677398372619,1302.8614661582403
0.262,333.00000000000006,908.0
0.262,89.0,97.0
0.262,98.0,147.0
0.262,165.0,301.0
0.262,122.0,263.0
0.263,68.0,101.0
0.263,87.0,92.0
0.263,109.00000000000001,145.0
0.263,50.0,56.99999999999999
0.263,88.0,96.0
0.263,125.0,147.0
0.263,89.0,106.0
0.263,258.0,344.0
0.263,343.0,1214.9999999999998
0.263,968.0000000000001,8337.000000000004
0.263,256.0,677.0
0.263,87.96590248499699,99.0151503558925
0.263,68.0,103.0
0.263,915.0,22459.999999999993
0.263,509.99999999999994,6060.000000000002
0.263,107.0,358.0
0.263,256.0,714.0
0.263,216.0,549.0
0.263,123.0,187.0
0.263,118.0,184.0
0.263,105.0,111.00000000000001
0.263,82.0,99.0
0.263,96.0,101.0
0.263,168.0,343.0
0.263,87.94884877018005,137.8695035169127
0.264,83.0,91.0
0.264,82.0,104.0
0.264,86.0,88.0
0.264,60.0,83.0
0.264,80.0,114.99999999999999
0.264,94.0,109.00000000000001
0.264,413.0,3261.0000000000005
0.264,86.0,105.0
0.264,227.99999999999997,2415.0
0.264,74.0,85.0
0.264,85.85336468626328,115.72805897846514
0.264,122.0,152.0
0.264,102.0,103.0
0.264,83.0,87.0
0.264,77.0,95.0
0.264,66.0,70.0
0.264,126.0,457.0
0.265,182.0,333.00000000000006
0.265,81.0,185.0
0.265,74.0,87.0
0.265,185.0,571.9999999999999
0.265,2925.0,153715.0000000001
0.265,179.0,993.9999999999998
0.265,356.99999999999994,5281.000000000001
0.265,227.99999999999997,791.0
0.265,78.0,87.0
0.266,249.4954909412192,409.3971177231222
0.266,87.0,186.0
0.266,242.0,611.0
0.266,80.0,104.0
0.266,184.0,838.0000000000002
0.266,227.99999999999997,1353.0000000000002
0.266,86.0,89.0
0.266,69.0,83.0
0.266,201.6754819009986,916.155008718503
0.266,103.82677881933928,120.70625501605126
0.266,97.0,143.0
0.266,151.0,365.0
0.266,51.0,52.0
0.266,79.0,84.0
0.266,70.0,76.0
0.266,4001.0,275525.0000000001
0.266,190.0,852.0000000000001
0.266,107.0,112.99999999999999
0.266,99.0,202.99999999999997
0.266,101.0,156.0
0.266,135.5544171172596,180.65436612492928
0.267,686.0,9478.999999999996
0.267,313.0,876.0
0.267,115.99999999999999,156.0
0.267,190.0,432.0
0.267,92.0,101.0
0.267,150.0,326.0
0.267,1220.0,51944.00000000001
0.267,186.0,637.9999999999999
0.267,472.7293094361719,4297.116475032996
0.267,227.99999999999997,3065.9999999999995
0.267,86.0,100.0
0.267,90.0,101.0
0.267,79.0,101.0
0.267,686.0,49753.99999999999
0.267,110.00000000000001,202.0
0.267,143.0,442.0
0.267,307.0,2138.9999999999995
0.267,61.0,86.0
0.267,275.0,464.00000000000006
0.267,103.0,106.0
0.267,114.45188446375631,187.0347004913361
0.268,539.0,8490.999999999998
0.268,287.0,1259.9999999999995
0.268,70.0,95.0
0.268,117.0,168.0
0.268,165.0,215.0
0.268,90.0,160.0
0.268,86.0,95.0
0.268,149.47909552843834,371.5965554199878
0.268,97.0,257.0
0.268,131.0,139.0
0.268,142.0,209.0
0.268,552.9999999999999,5310.000000000001
0.268,100.0,158.0
0.268,88.0,96.0
0.268,336.0,956.0
0.268,101.0,155.0
0.268,99.0,206.99999999999997
0.268,83.0,143.0
0.268,96.0,99.0
0.268,86.0,90.0
0.268,94.0,95.0
0.269,94.0,103.0
0.269,62.0,89.0
0.269,186.0,628.0
0.269,133.0,136.0
0.269,334.0,6198.0
0.269,96.0,112.00000000000001
0.269,92.0,100.0
0.269,92.0,102.0
0.269,122.31107881136525,310.4126286090822
0.269,153.0,244.0
0.269,80.0,95.0
0.269,227.99999999999997,788.0000000000001
0.269,223.99999999999997,1820.1736180925157
0.27,210.19990485249988,922.7865408641371
0.27,85.0,89.0
0.27,96.0,383.00000000000006
0.27,259.7498796919837,1491.2213115429913
0.27,82.0,147.0
0.27,73.0,91.0
0.27,94.11694852681954,98.04080783020915
0.27,457.0,3098.0
0.27,324.0,1186.0
0.27,73.0,78.0
0.27,82.0,84.0
0.27,79.0,93.0
0.27,77.0,92.0
0.27,149.0,644.0
0.27,100.4987562112089,188.17279293245343
0.27,227.99999999999997,640.0
0.27,68.0,97.0
0.27,75.0,97.0
0.27,180.13883534651822,381.62547084805544
0.27,82.0,98.0
0.27,88.0,110.00000000000001
0.27,140.0,145.0
0.27,88.14760348415605,118.11011811017718
0.27,135.0,666.0
0.27,180.0,195.0
0.27,68.0,93.0
0.27,192.0,783.9999999999998
0.27,111.00000000000001,144.0
0.271,110.00000000000001,471.0
0.271,89.0,104.0
0.271,69.0,112.99999999999999
0.271,86.0,183.0
0.271,75.0,85.0
0.271,94.0,142.0
0.271,119.0,250.99999999999997
0.271,137.0,202.99999999999997
0.271,476.0,6175.000000000001
0.271,96.46761114488116,126.29330940315089
0.271,172.0,244.0
0.271,409.99999999999994,3497.999999999999
0.271,76.0,94.0
0.271,227.99999999999997,7092.000000000003
0.271,142.28843944607726,200.04999375156197
0.271,70.0,102.0
0.271,173.0,180.0
0.271,168.0,482.0
0.271,170.0,197.0
0.271,78.0,111.00000000000001
0.272,510.3029918134107,9886.098840089657
0.272,1531.4319911138743,43621.41770462033
0.272,1894.2753702004914,75694.98990757164
0.272,1489.4492270634805,32989.30735859727
0.272,2275.472750347727,91838.80307402594
0.272,1023.6165566074993,40400.63940446374
0.272,2092.5740895217673,66861.51555458148
0.272,1317.1818098733943,43615.26871946507
0.272,2058.4117663868915,77842.394079319
0.272,2526.8816407989634,120679.1935472381
0.272,2242.7232608128725,101655.46841056518
0.272,1089.3594448114907,13168.398915585754
0.272,1362.4839548990055,45887.34664486868
0.272,2541.917715264056,114726.95192940946
0.272,3663.7897046637377,175886.46969565353
0.272,2985.0003350083566,133268.15981321275
0.272,1977.200844927335,79013.6272340801
0.272,997.4924045543636,33385.51797401122
0.272,784.7403338782862,20134.453492091965
0.272,2509.470425843026,99150.8261920128
0.272,752.4690301173564,18954.045746742253
0.272,901.5231990310755,21799.340367318484
0.272,2337.297836821274,94043.55320151956
0.272,2588.8251899403413,145134.3528383209
0.272,2431.891408610134,118078.48197122262
0.272,724.8839766772837,11983.32958249594
0.272,3003.3494558035445,148815.81885524036
0.272,4001.0,272783.1384026153
0.272,1247.491886573226,36129.68621876585
0.272,2009.2309474025128,92236.37850653073
0.272,1929.6206867654328,85622.58304460904
0.272,2275.8413152543367,72791.50716093481
0.272,1867.7692283471572,65660.18877798574
0.272,1411.6412349953705,53707.11326832451
0.272,2190.250898869807,104519.62788395297
0.272,1724.7798067124008,67655.45029680936
0.272,2867.131698893947,135204.47493944535
0.272,1206.8651157050504,30402.782365094088
0.272,2020.5902917177177,66473.48441495927
0.272,811.6693731199601,16413.43805821958
0.272,1198.828803334445,31953.338242813923
0.272,1602.2343955871402,61194.64391820734
0.272,422.46107971021377,3779.8346750990545
0.272,3601.0115191799828,225464.9582987824
0.272,1706.620088525394,61704.30996417122
0.272,769.9970510610697,13144.698902230903
0.272,2393.0066405708844,129013.24893283108
0.272,1739.7153203136875,73925.20460090047
0.272,2658.771592883247,127191.30739506704
0.272,1236.1725914289655,27330.767857141138
0.272,2651.3804301290825,126900.09227683452
0.272,550.4016930531371,5559.020625316064
0.272,2682.3052527353193,130792.57407568027
0.272,470.6968683133168,4098.159759814213
0.272,1232.3372065141575,38378.53067399183
0.272,1350.0,38373.99999999999
0.272,2226.1120778166865,109130.39839458809
0.272,1764.7060613492706,59778.43499637341
0.272,583.7231603633551,7840.87669756508
0.272,4001.0,257559.36666524084
0.272,1010.077721098372,23536.27776871326
0.272,1996.362179735558,88149.67561280642
0.272,2385.997472063396,129171.28368290098
0.272,2390.626074519563,121567.04145827486
0.272,1341.415227807916,34971.307068600945
0.272,4001.0,295237.00000000006
0.272,1415.8040118603988,52752.9910621189
0.272,362.6858264510602,4031.085151150782
0.272,2870.8584015718525,132154.2605025893
0.272,2341.637665093524,91005.64916337833
0.272,1108.7736991298932,20474.418884142928
0.272,1321.7577943577041,46133.56701244151
0.272,1491.112046296787,49866.05537976355
0.272,1177.5492807120756,20637.604983952086
0.272,819.7667837664821,22126.04160368533
0.272,275.99999999999994,4973.0
0.272,950.4701733578992,30224.96501909837
0.272,328.0,5602.999999999998
0.272,1155.0420555902099,27634.590645211927
0.272,2465.1982878598596,106632.99793629961
0.272,1146.3979676044285,35157.11607827454
0.272,1545.3210735168698,45249.96339459358
0.272,1152.5721080482047,49940.464060081824
0.272,3018.4060586015858,141669.0771626524
0.272,1098.805199668813,48755.45029532872
0.272,1766.3645001881237,78686.9192850035
0.272,845.3813303820605,13377.920583772195
0.272,4001.0,284543.45341182675
0.272,652.9417248605071,5019.562037237592
0.272,1557.131352502506,63147.228466661996
0.272,4001.0,266389.0532709796
0.272,1923.4724834152619,71235.88187403129
0.272,2349.0,141071.0
0.273,88.0,90.0
0.273,83.0,242.0
0.273,96.0,108.0
0.273,90.0,99.0
0.273,93.49866309204641,151.26136320951233
0.273,395.00000000000006,4473.0
0.273,223.3024854317569,871.5618165110266
0.273,143.0,373.0
0.273,56.99999999999999,60.0
0.273,335.0,7262.0
0.273,84.0,237.0
0.273,100.0,156.0
0.273,41.0,56.00000000000001
0.273,76.0,92.0
0.273,102.0,112.00000000000001
0.273,84.0,88.0
0.273,429.0,1703.0
0.273,224.00000000000003,1289.0000000000002
0.273,167.0,362.0
0.273,659.0,7791.999999999999
0.274,118.0,200.99999999999997
0.274,686.0,4201.0
0.274,88.0,99.0
0.274,501.99999999999994,5683.999999999998
0.274,91.0,94.0
0.274,82.0,100.0
0.274,142.0,247.00000000000003
0.274,96.0,139.0
0.274,127.0,202.99999999999997
0.274,90.0,100.0
0.274,115.99999999999999,236.0
0.274,95.0,158.0
0.274,457.0,1640.9999999999995
0.274,94.0,147.0
0.274,686.0,13854.999999999998
0.274,123.24771803161308,152.73506473629428
0.274,92.0,110.00000000000001
0.274,81.0,102.0
0.274,145.0,495.0
0.275,376.0,773.0
0.275,132.37446883746125,205.65991344936427
0.275,81.0,91.0
0.275,132.0,154.0
0.275,612.0,7104.999999999998
0.275,98.0,153.0
0.275,119.0,266.0
0.275,184.0,375.0
0.275,140.0,197.0
0.275,52.0,53.0
0.275,235.0,922.0000000000002
0.275,132.0,238.0
0.275,138.0,285.0
0.275,107.0,109.00000000000001
0.276,320.0,2157.0000000000005
0.276,71.0,76.0
0.276,147.0,248.0
0.276,79.0,90.0
0.276,186.0,277.99999999999994
0.276,93.0,96.0
0.276,166.0,395.00000000000006
0.276,105.0,110.00000000000001
0.276,69.0,82.0
0.276,252.99999999999997,647.0
0.276,125.0,157.0
0.276,256.0,6585.999999999998
0.276,94.0,97.0
0.276,88.0,154.0
0.276,185.0,250.0
0.276,75.0,95.0
0.276,64.0,70.0
0.276,235.0,530.0
0.276,91.0,107.0
0.276,216.0,345.0
0.276,119.0,172.0
0.276,87.0,100.0
0.276,105.64090116995406,173.85338650713712
0.277,140.0,144.0
0.277,95.0,168.0
0.277,102.0,113.99999999999999
0.277,153.49267083479913,295.89863129119067
0.277,182.0,257.0
0.277,175.0,264.0
0.277,42.190046219457976,51.17616632769595
0.277,4001.0,267857.0000000001
0.277,81.0,102.0
0.277,99.0,100.0
0.277,200.0,795.0000000000001
0.277,677.0,28895.000000000004
0.277,96.0,151.0
0.277,227.99999999999997,463.0
0.277,315.0,1528.9999999999998
0.277,164.0,254.99999999999997
0.277,79.0,91.0
0.277,119.59933110180843,184.29867064089203
0.277,127.0,136.0
0.277,120.0,310.64449134018133
0.277,227.99999999999997,1764.9999999999998
0.277,72.0,100.0
0.278,143.0,325.0
0.278,227.99999999999997,988.0000000000001
0.278,178.0,1554.0
0.278,138.0,368.99999999999994
0.278,163.0,250.99999999999997
0.278,227.99999999999997,1698.0
0.278,46.0,48.0
0.278,503.0,2213.9999999999995
0.278,279.0,4152.0
0.278,51.0,56.99999999999999
0.278,172.9277305697383,302.1158718108004
0.278,458.0,6224.000000000003
0.278,86.0,104.0
0.278,179.0,404.0
0.278,84.0,92.0
0.278,719.0,26570.999999999996
0.278,173.0,208.0
0.278,80.0,88.0
0.278,86.0,97.0
0.278,150.0,260.0
0.278,92.0,93.0
0.278,995.9999999999999,7170.000000000003
0.279,63.0,93.0
0.279,359.0,1000.0000000000002
0.279,109.00000000000001,269.0
0.279,318.0,561.0
0.279,117.0,132.0
0.279,80.0,88.0
0.279,80.0,90.0
0.279,1149.9999999999998,44306.0
0.279,254.0,2517.0
0.279,152.0,534.0
0.279,126.49110640673517,203.70567002417977
0.279,1144.0,34205.999999999985
0.28,87.0,95.0
0.28,734.0,10683.000000000004
0.28,107.0,224.00000000000003
0.28,227.99999999999997,2271.0
0.28,122.0,419.00000000000006
0.28,85.0,91.0
0.28,118.0,202.99999999999997
0.28,83.0,96.0
0.28,80.0,91.0
0.28,84.0,105.0
0.28,124.0,136.0
0.28,222.59829289552061,2074.724560032006
0.28,163.0,309.0
0.28,1694.9999999999995,51153.000000000015
0.28,248.92770034690795,1004.2335385755647
0.28,484.99999999999994,1640.9999999999995
0.28,100.0,164.0
0.28,81.0,98.0
0.281,84.0,110.00000000000001
0.281,249.00000000000003,1597.0000000000002
0.281,126.0,134.0
0.281,97.0,107.0
0.281,60.0,85.0
0.281,97.0,100.0
0.281,171.0,326.0
0.281,82.0,94.0
0.281,368.00000000000006,1609.0
0.281,369.55649094556577,1688.2345808565815
0.281,972.9999999999999,15549.999999999995
0.281,99.0,234.0
0.281,145.0,287.0
0.281,99.0,112.00000000000001
0.281,288.0,7417.000000000002
0.281,116.14645926587687,125.46314199795891
0.282,97.0,98.0
0.282,81.0,86.0
0.282,80.0,127.0
0.282,190.0,331.99999999999994
0.282,260.0,1700.9999999999998
0.282,101.0,165.0
0.282,71.0,85.0
0.282,176.0,310.0
0.282,124.0,136.0
0.282,140.0,243.00000000000003
0.282,291.0,1108.0000000000002
0.282,170.0,197.0
0.282,1380.9999999999998,48349.999999999985
0.282,227.99999999999997,2041.0000000000005
0.282,217.0,557.0
0.282,171.0,1038.0
0.283,3025.4808052997173,158195.34012304991
0.283,555.0,8383.000000000002
0.283,1946.2042263756355,58086.22544064419
0.283,3338.771415326923,178837.11868656563
0.283,2768.185527987992,144739.39083208324
0.283,2762.5280343971112,110572.17147245747
0.283,1964.2222379354127,71143.24534346184
0.283,1316.216961484943,37731.196065391916
0.283,527.2980401637095,11209.082371300005
0.283,346.86308538096125,2268.9865579152292
0.283,1068.7649107464765,31537.0170454823
0.283,1952.195631971064,83993.55424452039
0.283,1174.3000104211228,32562.953627843704
0.283,2751.0,125831.00000000001
0.283,2957.3951376168857,151499.49406846214
0.283,1840.0703297567272,98308.94823857986
0.283,2432.3847103450767,93919.6366460266
0.283,1033.3873604848939,24486.464015293383
0.283,972.9182905054258,21445.889419653355
0.283,3400.42497344082,187709.38913916913
0.283,2628.9141574934793,117754.65477469709
0.283,4001.0,241118.77657080122
0.283,768.7964605667541,16344.93036821352
0.283,4001.0,265847.99999999994
0.283,1290.2929584093833,41115.70991246321
0.283,2305.065725744062,93832.37837761547
0.283,1764.2171879521084,61419.57443049297
0.283,567.7056950018135,5689.723377242493
0.283,2487.104666049098,111299.99791707794
0.283,2677.6467280057695,129815.10501093474
0.283,2875.8698428988046,151037.6986514559
0.283,3385.9687733310125,156831.42141526367
0.283,1186.7229912958621,35051.24569266678
0.283,679.7915475764721,9576.470996249942
0.283,2062.756246564778,75782.32478955935
0.283,3017.823635794236,134102.86338793632
0.283,4001.0,290678.12132985325
0.283,445.36971483500434,7080.981960175819
0.283,802.876157491605,16568.07707302129
0.283,4001.0,280169.99999999994
0.283,885.2469212286012,20916.353107064664
0.283,2971.9276709379187,154076.6156319497
0.283,2282.6639084246713,89010.468507106
0.283,2541.7621564455626,102062.60232771267
0.283,1334.7552192092721,45459.955407920745
0.283,2356.0737492250605,112715.4861725209
0.283,2798.4240012427263,118982.29509628048
0.283,521.3549672728328,6724.160184418768
0.283,1102.3868735384167,36940.742206924166
0.283,1686.9346588563822,59146.59098545691
0.283,2005.8307902996762,83004.82761049771
0.283,1069.1715551732987,31505.723495090508
0.283,3271.2843212581383,168992.7403181394
0.283,2949.7199308572267,123651.7696559308
0.283,636.8491459702911,13314.446526822318
0.283,1361.711041000763,40821.80671112686
0.283,611.0,20092.999999999996
0.283,4001.0,267865.99999999994
0.283,1191.6603415373609,26015.286367152392
0.283,2523.716398189797,142924.71380759784
0.283,1538.7519252177563,59025.955875478976
0.283,3107.197769260946,161554.27299656023
0.283,2625.829778780718,150350.97485959128
0.283,1968.643346340251,83566.80124303873
0.283,2262.339809443887,98676.41871363882
0.283,2033.4561431701497,102654.24195283541
0.283,310.83295521756827,3863.5418507824384
0.283,997.4924045543636,35444.46545060516
0.283,1016.7169717146304,36954.189970602834
0.283,2413.598143850794,100771.65637221604
0.283,1318.5183979140613,35388.80160244497
0.283,379.44990722707246,3433.437024903982
0.283,1935.5385797692613,75825.15373695489
0.283,1103.5012639310096,47605.42326215913
0.283,1865.7261689058632,68219.66949050597
0.283,1283.4257986819039,35600.114162202364
0.283,527.1385017241673,19409.77908168972
0.283,4001.0,250952.0
0.283,1326.1228097770738,48926.885667156486
0.283,1224.9654548409474,45183.40740309921
0.283,939.0377588766933,24208.58718268559
0.283,1773.0119530291074,78003.5750444684
0.283,886.2064694134892,21408.16282581121
0.283,1078.1144612100843,29457.92917597912
0.283,4001.0,283134.8793032805
0.283,1253.0,34224.00000000001
0.283,4001.0,288606.8416877882
0.283,2545.837939308829,126908.29006154215
0.283,2704.0008009879807,120303.04696956958
0.283,665.0465994821558,5770.931367899901
0.283,1260.9208574495296,33788.60196895779
0.283,1417.126296411241,42496.67851498155
0.284,98.99494936611666,136.44779221372548
0.284,173.0,588.9999999999999
0.284,99.0,101.0
0.284,178.0,505.99999999999994
0.284,305.99999999999994,923.9999999999999
0.284,99.0,108.0
0.284,227.99999999999997,1652.0000000000002
0.284,117.0,706.9999999999999
0.284,70.0,124.0
0.284,70.0,240.0
0.284,79.07591289387685,133.58517881860996
0.284,1144.0,18158.0
0.284,138.0,157.0
0.284,350.0,2444.0
0.284,197.38540979515176,435.8359783221205
0.284,137.0,156.0
0.284,142.0,218.00000000000003
0.284,152.0,356.99999999999994
0.284,66.0,90.0
0.284,103.60984509205676,147.25488107359973
0.284,136.0,159.0
0.284,84.581321815162,96.39502061828713
0.284,733.0,6604.999999999997
0.285,119.0,156.0
0.285,85.0,166.0
0.285,477.553138404513,4225.759221725725
0.285,95.34149149242423,138.8956442801573
0.285,404.0,3132.9999999999995
0.285,738.0,14552.000000000007
0.285,122.0,155.0
0.285,104.0,165.0
0.285,855.9999999999999,6939.999999999999
0.285,111.00000000000001,112.00000000000001
0.285,135.0,206.0
0.285,386.0,5997.000000000003
0.285,331.0,932.0000000000002
0.285,188.0,405.0
0.285,82.0,83.0
0.286,121.0,218.00000000000003
0.286,112.99999999999999,198.0
0.286,86.0,104.0
0.286,51.0,60.0
0.286,160.0,211.0
0.286,103.0,234.0
0.286,98.0,105.0
0.286,457.0,2845.9999999999995
0.286,73.0,92.0
0.286,66.0,78.0
0.286,142.0,220.00000000000003
0.286,67.0,71.0
0.286,155.0,166.0
0.286,283.0,961.9999999999999
0.286,112.99999999999999,266.0
0.286,4001.0,283187.99999999994
0.286,109.00000000000001,184.0
0.286,131.0,233.0
0.286,34.00000000000001,37.0
0.287,225.0,827.9999999999999
0.287,103.0,107.0
0.287,69.0,542.0
0.287,92.0,106.0
0.287,227.99999999999997,749.9999999999999
0.287,94.0,98.0
0.287,38.0,55.00000000000001
0.287,270.0,1186.9999999999998
0.287,95.0,111.00000000000001
0.287,106.0,153.0
0.287,85.0,225.0
0.287,476.0,2557.0000000000005
0.287,161.6539513899985,906.2383792358387
0.287,185.0,206.0
0.287,82.0,97.0
0.287,92.0,102.0
0.287,96.0,101.0
0.287,87.0,92.0
0.288,90.0,95.0
0.288,170.0,541.0
0.288,457.0,2644.0000000000005
0.288,95.0,157.0
0.288,86.0,152.0
0.288,62.0,86.0
0.288,31.0,32.0
0.288,102.0,113.99999999999999
0.288,259.0,1143.0000000000002
0.288,141.0,394.00000000000006
0.288,45.0,108.0
0.288,661.0,15988.999999999998
0.288,124.0,135.0
0.288,450.8536347862796,5127.472086710957
0.288,176.0,393.0
0.288,112.99999999999999,196.0
0.288,89.0,132.0
0.288,570.1122696451989,4442.358607766825
0.289,84.0,86.0
0.289,203.4993857484587,676.9106292561818
0.289,4001.0,275612.99999999994
0.289,222.00000000000003,1952.9999999999998
0.289,67.0,85.0
0.289,99.0,113.99999999999999
0.289,209.0,329.0
0.289,70.0,74.0
0.289,129.0,152.0
0.289,131.0,146.0
0.289,146.0,208.0
0.289,78.0,82.0
0.289,76.0,99.0
0.289,181.0,317.0
0.289,95.0,112.99999999999999
0.289,78.0,89.0
0.289,112.00000000000001,113.99999999999999
0.289,121.0,304.0
0.289,142.0,373.0
0.289,88.0,145.0
0.29,115.99999999999999,206.0
0.29,125.0,229.0
0.29,65.0,74.0
0.29,187.0,256.0
0.29,179.0,1103.9999999999998
0.29,127.0,465.00000000000006
0.29,73.0,112.00000000000001
0.29,160.0,221.0
0.29,227.99999999999997,433.0
0.29,96.0,146.0
0.29,100.0,101.0
0.29,114.99999999999999,227.0
0.29,183.0,664.0
0.291,175.0,430.99999999999994
0.291,91.0,93.0
0.291,85.0,104.0
0.291,106.0,170.0
0.291,113.99999999999999,244.0
0.291,96.0,106.0
0.291,87.0,99.0
0.291,88.0,135.0
0.291,98.37810339667544,136.21897394155064
0.291,137.0,143.0
0.291,97.0,254.0
0.291,127.0,295.0
0.291,145.0,504.0
0.291,99.0,103.0
0.291,70.0,103.0
0.291,77.0,110.00000000000001
0.291,109.00000000000001,206.99999999999997
0.291,686.0,5481.000000000002
0.291,132.0,151.0
0.291,96.0,105.0
0.291,315.0,3811.9999999999995
0.291,158.0,319.0
0.291,91.0,97.0
0.292,326.0,3018.9999999999995
0.292,651.2342128604731,5317.41074208115
0.292,69.0,326.0
0.292,104.0,112.99999999999999
0.292,227.99999999999997,413.0
0.292,148.0,271.0
0.292,93.0,100.0
0.292,114.99999999999999,123.0
0.292,242.0,3865.0000000000005
0.292,154.0,167.0
0.292,91.0,101.0
0.292,88.0,101.0
0.292,254.99999999999997,1839.0
0.292,224.00000000000003,516.0
0.292,99.0,147.0
0.292,103.0,104.0
0.292,140.0,153.0
0.293,212.0,349.0
0.293,133.0,143.0
0.293,100.0,108.0
0.293,282.0,3877.9999999999995
0.293,227.99999999999997,1492.0000000000002
0.293,105.0,156.0
0.293,175.0,275.0
0.293,299.0,5636.000000000002
0.293,61.0,66.0
0.293,75.0,138.0
0.293,85.0,95.0
0.293,102.0,142.0
0.293,259.0,5764.999999999998
0.293,108.0,112.99999999999999
0.293,92.0,93.0
0.293,81.82909018191513,95.97916440561461
0.293,315.99999999999994,907.0
0.293,227.99999999999997,415.00000000000006
0.293,73.0,131.0
0.293,265.0,1250.0000000000002
0.293,112.00000000000001,141.0
0.293,127.0,265.0
0.294,171.0,459.99999999999994
0.294,81.0,123.0
0.294,282.0,4216.999999999999
0.294,89.0,106.0
0.294,97.0,102.0
0.294,336.0,1133.0000000000002
0.294,272.0,1583.0000000000002
0.294,100.0,156.0
0.294,54.0,97.0
0.294,344.6737587922817,3319.490171698058
0.294,156.43529013620935,219.24871721403525
0.294,215.0,542.0
0.294,71.0,84.0
0.294,96.74709297958259,124.18937152590797
0.294,96.0,99.0
0.294,85.0,86.0
0.294,137.0,328.0
0.294,227.99999999999997,400.0
0.294,127.0,134.0
0.294,99.0,101.0
0.294,94.49867723941959,98.49873095629202
0.295,962.5066702720801,14866.200784439656
0.295,3221.2359133083487,189251.684170771
0.295,1213.8141743710853,36419.87481834594
0.295,1279.9788674489594,27495.296001010483
0.295,1543.3660596433233,58985.594806859466
0.295,4001.0,274746.87065733795
0.295,789.2492982752797,12307.996015491566
0.295,884.1342870121318,22854.332681183303
0.295,1792.5842482230084,61157.13480279117
0.295,2481.4447105676627,131782.69083389745
0.295,1934.9935976225802,58200.20858007092
0.295,637.9269919292672,9545.70813208783
0.295,528.5528338792373,7621.569785146254
0.295,998.3384854503205,25553.79148711601
0.295,910.7877504917112,21268.436901057048
0.295,3534.3573259946807,186101.93164242536
0.295,1519.914510707274,61926.8355848042
0.295,4001.0,245356.00000000003
0.295,1895.174374921667,71811.28253378424
0.295,832.1952895805165,22773.36279516048
0.295,2209.6874225170054,108112.05761576227
0.295,1296.4145143512585,47299.62299645449
0.295,1270.804240015745,41103.76366235482
0.295,1132.8441914373666,38045.6939757963
0.295,942.455303979982,9779.612875773768
0.295,1747.2157851851036,65941.55428104498
0.295,2056.6901145408347,73434.12305949036
0.295,1988.9918988612023,75089.14999398544
0.295,1426.1431633603945,38200.23732657034
0.295,2333.9731266739395,82246.42226322692
0.295,1355.1336282477828,61165.109487895264
0.295,3199.0000000000005,135106.00000000003
0.295,1765.3779040849538,71865.7649530768
0.295,1671.3287888666493,50764.650925289156
0.295,689.4833743429016,11551.236420387957
0.295,1358.7782551064622,66910.89079928845
0.295,1872.7878649157806,68886.88468802247
0.295,907.8579183991291,32739.98949297326
0.295,2529.2206245162406,132302.36281892605
0.295,734.2088691903896,11895.925818827203
0.295,963.8897465727055,22399.22676718398
0.295,64.48255578061402,285.0228061050554
0.295,1310.3710334974508,49359.154894123945
0.295,252.63365142823457,4646.946209547996
0.295,3080.4957477364587,156317.27016162153
0.295,1696.4833355700243,59274.13937474865
0.295,507.5431016179809,10387.949797722358
0.295,2620.2689294745737,138382.38750004012
0.295,1090.4283561976918,15200.461506151718
0.295,569.1765765193927,6580.33996944647
0.295,394.26828677192907,6169.343578884528
0.295,625.6030447855793,8934.894104143983
0.295,2180.8219030708665,77529.35935045868
0.295,941.5157991239447,21148.38376803297
0.295,312.7682848371938,1220.8071100710386
0.295,1618.846553129543,52369.93333039197
0.295,381.7301706409746,6128.261344928134
0.295,404.8049804498885,6087.930696340608
0.295,1289.8749080472344,45220.09773993747
0.295,956.1896707120052,29892.76268818884
0.295,1410.505558527827,66645.42609373467
0.295,73.29392880723478,268.64102441734394
0.295,1147.1310334382697,30213.735007681844
0.295,1057.4554191524658,19891.08058267501
0.295,1696.0893254778766,83486.05434442333
0.295,2169.0,66465.99999999999
0.295,1179.8269642662642,21773.45739085615
0.295,822.8977134822676,15725.7023188718
0.295,1139.0554811239915,47812.14120713754
0.295,2133.333822936805,85074.31993118433
0.295,1585.4229476307935,48693.23068896905
0.295,1600.6665223039563,44351.46994248453
0.295,4001.0,286987.00000000006
0.295,561.4785951215057,11292.775612497104
0.295,1019.3284357533315,23628.86559302261
0.295,2410.645089853118,106494.37353693966
0.295,430.8001686309451,5628.4174733470845
0.295,1222.6244253662887,32721.859156492206
0.295,2495.9080511909883,94035.29885101656
0.295,2759.4802641145275,135679.82250995623
0.295,1575.8718221987479,64225.92924201249
0.295,899.8091041977968,30705.776016630018
0.295,579.2346777955095,10512.915471506996
0.295,2297.464067806611,97265.05256744573
0.295,1818.626551655968,48652.986707731485
0.295,2081.878177811485,51596.73777234677
0.295,857.9124272402601,28437.29364452937
0.295,761.8722536631141,9478.640558446494
0.295,4001.0,267716.47306058684
0.295,1483.425090794948,54313.09208653107
0.295,1148.8146460746814,25091.161087435317
0.295,1815.8218785331599,70888.71165628791
0.296,103.49558508399201,130.83268268391407
0.296,216.0,362.99999999999994
0.296,208.3626646018907,847.1977337080167
0.296,186.0,222.00000000000003
0.296,227.99999999999997,484.0
0.296,75.0,88.0
0.296,128.91857895586656,368.146709886154
0.296,152.0,1380.9999999999998
0.296,211.0,1130.0
0.296,106.0,162.0
0.296,84.303024856763,100.9554357129917
0.296,176.0,403.0
0.296,103.0,191.0
0.296,96.0,100.0
0.296,227.99999999999997,4554.0
0.296,141.0,146.0
0.296,67.0,89.0
0.296,177.0,990.9999999999999
0.296,227.99999999999997,799.9999999999998
0.296,227.0,4577.999999999999
0.296,262.0,1230.9999999999998
0.296,74.0,99.0
0.297,90.0,134.0
0.297,204.0,389.99999999999994
0.297,105.0,112.99999999999999
0.297,88.0,91.0
0.297,118.0,139.0
0.297,83.0,98.0
0.297,218.00000000000003,1145.0
0.297,4001.0,253107.9999999999
0.297,853.9999999999999,19303.000000000007
0.297,86.0,100.0
0.297,223.0,586.0
0.297,100.0,110.00000000000001
0.298,92.0,94.0
0.298,212.0,304.0
0.298,88.0,110.00000000000001
0.298,68.0,139.0
0.298,85.0,124.0
0.298,202.0,499.9999999999999
0.298,409.99999999999994,1451.9999999999998
0.298,67.0,87.0
0.298,83.0,91.0
0.298,103.0,151.0
0.298,227.99999999999997,1933.0000000000002
0.298,198.76619430879083,852.8165101591314
0.298,183.0,575.0
0.298,236.0,830.0000000000001
0.298,100.0,160.0
0.298,106.0,115.99999999999999
0.298,79.0,108.0
0.298,118.58330405246768,167.97321215003302
0.298,172.6238685697896,522.4528686876932
0.298,103.0,114.99999999999999
0.298,102.0,109.00000000000001
0.299,129.9038105676658,185.2916619818604
0.299,133.0,311.0
0.299,413.99999999999994,4761.999999999999
0.299,109.00000000000001,152.0
0.299,161.0,234.0
0.299,38.0,65.0
0.299,101.60216533125661,131.62446581088182
0.299,185.0,206.99999999999997
0.299,137.56453031214116,539.1845695121477
0.299,89.0,200.0
0.299,56.00000000000001,70.0
0.299,227.99999999999997,368.99999999999994
0.299,273.0,781.0000000000001
0.299,119.98333217576513,211.01658702575966
0.299,134.0,163.0
0.299,277.99999999999994,605.0
0.299,227.99999999999997,1063.0000000000002
0.299,75.0,98.0
0.299,137.0,491.0
0.299,87.0,100.0
0.3,180.0833140521353,554.3590893996418
0.3,98.67623827447012,101.96077677224709
0.3,97.0,109.00000000000001
0.3,162.62841080204896,344.69551781246
0.3,77.0,82.0
0.3,79.0,145.0
0.3,90.0,147.0
0.3,142.0,339.00000000000006
0.3,202.8792744466521,667.2690611739764
0.3,231.0,1448.0000000000002
0.3,146.83323874382123,207.9230626938724
0.3,132.4990566004151,250.83062014036486
0.3,160.0,284.0
0.3,86.0,107.0
0.3,127.0,149.0
0.3,165.0,191.0
0.3,79.0,90.0
0.3,82.0,97.0
0.3,94.0,158.0
0.3,73.0,90.0
0.301,46.0,73.0
0.301,155.5827753962501,375.48102482016316
0.301,77.0,93.0
0.301,447.0,1889.9999999999998
0.301,90.09994450608724,109.86355173577813
0.301,92.97849213662265,98.49873095629202
0.301,96.0,158.0
0.301,134.16407864998737,234.5314477847267
0.301,227.99999999999997,1334.0000000000005
0.301,126.0,154.0
0.301,103.0,106.0
0.301,4001.0,265629.0000000001
0.301,453.0,6472.000000000003
0.301,227.99999999999997,562.0
0.301,71.0,104.0
0.301,112.99999999999999,227.0
0.301,121.0,243.00000000000003
0.302,89.0,93.0
0.302,151.0,283.0
0.302,242.46236821412097,1896.2974450228
0.302,161.0,1556.0000000000005
0.302,247.00000000000003,661.0
0.302,98.97979591815695,166.7243233604503
0.302,125.0,144.0
0.302,115.99999999999999,372.0
0.302,131.0,150.0
0.302,86.0,91.0
0.302,356.99999999999994,1262.0
0.302,97.0,152.0
0.302,89.0,99.0
0.302,1144.0,29378.000000000007
0.302,139.0,150.0
0.302,169.0,343.0
0.302,102.0,107.0
0.302,202.99999999999997,409.99999999999994
0.302,100.0,162.0
0.302,114.99999999999999,136.0
0.302,88.0,324.0
0.302,278.56776554368236,2892.058090702883
0.302,98.0,104.0
0.303,91.0,190.0
0.303,139.0,202.99999999999997
0.303,86.0,100.0
0.303,148.0,202.99999999999997
0.303,90.0,152.0
0.303,188.0,1118.0000000000002
0.303,252.0,1000.9999999999998
0.303,89.0,96.0
0.303,104.0,105.0
0.303,108.0,118.0
0.303,79.0,95.0
0.303,95.0,110.00000000000001
0.303,188.0,386.99999999999994
0.303,91.0,102.0
0.303,89.0,103.0
0.303,90.0,99.0
0.303,65.0,109.00000000000001
0.303,102.0,353.0
0.303,324.0,1804.0
0.303,84.0,106.0
0.304,134.0,463.0
0.304,138.0,235.0
0.304,115.99999999999999,233.0
0.304,88.0,91.0
0.304,83.0,99.0
0.304,111.00000000000001,326.0
0.304,147.0,161.0
0.304,135.0,366.0
0.304,96.0,101.0
0.304,86.0,98.0
0.304,372.0,48751.00000000001
0.304,227.99999999999997,869.0000000000001
0.304,110.32678731840242,132.33291351738615
0.304,348.0,1919.0000000000002
0.304,313.0,4409.999999999999
0.304,90.0,101.0
0.304,216.75331600692985,509.2229374252499
0.304,208.0,238.0
0.304,166.0,1010.0
0.305,88.0,89.0
0.305,140.0,202.0
0.305,77.0,112.00000000000001
0.305,93.0,109.00000000000001
0.305,145.0,428.0
0.305,118.4862861262855,250.44160996128414
0.305,160.9720472628711,493.31531498626714
0.305,227.99999999999997,404.0
0.305,322.99999999999994,1152.0
0.305,85.6971411425142,91.65151389911681
0.305,457.0,3588.9999999999995
0.305,238.0956233695353,1038.966055750218
0.305,100.0,271.0
0.305,110.00000000000001,113.99999999999999
0.305,603.3995359626986,5945.586598477901
0.305,155.0,248.0
0.305,227.99999999999997,475.0
0.305,457.0,3936.9999999999995
0.305,389.0,4194.0
0.305,337.0,6675.0
0.305,97.34474818910365,217.2487054046583
0.305,112.99999999999999,331.0
0.306,173.0,432.0
0.306,62.0,90.0
0.306,103.0,105.0
0.306,95.0,144.0
0.306,98.0,110.00000000000001
0.306,110.00000000000001,161.0
0.306,79.0,97.0
0.306,74.0,83.0
0.306,86.0,135.0
0.306,93.0,103.0
0.306,105.0,106.0
0.306,174.0,1035.9999999999998
0.306,100.0,150.0
0.306,91.0,99.0
0.306,104.0,170.0
0.307,1306.277022307077,33642.89506155323
0.307,842.0248283823277,13544.63832577145
0.307,2028.060156898705,76898.46672073512
0.307,1401.0000000000002,35938.99999999999
0.307,1130.0230086153115,31140.042003825238
0.307,1161.950764836998,34863.28016803545
0.307,4001.0,281045.6751597505
0.307,2214.1480083690367,111686.77119601618
0.307,1304.0016460628651,40774.13928123443
0.307,1949.7220259473565,68415.53833389281
0.307,709.5259284359815,5979.751308751693
0.307,1450.1701877738717,37043.4803693473
0.307,835.4600832599294,21615.04366437782
0.307,1325.8535032404684,44984.49866726535
0.307,1173.773546553844,39304.87866617617
0.307,982.8217806236095,21621.70675426653
0.307,3047.644549024165,167484.26855402385
0.307,1011.2697980764782,22800.43010958156
0.307,889.2923410421652,21507.271989821355
0.307,583.0478745801023,5232.967631854943
0.307,2074.080401903698,89861.57273293448
0.307,2096.926083580439,89327.67614798897
0.307,1709.0143358088021,38824.62711990935
0.307,1447.9565290363419,46651.58792287993
0.307,1555.4146095682113,43455.64553913017
0.307,1340.0,60525.99999999998
0.307,1382.3149838464933,34576.1455565033
0.307,1148.0561430350874,26056.71913923273
0.307,331.0,5454.0
0.307,1995.589137631286,59550.70308118841
0.307,1282.4496135641339,28226.65782139474
0.307,1321.8881830949742,42353.94900710172
0.307,2191.300983434271,66075.72178947425
0.307,1655.1139825172118,62941.61846907878
0.307,651.6621499488172,11551.473049642063
0.307,2127.4391600998442,106248.35962661127
0.307,2890.738328577177,139901.23891728904
0.307,2756.469307763799,139082.52296556707
0.307,982.6296775810855,22910.098132716546
0.307,4001.0,266568.99999999994
0.307,3168.9678093117377,165783.7721614055
0.307,1688.0839160778166,72081.35706184598
0.307,891.0396200901816,19757.576424949722
0.307,1843.1472787902667,58895.99517609015
0.307,2277.532002829329,84067.37880144444
0.307,1238.4684167055577,39369.14437135408
0.307,286.98893927741784,2281.3356173350644
0.307,2437.212751633642,134245.91824752104
0.307,2776.5429490592546,133456.76385598799
0.307,475.8571214135603,10371.600647923158
0.307,659.0708942391793,17294.605354245796
0.307,1567.2851061756135,52403.44812072413
0.307,721.7867957333445,19986.040634244437
0.307,1717.7819411153184,61901.389444866254
0.307,4001.0,284225.808522027
0.307,2871.8221624355924,139793.41230346312
0.307,724.8484414070335,16914.335133161563
0.307,471.3881901389363,2713.679452547063
0.307,4001.0,259611.00000000012
0.307,948.8584937533492,25209.26488548503
0.307,836.8916522358976,15107.09840373298
0.307,832.1721956982632,14742.672359516624
0.307,992.100448402915,37381.17878561106
0.307,1746.416330661163,46270.44201215288
0.307,2774.22580938952,129756.15716907298
0.307,4001.0,264958.06256839976
0.307,4001.0,278766.00000000006
0.307,726.5122160019059,9661.50640428293
0.307,534.7737482149728,11403.827978102448
0.307,626.1772911883662,5371.740872380199
0.307,3344.0,151673.00000000006
0.307,567.1854228752326,5478.386137063799
0.307,810.3081477934655,15431.031001687894
0.307,4001.0,291402.4514996397
0.307,997.4924045543636,36514.38521109337
0.307,1376.4929867801015,52018.04017150213
0.307,1776.4162230050515,56493.04864711921
0.307,2735.704694893934,141486.48422865255
0.307,885.7227203126213,9312.269876176973
0.307,905.067709498279,17146.524994804233
0.307,319.32729628634144,2596.0105157912735
0.307,769.4262105972794,13658.467522674644
0.307,2273.5577190109284,84007.03034902018
0.307,681.4029644784355,5116.9420555640445
0.307,2269.1746209736993,112958.0516048182
0.307,1268.651984865167,31215.831700965497
0.307,4001.0,276899.99999999994
0.307,929.8790243897321,13491.943225495728
0.307,624.5776103013682,10550.002477650258
0.307,1225.8991344984656,31904.159925437136
0.307,1068.6865649655615,25385.336654464205
0.307,609.1128783209559,5607.641908725194
0.308,244.55674188212436,1525.53564363472
0.308,257.0,1484.0
0.308,126.32497773599647,142.04224723651762
0.308,158.0,397.00000000000006
0.308,89.0,157.0
0.308,87.0,95.0
0.308,227.99999999999997,1426.0000000000002
0.308,131.0,350.0
0.308,227.99999999999997,891.0
0.308,99.498743710662,126.74778104566565
0.308,63.0,77.0
0.308,115.99999999999999,175.0
0.308,98.0,321.0
0.308,1348.0,17686.000000000007
0.308,417.0,2213.9999999999995
0.308,4001.0,282776.00000000006
0.308,227.99999999999997,581.9999999999999
0.308,249.00000000000003,1716.9999999999998
0.309,206.0,789.0
0.309,204.2425029223839,473.9947257090525
0.309,268.0,1217.0000000000002
0.309,86.0,162.0
0.309,122.0,164.0
0.309,87.0,136.0
0.309,100.0,247.00000000000003
0.309,159.0,299.0
0.309,135.0,144.0
0.309,96.0,98.0
0.309,123.0,130.0
0.309,71.0,103.0
0.309,86.0,107.0
0.309,140.0,286.0
0.309,158.0,496.0
0.309,142.0,177.0
0.309,380.0,1530.9999999999998
0.309,275.5431000769208,585.3691143201869
0.309,227.99999999999997,1073.9999999999998
0.31,104.0,111.00000000000001
0.31,125.0,151.0
0.31,235.0,6808.000000000001
0.31,212.85848049762004,616.0748208436851
0.31,286.0,1213.0000000000002
0.31,83.0,88.0
0.31,227.99999999999997,771.9999999999998
0.31,92.26050075736637,94.48280266799878
0.31,453.9999999999999,15421.999999999996
0.31,236.7530358833863,549.1693727803837
0.31,648.9999999999999,9366.000000000002
0.31,103.0,141.0
0.31,42.0,121.0
0.31,133.0,212.0
0.31,227.0,1465.9999999999998
0.31,97.0,112.00000000000001
0.31,104.0,105.0
0.31,129.0,146.0
0.31,90.0,107.0
0.31,276.6586344215557,666.4593010829693
0.31,453.0,16287.999999999996
0.31,4001.0,292402.99999999994
0.311,96.0,105.0
0.311,158.14234094637655,576.7495123535
0.311,90.0,96.0
0.311,279.0,2345.0
0.311,103.0,145.0
0.311,141.0,156.0
0.311,539.0,15682.000000000005
0.311,227.99999999999997,639.0
0.311,149.53260514014997,235.62682360037027
0.311,144.0,204.0
0.311,121.0,254.0
0.311,138.0,150.0
0.311,99.0,100.0
0.311,227.99999999999997,977.0
0.311,97.0,98.0
0.311,63.0,64.0
0.311,68.0,81.0
0.311,183.0,480.99999999999994
0.311,92.67146270562475,149.73309587395832
0.311,147.0,164.0
0.312,86.0,92.0
0.312,92.0,101.0
0.312,136.0,147.0
0.312,71.0,99.0
0.312,349.0,2602.9999999999995
0.312,86.90799733051038,127.1652468247516
0.312,80.0,95.0
0.312,252.99999999999997,381.0
0.312,83.0,107.0
0.312,88.0,100.0
0.312,356.99999999999994,9329.999999999998
0.312,97.82637681116479,150.0399946680884
0.312,171.0,2032.9999999999998
0.312,573.9999999999999,14697.000000000004
0.312,855.0000000000001,21797.999999999996
0.312,98.0,101.0
0.312,92.0,96.0
0.312,139.0,156.0
0.312,78.0,85.0
0.312,227.99999999999997,640.0
0.312,312.1153632873589,1450.1920562463442
0.313,75.0,104.0
0.313,106.0,156.0
0.313,82.0,86.0
0.313,119.0,193.0
0.313,79.0,82.0
0.313,150.0,532.0
0.313,97.0,110.00000000000001
0.313,81.0,84.0
0.313,262.0,3539.0
0.313,76.0,83.0
0.313,72.0,88.0
0.313,146.0,155.0
0.313,111.00000000000001,350.0
0.313,126.0,164.0
0.313,47.0,48.0
0.313,227.99999999999997,281.0
0.313,93.0,106.0
0.313,200.0,420.0
0.313,75.0,93.0
0.313,160.0,266.0
0.313,64.0,100.0
0.313,100.0,195.0
0.313,91.0,93.0
0.313,101.0,108.0
0.313,77.0,140.0
0.313,107.0,110.00000000000001
0.313,182.0,587.0000000000001
0.314,97.0,109.00000000000001
0.314,171.0,282.0
0.314,166.0,194.0
0.314,90.0,91.0
0.314,98.0,197.0
0.314,98.39715443040006,154.0
0.314,300.00000000000006,1232.9999999999998
0.314,87.0,91.0
0.314,92.0,95.0
0.314,4001.0,269346.0
0.314,1144.0,43248.999999999985
0.314,89.0,102.0
0.314,182.0,391.99999999999994
0.314,281.0,1366.0000000000002
0.314,87.42997197757757,119.00420160649792
0.314,76.0,93.0
0.314,150.0,216.0
0.314,123.0,145.0
0.314,617.0,15973.000000000005
0.314,1010.9999999999998,16827.999999999996
0.315,280.0,1343.0000000000002
0.315,566.0,9499.0
0.315,99.91996797437437,131.4153720079961
0.315,163.63068171953572,796.9692591311159
0.315,60.0,87.0
0.315,98.0,103.0
0.315,109.00000000000001,117.0
0.315,216.81948220006325,868.2270168311096
0.315,142.0,153.0
0.315,112.00892821556683,219.38322634148673
0.315,82.0,100.0
0.315,99.0,110.00000000000001
0.315,245.00000000000003,1448.0000000000002
0.315,281.0,13536.000000000007
0.315,207.03622871372053,1507.5291041966655
0.315,197.0,591.0
0.315,117.0,343.0
0.315,134.0,211.0
0.316,105.32805893967665,112.99557513460428
0.316,125.0,269.0
0.316,122.84445051604504,247.34369479885285
0.316,90.0,92.0
0.316,139.0,241.0
0.316,171.0,221.0
0.316,93.0,94.0
0.316,181.0,347.0
0.316,100.0,162.0
0.316,138.21722034536796,290.59938059121873
0.316,193.0,773.0
0.316,440.00000000000006,17635.000000000004
0.316,74.0,98.0
0.316,100.0,110.00000000000001
0.316,91.0,104.0
0.316,109.00000000000001,365.0
0.316,162.0,317.0
0.316,151.69047432189012,192.81856757065697
0.316,337.0,1128.0
0.316,83.0,193.0
0.317,40.0,51.0
0.317,98.0,102.0
0.317,97.0,112.00000000000001
0.317,311.0,1028.0
0.317,172.0,265.0
0.317,388.0,840.9999999999999
0.317,99.0,349.0
0.317,280.0,736.0
0.317,217.57757237362495,974.884608556315
0.317,71.0,96.0
0.317,227.99999999999997,3261.0000000000005
0.317,96.0,105.0
0.317,86.0,120.0
0.317,281.0,837.0000000000001
0.317,655.9999999999999,14773.999999999998
0.317,188.0,1080.9999999999998
0.317,57.99999999999999,92.0
0.317,119.0,146.0
0.318,1385.276011256555,37143.78969902978
0.318,978.7608759346607,22536.47518070683
0.318,2521.101863454428,112007.18314151143
0.318,2106.0,118744.99999999999
0.318,1076.4954925268232,22766.3504149927
0.318,674.5843873001971,19777.296236333554
0.318,1267.4485863159643,43280.69329200394
0.318,1988.2631804093862,106162.03139602723
0.318,1215.9999999999998,19119.99999999999
0.318,2754.1417302705363,155569.16319257033
0.318,2660.9489880837464,134981.8251500143
0.318,2792.6015247239684,99075.30409179095
0.318,536.6360608207697,5352.965938282019
0.318,321.040649833479,3075.0931922415857
0.318,1086.0932614210546,30980.74006856241
0.318,351.53378216040625,3202.9798625654826
0.318,456.2170536049699,3152.993815407826
0.318,1878.626438096715,81584.70775349022
0.318,480.01616847896236,4166.24594752352
0.318,482.0527445242077,7050.8961978006055
0.318,773.4001672362893,10882.25933471691
0.318,2064.4569289137985,72010.60060357746
0.318,1201.8325069584173,48860.41290753921
0.318,1485.002690628444,41657.32674759205
0.318,116.21373594266204,289.96643289641275
0.318,797.6841480184997,18097.759529842366
0.318,1919.1954370351052,99721.82028640628
0.318,1702.7565885939187,46843.12125595391
0.318,405.613519150706,5245.270647256681
0.318,1283.318422034608,27928.9222056999
0.318,283.4690868107266,3864.0450556245873
0.318,1082.570078446768,23463.190894549327
0.318,208.7384685324525,1673.365594139311
0.318,3194.5984573775086,157219.51072905175
0.318,1567.982791811877,51668.75976750701
0.318,944.9999999999999,23828.999999999993
0.318,2025.0987630236705,63528.357573606445
0.318,133.74976635493613,876.9503976850685
0.318,2027.7209817303842,90980.15958270339
0.318,974.9341564126426,29566.679024776913
0.318,623.2547982705305,12347.35871361485
0.318,920.0726943188781,23535.49835174558
0.318,945.0304046654812,23130.223417274872
0.318,2305.9334335578724,111354.23066951698
0.318,1933.3471837313514,63059.61703928141
0.318,1701.4344544000771,57098.52332399179
0.318,474.384182943475,4615.4778326792375
0.318,477.0996983171675,8713.913285249288
0.318,329.1808013842849,3930.7220710704037
0.318,2405.3124295911075,106931.11250905656
0.318,690.7704011418355,12284.749802269285
0.318,1335.07568687198,44665.773584769224
0.318,1563.5795415364319,63003.37795823201
0.318,950.9421516466201,25845.162673456507
0.318,491.78920509184127,7604.770964309288
0.318,436.21506428979063,6026.725011379774
0.318,514.6778587960124,6461.709629582518
0.318,1106.4531310473474,19258.138451175433
0.318,1429.0,40062.999999999985
0.318,1297.8524569457038,40569.68745257966
0.318,778.4985549119536,10193.107377046508
0.318,672.3934859886731,18361.85990034778
0.318,719.643052235206,14101.626843625678
0.318,609.994262268097,11990.405164130196
0.318,640.9668987711198,12304.784915731021
0.318,2720.4281613864055,150619.72741566558
0.318,2264.1406906597445,98658.49934348497
0.318,4001.0,256891.3481424423
0.318,102.0,681.0
0.318,1051.9695813092699,26772.59150698715
0.318,607.3549209482047,9402.980803979126
0.318,1160.7461636190617,33845.65808602204
0.318,2800.6075735268037,140553.32618028653
0.318,2937.000000000001,170906.00000000003
0.318,2825.41794151692,176689.8828968374
0.318,1305.9916401464466,44609.55554890981
0.318,1116.9999999999998,47968.999999999985
0.318,693.0,8972.000000000004
0.318,314.366028699031,1988.6523074685535
0.318,1573.0063362421915,61173.11017135419
0.318,761.9021087475813,16849.481838618995
0.318,1188.2297280459532,37040.195182213734
0.318,580.851570481381,13025.588349117657
0.318,751.0903574636928,10877.82529910233
0.318,1882.7030240376914,58987.583597731544
0.318,1807.916153084632,53600.0517594037
0.318,999.0,22751.000000000004
0.318,86.0,109.00000000000001
0.318,900.2420336703781,26439.958619889796
0.318,1893.676740204623,98170.19031208086
0.319,76.0,91.0
0.319,83.0,88.0
0.319,62.0,79.0
0.319,183.0,549.0
0.319,227.99999999999997,438.99999999999994
0.319,109.00000000000001,150.0
0.319,103.0,165.0
0.319,132.0,220.00000000000003
0.319,102.0,146.0
0.319,63.0,69.0
0.319,110.00000000000001,165.0
0.319,85.19389649499546,163.08893279434997
0.319,219.0,942.0
0.319,84.0,95.0
0.319,141.7709420156331,236.45084055676352
0.319,88.0,157.0
0.319,87.0,97.0
0.319,493.0,1754.0000000000002
0.319,80.0,91.0
0.319,87.0,101.0
0.319,85.0,97.0
0.32,94.57272334029511,100.75713374248
0.32,122.0,144.0
0.32,149.0,441.0
0.32,124.0,293.00000000000006
0.32,126.0,146.0
0.32,89.0,162.0
0.32,86.0,109.00000000000001
0.32,93.0,102.0
0.32,92.0,388.0
0.32,108.0,225.0
0.32,101.0,105.0
0.32,157.0,240.0
0.32,359.99999999999994,4049.999999999999
0.32,161.0,231.99999999999997
0.32,75.0,94.0
0.32,108.0,126.0
0.32,200.99999999999997,294.0
0.32,146.01302981979342,410.9607847771651
0.32,88.0,95.0
0.32,92.0,94.0
0.32,192.0,1046.0
0.321,108.0,111.00000000000001
0.321,88.0,115.99999999999999
0.321,111.00000000000001,173.0
0.321,94.0,103.0
0.321,4001.0,275664.00000000006
0.321,4001.0,255769.99999999988
0.321,264.0,4913.999999999999
0.321,101.0,171.0
0.321,76.0,88.0
0.321,149.0,152.0
0.321,80.0,123.0
0.321,83.0,98.0
0.321,90.0,208.0
0.321,89.0,103.0
0.321,68.0,81.0
0.321,72.0,102.0
0.322,284.0,2119.0
0.322,136.0,156.0
0.322,79.0,98.0
0.322,86.49855490122363,101.22252713699653
0.322,129.3058390019569,421.8317200021828
0.322,141.0,154.0
0.322,206.99999999999997,882.0
0.322,93.0,154.0
0.322,100.0,119.0
0.322,284.0,2661.0000000000005
0.322,83.0,86.0
0.322,100.0,154.0
0.322,89.0,105.0
0.322,120.0,156.0
0.322,248.0,1208.9999999999998
0.322,94.0,102.0
0.322,104.0,263.0
0.323,102.0,162.0
0.323,115.99999999999999,142.0
0.323,112.99557513460428,195.85709075752143
0.323,184.0,459.0
0.323,124.0,145.0
0.323,136.43679855522848,299.05517885500666
0.323,102.0,104.0
0.323,105.46089322587781,171.44678474675456
0.323,177.5837830433849,406.5808652654475
0.323,269.3881957324782,842.20603179982
0.323,761.9999999999999,15936.999999999995
0.323,101.0,108.0
0.323,106.0,110.00000000000001
0.323,81.0,93.0
0.323,184.0,689.0
0.323,85.0,86.0
0.323,95.97916440561463,442.1730430498902
0.323,559.0,14188.999999999993
0.323,126.15863030328127,182.6061335223984
0.323,4001.0,267547.9999999999
0.323,152.0,384.00000000000006
0.323,388.0,10873.999999999995
0.323,140.0,353.0
0.324,122.0,139.0
0.324,399.0,1839.0
0.324,106.0,155.0
0.324,532.0,2000.9999999999998
0.324,459.99999999999994,15678.999999999996
0.324,49.0,53.0
0.324,151.60474926597783,326.65578213158875
0.324,96.0,103.0
0.324,128.0,136.0
0.324,110.00000000000001,346.0
0.324,220.00000000000003,626.0000000000001
0.324,76.0,154.0
0.324,67.0,93.0
0.324,82.49848483457136,94.7417542586161
0.324,242.0,2187.0
0.324,92.0,100.0
0.325,88.0,103.0
0.325,88.0,95.0
0.325,94.0,96.0
0.325,141.0,155.0
0.325,457.0,2512.0
0.325,231.99999999999997,1721.0
0.325,196.0,219.0
0.325,193.95875850293535,349.32220084042757
0.325,95.0,202.99999999999997
0.325,96.0,155.0
0.325,67.0,84.0
0.325,122.0,147.0
0.325,190.0,393.0
0.325,941.0,17400.0
0.325,1025.0,26057.999999999993
0.325,249.5996794869737,3385.657100180111
0.325,90.0,98.0
0.325,87.0,97.0
0.325,90.0,95.0
0.326,80.0,96.0
0.326,178.0,648.0
0.326,121.0,141.0
0.326,98.0,156.0
0.326,92.46621004453465,102.46950765959599
0.326,88.0,95.0
0.326,182.0,258.0
0.326,164.0,343.0
0.326,82.0,83.0
0.326,131.0,145.0
0.326,87.0,217.0
0.326,140.0,450.0
0.326,115.99999999999999,151.0
0.326,227.99999999999997,1301.0000000000002
0.326,89.0,100.0
0.326,161.0,173.0
0.326,202.99999999999997,330.0
0.326,122.37918395209412,154.2281713526751
0.326,86.0,101.0
0.326,389.99999999999994,12747.000000000002
0.326,96.97937925146768,122.86578042726136
0.326,66.0,103.0
0.326,326.0,768.0000000000001
0.326,177.4147682691607,702.2214750347641
0.327,97.0,111.00000000000001
0.327,123.0,148.0
0.327,99.0,161.0
0.327,75.0,97.0
0.327,398.0,1782.0000000000005
0.327,103.0,171.0
0.327,227.99999999999997,395.00000000000006
0.327,261.0,726.9999999999999
0.327,103.0,113.99999999999999
0.327,93.0,147.0
0.327,109.00000000000001,214.0
0.327,141.5627069534911,418.72425293980757
0.327,648.1550740370703,5110.378068205914
0.327,254.9097879642914,610.9991816688465
0.327,145.0,222.00000000000003
0.327,107.0,194.0
0.327,227.99999999999997,1442.9999999999995
0.327,109.47602477255008,178.09828747071097
0.327,121.0,198.0
0.327,81.0,94.0
0.328,4001.0,281672.9999999999
0.328,160.50233643159217,221.55811878601966
0.328,89.0,96.0
0.328,65.0,98.0
0.328,192.0,1340.0
0.328,227.99999999999997,5319.000000000001
0.328,331.99999999999994,1857.0
0.328,176.0,673.0
0.328,184.0,273.0
0.328,89.0,195.0
0.328,432.41646592145406,3070.8865169523933
0.328,128.0,140.0
0.328,83.0,91.0
0.328,187.0,886.9999999999998
0.328,103.0,152.0
0.328,141.0,302.0
0.328,73.0,95.0
0.329,183.0,471.0
0.329,91.0,97.0
0.329,97.0,288.0
0.329,103.61687853015025,256.7442975657915
0.329,70.0,98.0
0.329,69.0,82.0
0.329,52.0,54.0
0.329,207.84609690826525,402.1218720736289
0.329,127.89057822998532,149.49916387726054
0.329,102.0,103.0
0.329,156.0,159.0
0.329,86.0,96.0
0.329,108.0,164.0
0.329,156.0,400.0
0.329,91.0,97.0
0.329,103.0,180.0
0.33,144.2255178531178,3147.6569063352504
0.33,360.03194302728195,7854.939592383891
0.33,1345.0,33586.00000000001
0.33,725.0,12753.999999999996
0.33,4001.0,258148.67114707368
0.33,232.10342522246412,774.499838605535
0.33,1023.0161907268339,31657.16014889745
0.33,766.9074259648293,12641.904603342013
0.33,662.4314234939179,10892.436997432986
0.33,3384.4931009773136,173742.50433712488
0.33,998.7211823126611,28541.954207797353
0.33,1739.241460291286,48996.67592296963
0.33,325.32137956181117,2626.724957052032
0.33,659.0,5707.000000000001
0.33,973.5087399662037,27228.76878701251
0.33,682.711282931482,12888.577676828345
0.33,929.2080269303012,21166.99418193749
0.33,1582.9037925826399,51514.789212227995
0.33,1215.1760223985539,32394.162784186796
0.33,2995.704090860778,129444.24473494373
0.33,1026.5315539246126,24029.642888162336
0.33,484.25396512737757,7610.4132189982065
0.33,673.0,16107.999999999998
0.33,4001.0,250318.0611082627
0.33,291.9752019736532,4110.090713349923
0.33,1229.611583313436,28815.87703199689
0.33,3377.000000000001,189227.99999999994
0.33,672.1707155561472,9191.953964402477
0.33,632.3333389436963,7292.242778574918
0.33,476.0189071875192,6510.655266561121
0.33,1718.3850235672303,84409.48678783193
0.33,959.1092972114009,24937.92521346009
0.33,436.2844397706187,2982.081455021905
0.33,867.2877261901034,15772.15964920467
0.33,2297.2089253293716,116409.27775707132
0.33,1191.9999999999998,33209.0
0.33,803.2376749826258,14356.096762637606
0.33,3440.9999999999995,191110.99999999997
0.33,551.3549950749031,12459.861051463391
0.33,1500.8540901766564,56050.012381800596
0.33,1175.6272674430527,32073.891060554462
0.33,3065.748581245133,170055.58204782134
0.33,4001.0,288352.0
0.33,852.9303685313602,17205.90562552471
0.33,4001.0,250996.0
0.33,1420.7108852107049,26318.074450995562
0.33,877.9674206081426,19325.054191934883
0.33,791.8178944687955,14825.376328412187
0.33,2845.0000000000005,91423.99999999999
0.33,331.7152393243337,4582.955160155943
0.33,577.4761520108391,6080.817406368488
0.33,1007.0,10229.000000000002
0.33,1617.4384217080994,51911.06410457418
0.33,1840.5620726748439,53418.68141532717
0.33,2747.286029686059,146351.5463800454
0.33,612.0,7585.999999999997
0.33,2005.1865596319924,65849.75260146927
0.33,623.0,10219.000000000002
0.33,2068.1075890775114,87197.55276382476
0.33,1376.2045329439454,59894.70377686887
0.33,1917.4834218680535,73223.16601673307
0.33,1278.8567215878793,23680.919727868764
0.33,1223.4233261139316,37873.34351328257
0.33,1965.0000000000002,51872.0
0.33,1844.478788167541,43537.67618970952
0.33,967.646184268988,17649.795478983786
0.33,494.05431115133655,10381.312563728017
0.33,684.1907628724607,6676.827989397363
0.33,1763.995034419549,47301.173769682944
0.33,1806.3379187679143,58626.193461177034
0.33,74.47147104764346,347.2347908836325
0.33,106.31556800393815,710.2605155856546
0.33,1583.9231250434436,57982.65295373452
0.33,1173.4279461269196,37726.21279278376
0.33,903.3366217084435,24946.702809494265
0.33,591.4997886728279,12239.945588114357
0.33,1141.2136491975139,32702.98810886083
0.33,787.0745051623026,23158.082812775574
0.33,977.8063065368349,20787.491613369126
0.33,769.0486645256547,15266.657021815012
0.33,1701.4496335000022,54581.15229155834
0.33,474.9694727032464,7950.708521886587
0.33,1141.0109274173972,25204.93894072734
0.33,1869.0000000000005,35760.000000000015
0.33,813.9746685426347,12214.704288094295
0.33,1125.1168833519646,25393.794577188088
0.33,419.3776496938212,3610.760485165171
0.33,2681.1505234969895,145505.2580787907
0.331,120.0,349.0
0.331,91.0,96.0
0.331,480.0,7338.999999999997
0.331,227.99999999999997,633.0
0.331,139.0,279.0
0.331,80.0,89.0
0.331,283.0,6534.0
0.331,4001.0,269476.9999999999
0.331,125.92458060283545,174.52220489095362
0.331,104.0,107.0
0.331,102.0,108.0
0.331,147.0,216.0
0.331,111.00000000000001,186.0
0.331,129.0,249.00000000000003
0.331,177.0,551.0
0.331,139.0,368.00000000000006
0.331,106.0,108.0
0.331,156.0,187.0
0.331,108.0,144.0
0.332,4001.0,277992.99999999994
0.332,78.0,90.0
0.332,531.0,2797.0000000000005
0.332,90.0,105.0
0.332,99.19677414109796,222.3600683576078
0.332,227.99999999999997,721.0
0.332,63.0,77.0
0.332,119.0,143.0
0.332,227.99999999999997,925.0000000000002
0.332,218.00000000000003,518.0
0.332,277.0,1336.0000000000002
0.332,112.81400622263178,137.5281789307195
0.332,188.0,250.99999999999997
0.332,115.99999999999999,220.00000000000003
0.332,77.0,89.0
0.333,73.0,143.0
0.333,125.0,265.0
0.333,165.0,216.0
0.333,125.0,227.99999999999997
0.333,155.0,328.0
0.333,337.0,7297.0
0.333,154.0,188.0
0.333,135.0,197.0
0.333,202.91623887703025,405.1678664455018
0.333,94.39279633531365,129.56079653969405
0.333,145.0,270.0
0.333,98.0,210.0
0.333,123.0,181.0
0.333,89.0,101.0
0.333,84.0,90.0
0.333,455.00000000000006,3929.0
0.333,4001.0,272262.99999999994
0.333,105.0,111.00000000000001
0.333,212.0,1860.0000000000005
0.333,74.0,91.0
0.334,184.0,204.99999999999997
0.334,93.27379053088815,181.69204715672066
0.334,104.0,112.99999999999999
0.334,75.0,77.0
0.334,104.0,110.00000000000001
0.334,99.0,144.0
0.334,98.0,101.0
0.334,112.2319027727856,136.53937161126822
0.334,99.39818911831341,125.10395677195827
0.334,196.0,798.9999999999999
0.334,76.0,92.0
0.334,97.0,149.0
0.334,1144.0,23012.000000000004
0.334,85.0,140.0
0.334,76.0,133.0
0.334,82.0,93.0
0.334,878.9999999999998,12967.000000000002
0.335,78.0,84.0
0.335,79.0,164.0
0.335,405.99999999999994,4967.999999999999
0.335,136.0,174.0
0.335,160.0,249.00000000000003
0.335,85.0,97.0
0.335,131.0,297.0
0.335,227.99999999999997,710.0
0.335,145.0,190.0
0.335,151.0,171.0
0.335,90.0,113.99999999999999
0.335,4001.0,269949.0
0.335,85.0,99.0
0.335,299.0,982.9999999999998
0.335,99.75469913743413,127.01181047445942
0.335,97.0,108.0
0.335,103.0,407.0
0.335,83.0,97.0
0.336,136.0,151.0
0.336,474.0,4361.000000000001
0.336,102.0,108.0
0.336,80.0,142.0
0.336,28.000000000000004,32.0
0.336,178.14039407164225,377.4943708189567
0.336,202.0,608.0
0.336,209.0,245.00000000000003
0.336,76.0,112.00000000000001
0.336,163.0,583.9999999999999
0.336,88.0,99.0
0.336,103.0,267.0
0.336,101.0,344.0
0.336,100.0,252.99999999999997
0.336,73.0,99.0
0.337,68.0,85.0
0.337,103.0,105.0
0.337,979.9183639467119,31983.41177860799
0.337,915.0,27394.999999999993
0.337,77.0,94.0
0.337,90.0,147.0
0.337,94.0,106.0
0.337,340.99999999999994,1698.9999999999998
0.337,125.95634164265013,200.01249960939938
0.337,180.0,246.0
0.337,121.0,259.0
0.337,100.0,107.0
0.337,82.0,89.0
0.337,227.0,628.0
0.337,55.00000000000001,60.0
0.337,78.0,109.00000000000001
0.337,132.0,246.0
0.337,82.0,92.0
0.337,227.99999999999997,1782.0000000000005
0.338,109.00000000000001,148.0
0.338,231.99999999999997,3977.9999999999995
0.338,108.0,193.0
0.338,123.22092184180005,411.27108997142267
0.338,34.99999999999999,40.0
0.338,93.0,100.0
0.338,98.0,108.0
0.338,254.0,605.0
0.338,105.0,113.99999999999999
0.338,87.0,141.0
0.338,234.0,396.00000000000006
0.338,771.0000000000001,17145.999999999996
0.338,227.99999999999997,2274.0
0.338,210.0,298.0
0.338,21.0,23.0
0.338,126.0,211.0
0.338,227.99999999999997,12734.999999999995
0.338,227.99999999999997,1501.9999999999995
0.338,120.0,231.0
0.338,151.0,290.0
0.338,227.99999999999997,1340.9999999999995
0.338,87.0,91.0
0.339,133.0,185.0
0.339,189.0,725.0
0.339,84.0,90.0
0.339,101.0,122.0
0.339,176.0,1758.9999999999995
0.339,77.0,130.0
0.339,78.4219357067906,137.0109484676316
0.339,100.76007489140177,157.804731264794
0.339,84.0,86.0
0.339,65.0,71.0
0.339,108.0,112.00000000000001
0.339,66.0,88.0
0.339,79.0,102.0
0.339,179.0,229.99999999999997
0.339,61.0,81.0
0.339,90.0,112.99999999999999
0.339,4001.0,247568.0000000001
0.339,82.0,92.0
0.339,56.99999999999999,85.0
0.34,97.99489782636644,120.34949106664308
0.34,129.0,209.0
0.34,204.83163818121457,869.9614934007137
0.34,169.0,243.00000000000003
0.34,200.99999999999997,739.0
0.34,227.99999999999997,417.0
0.34,180.0,1546.0
0.34,188.0,748.0
0.34,92.0,105.0
0.34,103.0,108.0
0.34,100.0,102.0
0.34,158.0,444.00000000000006
0.34,373.72182168024386,2596.615104323319
0.34,4001.0,260517.0000000001
0.341,75.0,94.0
0.341,77.0,94.0
0.341,134.0,195.0
0.341,1002.9999999999999,37412.000000000015
0.341,109.00000000000001,112.99999999999999
0.341,81.0,87.0
0.341,78.0,97.0
0.341,73.0,92.0
0.341,227.99999999999997,10335.0
0.341,128.0,147.0
0.341,432.0416646574726,1641.7749541273918
0.341,183.0,535.0
0.341,859.9999999999998,9179.000000000002
0.341,168.0,416.0
0.341,79.93747556684536,101.49876846543509
0.341,83.0,194.0
0.341,434.0,15095.999999999995
0.341,131.0,151.0
0.341,130.0,200.99999999999997
0.341,227.99999999999997,324.0
0.341,609.994262268097,8400.618072499188
0.342,643.5019891842628,9484.678747643475
0.342,724.7087673715013,15873.023754401547
0.342,389.99999999999994,5490.999999999997
0.342,632.3962365479415,12909.195172434253
0.342,632.7156837387527,5374.430579626828
0.342,129.0,2085.9999999999995
0.342,576.421720617813,7169.674748550314
0.342,900.0272506152144,20710.646294630296
0.342,2865.0,40124.99999999999
0.342,1015.0,13738.999999999996
0.342,1454.0149880360084,34784.30819465761
0.342,886.2154499618536,14899.54422070383
0.342,1171.0,34827.0
0.342,1716.6104476933722,44246.39359415728
0.342,405.797717905038,3820.783116340292
0.342,283.0,2753.0
0.342,1236.1553041446298,41153.28741627487
0.342,4001.0,262911.99999999994
0.342,416.01418786969447,5991.777401592549
0.342,1007.0,18444.000000000007
0.342,873.4103182997886,13402.957153083546
0.342,999.4682487913157,18350.404594823794
0.342,1553.5633384156993,54072.41677313327
0.342,1782.9999999999995,54961.000000000015
0.342,1972.2635345052533,58396.24825905164
0.342,1093.0,54696.99999999999
0.342,1771.4318404329952,54097.748466391975
0.342,256.79120884314625,2427.609267146269
0.342,805.5168633025612,19640.427276284838
0.342,1411.2961212075056,51828.9522296354
0.342,528.0968007847641,9606.516652909231
0.342,1518.083001683373,49567.52303676267
0.342,157.9662180050279,1700.9496901207185
0.342,1280.7849155888744,48416.17275250075
0.342,1010.0,11526.000000000004
0.342,413.81573920354356,3068.146698065231
0.342,208.0,1840.9999999999995
0.342,1620.2669831219775,64345.592953629304
0.342,1434.0911916720452,45004.49884741365
0.342,462.82502093123696,3682.818214357043
0.342,2063.2662843987646,80035.53751892674
0.342,597.4709240474318,13224.928181073037
0.342,181.52045394786586,1826.7369164794586
0.342,1975.2846773155181,69301.39910550976
0.342,2063.2653731403525,95634.26570011396
0.342,89.63258336118624,476.8175751794391
0.342,281.42494558940575,3899.278779466786
0.342,859.8028030113571,16610.34145644714
0.342,1334.3331667915627,54559.353918462046
0.342,156.00961508830153,798.3495475040994
0.342,2460.0,137553.0
0.342,1100.4701839881177,31765.369070824134
0.342,699.722445189549,11634.945944258754
0.342,438.82108652493406,7690.730687946532
0.342,1221.0,47061.00000000002
0.342,656.6407053600724,13265.009152643219
0.342,4001.0,252698.00000000006
0.342,987.2134493553974,29883.445633456045
0.342,169.75575073983612,1051.2295148194278
0.342,418.9401532106687,7554.693596506829
0.342,1345.8949134792806,42234.76343495109
0.342,3284.3611250896265,205159.48697294007
0.342,1538.671112567547,54172.56612399182
0.342,1119.5437129438053,25734.7922654394
0.342,1156.9999999999998,72056.00000000001
0.342,766.8511530334195,18008.025045380793
0.342,1024.9682921924948,31217.210637723558
0.342,1611.7094838224932,56322.23982386628
0.342,199.28548370552906,1139.6501696673076
0.342,175.3023345211359,1202.725986143878
0.342,2550.0132478553155,103120.9037565543
0.342,616.1427958032481,9817.705074974903
0.342,2288.40104051889,108938.21151733848
0.342,553.1904574581448,5545.807154153481
0.342,651.2342128604731,14788.5527013295
0.342,1048.9294542532405,17639.287740722408
0.342,824.1268040983858,22025.496537796564
0.342,1220.5967708796027,23784.494630317062
0.342,1145.8423851347789,27937.227790433575
0.342,4001.0,288119.0000000001
0.342,955.7222922540392,33390.94803677341
0.342,1126.9999999999998,33487.00000000001
0.342,524.9365967778944,8024.04915175542
0.342,1559.2344275316655,67572.87053248515
0.342,611.1041312285124,5401.306115884374
0.342,2608.0,161256.0
0.342,681.0893086974307,7596.6155235057895
0.342,322.7103964857656,4866.0416151118125
0.342,1368.4096392261067,31560.081655689446
0.342,635.2714652717268,13059.176418502824
0.342,753.1980752586857,15844.525211158865
0.343,89.0,140.0
0.343,175.0,301.0
0.343,227.99999999999997,333.00000000000006
0.343,92.0,109.00000000000001
0.343,219.0,766.9999999999999
0.343,134.0,149.0
0.343,761.9999999999999,22612.999999999996
0.343,87.0,211.0
0.343,114.99999999999999,168.0
0.343,234.89572154468883,1263.717927387279
0.343,132.0,409.99999999999994
0.343,62.0,99.0
0.344,85.0,88.0
0.344,4001.0,212636.99999999988
0.344,129.0,213.0
0.344,145.0,335.0
0.344,88.0,373.0
0.344,82.0,264.0
0.344,87.0,118.0
0.344,89.0,100.0
0.344,115.99999999999999,129.0
0.344,851.0,25003.000000000007
0.344,176.0,996.9999999999999
0.344,125.0,212.0
0.344,110.00000000000001,115.99999999999999
0.344,57.99999999999999,64.0
0.344,84.0,90.0
0.344,114.43338673656392,166.16257099599775
0.344,59.0,119.0
0.344,59.0,75.0
0.344,169.73508771023157,536.3627503844764
0.345,78.0,138.0
0.345,141.0,170.0
0.345,71.0,104.0
0.345,131.0,152.0
0.345,204.99999999999997,538.0
0.345,107.0,112.99999999999999
0.345,227.99999999999997,1680.0
0.345,94.39279633531365,144.56140563788108
0.345,601.0,6328.000000000002
0.345,4001.0,231873.99999999994
0.345,154.0,175.0
0.345,101.0,153.0
0.345,104.0,239.0
0.345,145.0,245.00000000000003
0.345,112.00000000000001,138.0
0.345,227.99999999999997,761.9999999999999
0.345,88.0,137.0
0.345,108.0,113.99999999999999
0.345,915.0,21808.000000000007
0.346,78.0,97.0
0.346,74.0,96.0
0.346,97.70363350459388,108.94494022211403
0.346,143.0,398.0
0.346,76.0,96.0
0.346,97.0,100.0
0.346,88.0,98.0
0.346,89.0,165.0
0.346,457.0,2996.9999999999995
0.346,120.0,319.0
0.346,105.0,111.00000000000001
0.346,185.0,284.0
0.346,92.0,95.0
0.346,63.0,97.0
0.347,108.0,188.0
0.347,254.89998038446373,1099.944998624931
0.347,227.99999999999997,3197.0000000000005
0.347,80.0,141.0
0.347,90.0,94.0
0.347,213.0,347.0
0.347,44.0,56.99999999999999
0.347,100.0,112.99999999999999
0.347,227.99999999999997,368.99999999999994
0.347,111.00000000000001,175.0
0.347,138.0,241.0
0.347,150.0,168.0
0.347,429.0,2007.9999999999998
0.347,92.0,102.0
0.347,108.0,146.0
0.347,396.00000000000006,1778.9999999999995
0.347,100.0,105.0
0.347,87.0,99.0
0.347,73.0,93.0
0.347,112.00000000000001,113.99999999999999
0.347,107.0,152.0
0.348,122.0,148.0
0.348,97.0,115.99999999999999
0.348,234.0,691.0000000000001
0.348,82.0,84.0
0.348,122.0,350.99999999999994
0.348,240.0,846.0000000000001
0.348,103.0,104.0
0.348,92.0,122.0
0.348,91.0,186.0
0.348,125.0,145.0
0.348,96.0,100.0
0.348,96.81425514871248,110.92790451459904
0.348,77.0,100.0
0.348,225.99999999999997,1122.0000000000002
0.348,78.0,93.0
0.348,57.99999999999999,62.0
0.348,457.0,9369.999999999996
0.348,99.0,101.0
0.348,280.0,3178.0
0.348,46.0,47.0
0.348,123.0,140.0
0.348,161.0,348.0
0.349,138.0,623.0
0.349,189.0,671.0
0.349,655.9999999999999,13280.000000000007
0.349,117.0,225.99999999999997
0.349,106.16025621672169,324.60745524402233
0.349,264.0,1103.0
0.349,84.0,95.0
0.349,128.0,216.0
0.349,142.0,157.0
0.349,83.0,92.0
0.349,873.9999999999999,26584.999999999993
0.349,97.0,154.0
0.349,100.0,164.0
0.349,130.0,149.0
0.349,182.0,534.0
0.349,91.0,193.0
0.349,186.0,899.0000000000002
0.349,107.0,114.99999999999999
0.349,154.0,285.0
0.349,97.0,151.0
0.349,905.9999999999999,34836.000000000015
0.349,350.99999999999994,7198.0
0.349,107.0,112.00000000000001
0.349,94.0,102.0
0.35,165.0,225.0
0.35,227.99999999999997,1049.0
0.35,212.0,543.0
0.35,84.0,195.0
0.35,4001.0,265425.99999999994
0.35,168.0,442.0
0.35,92.0,99.0
0.35,73.0,79.0
0.35,100.0,317.0
0.35,119.29375507544393,295.16097302997224
0.35,651.0000000000001,4467.000000000001
0.35,86.0,94.0
0.35,90.0,91.0
0.35,138.0,149.0
0.35,529.0,13462.000000000004
0.35,107.0,319.0
0.35,109.00000000000001,112.99999999999999
0.351,457.0,13155.000000000002
0.351,84.0,94.0
0.351,313.0,3047.0000000000005
0.351,273.0,380.0
0.351,131.0,141.0
0.351,268.0,1287.0
0.351,71.0,156.0
0.351,117.0,217.0
0.351,249.39927826679852,1042.5017985595994
0.351,187.0,1248.9999999999998
0.351,89.0,104.0
0.351,275.99999999999994,1745.9999999999998
0.351,94.99473669630333,222.7262894226903
0.351,131.0,142.0
0.351,96.0,197.0
0.351,167.0,602.0
0.351,81.0,97.0
0.351,92.0,112.99999999999999
0.351,179.0,371.00000000000006
0.352,245.00000000000003,6527.999999999997
0.352,101.0,261.0
0.352,158.0,202.0
0.352,82.0,83.0
0.352,87.0,94.0
0.352,187.0,655.9999999999999
0.352,129.0,191.0
0.352,229.99999999999997,373.0
0.352,250.99999999999997,1583.0000000000002
0.352,180.0,204.99999999999997
0.352,87.0,99.0
0.352,96.0,97.0
0.352,93.27915093953203,189.07670401189037
0.352,160.0,191.0
0.352,161.22034611053283,2003.636693614888
0.352,136.0,191.0
0.352,74.0,94.0
0.352,108.0,156.0
0.353,115.99999999999999,534.0
0.353,3112.999999999999,174803.00000000006
0.353,254.99999999999997,4391.0
0.353,186.16122045152153,1111.8830873792442
0.353,152.06577524216289,2045.7492514968696
0.353,1279.6814645197119,30036.077304545
0.353,1261.0,24220.00000000001
0.353,4001.0,286662.00000000006
0.353,1309.8884284287826,39454.401044323735
0.353,108.63057043589926,300.9286188869915
0.353,198.89444436685505,2743.3009313598827
0.353,1491.0,43943.00000000001
0.353,479.2382842445229,4937.335530851827
0.353,2357.4115041714713,120263.52579231988
0.353,649.4198405163481,15567.10325844621
0.353,502.4954938826321,6636.721119363809
0.353,438.49589864305767,9149.037251711614
0.353,716.5205581599778,13807.28389451028
0.353,110.00000000000001,166.0
0.353,2280.0,75429.00000000001
0.353,2156.284304074952,95049.12454094454
0.353,605.8632941095652,7451.891280264274
0.353,393.0,6775.0
0.353,2324.080463323075,72844.31257826519
0.353,1572.7694309048259,26126.98067127547
0.353,275.71543301019625,2447.6968766577293
0.353,106.0,280.0
0.353,691.8905570513293,14613.273658892256
0.353,1389.0504847925827,51899.23709251541
0.353,808.3478060270569,23502.9908246945
0.353,159.45603030610545,1962.351308355257
0.353,1175.9655607202112,25825.592248775247
0.353,381.8345358565059,6860.899099419584
0.353,1800.4388541063452,66752.1326126421
0.353,1126.9999999999998,53940.0
0.353,1437.457477631947,46953.69812911441
0.353,671.1557196359128,10342.068265100557
0.353,4001.0,279743.0
0.353,90.41017641836565,926.7577892847733
0.353,297.66592011851134,2503.12764356914
0.353,886.8595715913559,23181.64460270901
0.353,1477.9999999999995,44711.999999999985
0.353,556.6731536548175,7853.3012166858825
0.353,462.6032953601059,7494.6656292906555
0.353,784.4150458909036,13671.636084379936
0.353,606.1360274734807,6807.6289544106385
0.353,1336.9999999999995,39779.00000000001
0.353,1071.581541461031,38769.911013568264
0.353,988.3352123146435,25713.890586811067
0.353,535.0,4648.999999999999
0.353,1091.690887665179,15882.73257223843
0.353,705.9999999999999,15339.999999999995
0.353,939.6250141542797,16394.210715764522
0.353,2651.2733374466548,116183.20662557812
0.353,619.6289212101062,9527.475268926179
0.353,454.01075576098975,5417.260288352253
0.353,3204.9999999999995,193264.0
0.353,588.7391921688957,13016.422900513073
0.353,1247.571888071942,40128.24652801197
0.353,408.5957453046496,6350.683981771608
0.353,2207.53663616258,83512.910421084
0.353,1144.0,31466.000000000007
0.353,212.87003314602106,2078.8727658239573
0.353,196.94394034759603,1277.3561084507528
0.353,193.84924696758955,1771.9976968005567
0.353,1336.009790227897,36670.01660156429
0.353,684.0,15435.0
0.353,712.499824561382,8040.649040966781
0.353,699.9999999999999,6912.999999999998
0.353,329.23241311027283,2561.3750119665683
0.353,307.4882111561352,1850.150534416051
0.353,257.7894442192097,1764.7673351982426
0.353,963.9133407846928,22998.539064605746
0.353,802.1413100753532,14130.245601953002
0.353,60.0,453.9999999999999
0.353,321.844683038263,1262.415541729426
0.353,1960.9888381657122,81886.58972423078
0.353,1013.476690481425,20717.616864438103
0.353,2120.6423555140072,121560.89294670387
0.353,1461.688749358084,46738.47603420547
0.353,2693.2459141272348,143665.2617418733
0.353,373.0,8930.999999999998
0.353,399.36725812211967,5742.77694245849
0.353,482.722034421813,7169.624602697172
0.353,566.4199748972277,17579.934929297353
0.354,193.0,474.0
0.354,76.0,85.0
0.354,227.99999999999997,1030.0
0.354,677.0,24401.999999999993
0.354,81.0,90.0
0.354,126.0,152.0
0.354,82.51060537894507,102.92230079045066
0.354,123.0,231.0
0.354,72.0,109.00000000000001
0.354,125.80143083447024,342.3419343288228
0.354,211.0,300.00000000000006
0.354,227.99999999999997,1007.0
0.354,186.0,461.00000000000006
0.354,91.0,96.0
0.354,227.99999999999997,734.0
0.354,92.0,97.0
0.354,95.4815804684731,145.64712742530998
0.354,112.99999999999999,148.0
0.355,94.0,107.0
0.355,56.00000000000001,56.99999999999999
0.355,75.0,85.0
0.355,98.0,99.0
0.355,137.0,148.0
0.355,198.0,236.0
0.355,112.00000000000001,202.99999999999997
0.355,686.0,7216.000000000001
0.355,113.99999999999999,158.0
0.355,120.0,221.0
0.355,80.0,94.0
0.355,4001.0,286761.99999999994
0.355,197.0,509.0
0.355,155.0,170.0
0.355,151.0,299.0
0.355,96.0,106.0
0.355,88.0,95.0
0.356,181.0,391.0
0.356,106.0,113.99999999999999
0.356,81.05553651663777,108.7749971270972
0.356,125.0,138.0
0.356,274.0,5293.000000000001
0.356,95.0,98.0
0.356,4001.0,244652.99999999994
0.356,93.0,98.0
0.356,208.81091925471713,813.2490393477266
0.356,257.9302231224561,2656.296293714239
0.356,107.0,112.00000000000001
0.356,80.0,103.0
0.356,76.0,93.0
0.356,227.99999999999997,7645.000000000003
0.356,166.0,221.0
0.356,182.8250529878222,272.70496878494896
0.356,112.99999999999999,144.0
0.356,137.0,342.00000000000006
0.356,329.84845004941286,3438.1099458859653
0.356,187.0,530.0
0.357,581.9999999999999,11365.000000000004
0.357,121.0,1041.0
0.357,134.0,264.0
0.357,115.99999999999999,376.0
0.357,84.0,94.0
0.357,457.0,8332.999999999998
0.357,129.0,145.0
0.357,464.00000000000006,5915.999999999999
0.357,138.0,830.9999999999999
0.357,140.0,359.99999999999994
0.357,160.0,417.0
0.357,261.0,575.0
0.357,227.99999999999997,1978.0
0.357,85.85452812752511,140.47775624631822
0.357,82.0,95.0
0.357,60.0,93.0
0.357,127.0,243.00000000000003
0.358,86.0,97.0
0.358,70.0,79.0
0.358,227.99999999999997,3494.0000000000005
0.358,156.0,200.99999999999997
0.358,108.0,145.0
0.358,96.12491872558333,131.7080103866124
0.358,175.0,318.0
0.358,95.0,153.0
0.358,102.0,113.99999999999999
0.358,774.0000000000002,4596.000000000001
0.358,88.0,100.0
0.358,114.80137104960104,324.645767892933
0.358,85.0,92.0
0.358,141.0,353.0
0.358,210.0,1819.0000000000002
0.359,135.0,192.0
0.359,144.0,913.0000000000001
0.359,82.0,96.0
0.359,231.99999999999997,518.0
0.359,118.38074167701433,224.58851261807672
0.359,107.0,114.99999999999999
0.359,133.0,405.0
0.359,436.00000000000006,1309.9999999999998
0.359,211.0,781.0000000000001
0.359,915.0,13596.000000000004
0.359,176.0,473.00000000000006
0.359,131.0,163.0
0.359,98.0,105.0
0.359,227.99999999999997,872.0000000000001
0.359,445.0,10051.999999999996
0.359,186.0,827.0
0.36,97.0,98.0
0.36,91.0,96.0
0.36,81.0,84.0
0.36,886.9999999999998,18016.999999999993
0.36,99.0,102.0
0.36,148.0,229.0
0.36,87.0,95.0
0.36,561.0,19153.0
0.36,77.0,102.0
0.36,187.0,1141.0000000000002
0.36,176.0,262.0
0.36,129.0,159.0
0.36,148.0,160.0
0.36,126.0,154.0
0.36,163.3278910657944,427.8551156641697
0.36,457.0,2385.9999999999995
0.36,150.0,542.0
0.36,173.0,436.00000000000006
0.36,102.0,161.0
0.36,120.0,211.0
0.36,190.0,399.0
0.36,86.0,98.0
0.36,74.0,78.0
0.36,178.0,511.99999999999994
0.36,61.0,88.0
0.36,142.0,514.0
0.36,659.9999999999999,8583.999999999998
0.36,264.0,1112.0
0.361,79.0,88.0
0.361,97.0,194.0
0.361,115.75836902790226,137.56453031214113
0.361,82.0,149.0
0.361,145.0,265.0
0.361,127.0,548.0
0.361,86.6314030822542,97.49871794028884
0.361,95.0,144.0
0.361,156.0,167.0
0.361,92.0,159.0
0.361,137.0,151.0
0.361,92.0,206.0
0.361,148.0,174.0
0.361,404.0,1232.9999999999998
0.361,92.0,100.0
0.361,93.0,117.0
0.361,85.0,94.0
0.361,87.0,174.0
0.362,129.0,141.0
0.362,242.0,401.99999999999994
0.362,472.0,1645.0000000000002
0.362,86.0,96.0
0.362,92.0,160.0
0.362,183.0,250.0
0.362,99.0,103.0
0.362,160.0,346.0
0.362,81.0,103.0
0.362,214.0,1021.0000000000002
0.363,110.00000000000001,163.0
0.363,211.0,648.9999999999999
0.363,158.0,202.0
0.363,149.0,206.0
0.363,74.0,102.0
0.363,99.9799979995999,164.6329250180534
0.363,300.00000000000006,943.9999999999998
0.363,126.0,198.0
0.363,111.00000000000001,112.99999999999999
0.363,91.3892772703669,99.498743710662
0.363,113.85517116055819,222.5668438918969
0.363,93.0,101.0
0.363,82.0,112.99999999999999
0.363,535.0,10695.0
0.363,715.0,22637.999999999993
0.363,99.0,101.0
0.363,367.0,10362.999999999998
0.364,86.0,89.0
0.364,102.0,151.0
0.364,144.19431334140745,652.0314409597132
0.364,85.0,99.0
0.364,97.0,109.00000000000001
0.364,171.0,296.0
0.364,91.0,134.0
0.364,126.0,146.0
0.364,128.0,250.99999999999997
0.364,85.0,143.0
0.364,152.0,404.0
0.364,94.49867723941959,121.95080975540917
0.364,90.0,92.0
0.364,227.99999999999997,597.0
0.364,54.0,55.00000000000001
0.364,148.0,202.99999999999997
0.364,457.0,2865.0
0.364,133.0,345.0
0.364,90.0,93.0
0.364,109.00000000000001,111.00000000000001
0.364,73.0,85.0
0.364,126.0,240.0
0.364,86.0,93.0
0.365,1172.3695787560769,35023.57929161876
0.365,372.47476672037925,5118.010809933812
0.365,579.5918208015323,14008.175362855209
0.365,793.0000000000001,35634.0
0.365,882.6387403383924,22683.487153380876
0.365,389.4460511606046,4645.68846276903
0.365,103.18430113151904,1013.5127034230994
0.365,998.2531603279575,19853.269702482066
0.365,742.2546732759583,19366.361764668138
0.365,229.0,2275.0
0.365,151.0,162.0
0.365,1374.9299910528198,24520.2129807649
0.365,2439.9770490723886,138139.595254221
0.365,73.2666363360568,197.87117020930566
0.365,259.0,3140.0
0.365,702.0256405573801,7813.34896187288
0.365,435.5731855358333,5419.048659137303
0.365,580.5189251954206,4690.3496999519
0.365,1183.0000000000002,53596.0
0.365,119.81235328629514,690.1499836991956
0.365,638.7652150829756,9759.868851577869
0.365,1245.0,33167.99999999999
0.365,284.70965431158714,2819.049751369803
0.365,198.0,280.0
0.365,701.118708836435,8163.228012229595
0.365,795.3195448155283,16649.48662388564
0.365,680.343175305739,11493.490212897535
0.365,710.0183096230688,6220.227005503898
0.365,1858.7737893568442,84852.00286380992
0.365,180.2191877171976,1778.3887409746171
0.365,217.0,3160.9999999999995
0.365,371.1967822823992,3978.931901403284
0.365,1531.9999999999998,54699.00000000002
0.365,854.2934006784632,14459.250216353741
0.365,727.8076669010843,8514.63140717201
0.365,1683.7882735157577,46426.8992185
0.365,505.0,7811.999999999997
0.365,365.0,5350.999999999999
0.365,324.7599113191159,1452.6503364540276
0.365,822.14257769889,21224.826022984435
0.365,400.0,4107.999999999999
0.365,637.7499509996062,15879.467875215476
0.365,64.0,436.00000000000006
0.365,365.30261428027035,5864.981585648842
0.365,653.4317371099387,11419.754960186217
0.365,2447.344887832526,93626.03064319235
0.365,670.9026255381951,8607.222096172458
0.365,64.0,580.0
0.365,163.6846756900363,2420.6666651328383
0.365,409.84650212740917,9672.557803422811
0.365,430.0,4526.0
0.365,231.1165619262834,3098.8304044269707
0.365,531.7555829514157,10589.824550010258
0.365,777.2233100059211,14161.150659703037
0.365,511.8120851738376,7920.997749134062
0.365,829.5613298605474,25308.054113266
0.365,944.7137132486223,14483.553534958193
0.365,1112.0,41757.00000000001
0.365,426.99999999999994,5735.999999999998
0.365,369.199095462312,7349.908372220695
0.365,68.96375859826666,437.0640685300041
0.365,745.6976495668972,10170.212773360014
0.365,464.09050841403763,8007.186147455302
0.365,1076.1240634796713,31656.352758964524
0.365,1023.5194184772461,28783.703983330564
0.365,703.8958825018367,10635.874016728048
0.365,457.0,8977.000000000002
0.365,206.99999999999997,2084.0000000000005
0.365,1380.0362314084364,28386.247286318074
0.365,1806.8769799009406,51259.446348700694
0.365,1821.359341911528,69709.52248687435
0.365,335.9277764266884,2538.4710913755052
0.365,748.0,11622.999999999998
0.365,253.72734383928255,1116.9794691203406
0.365,379.35773316555077,4566.635667048227
0.365,1128.969386786731,22736.039375221786
0.365,1007.9999999999998,45444.99999999999
0.365,226.05530296810116,1384.7884314941396
0.365,65.96969000988257,241.70229622409468
0.365,801.5672148984138,14155.16810214559
0.365,461.00000000000006,9695.999999999996
0.365,277.16060646133093,2849.7325909258675
0.365,3204.0781762554248,208943.8716712298
0.365,785.9548995395567,19482.0938348472
0.365,330.3441527472784,3663.897108815173
0.366,94.0,104.0
0.366,139.0,240.0
0.366,92.0,100.0
0.366,118.0,270.0
0.366,778.0000000000001,23024.999999999996
0.366,101.0,103.0
0.366,144.0,271.0
0.366,169.0,430.99999999999994
0.366,105.0,115.99999999999999
0.366,104.0,391.99999999999994
0.366,93.0,149.0
0.366,168.0,198.0
0.366,164.0,327.00000000000006
0.366,368.99999999999994,1371.0000000000005
0.366,421.0,3491.9999999999995
0.366,227.99999999999997,1271.0000000000002
0.366,103.0,148.0
0.366,66.0,95.0
0.366,93.0,95.0
0.367,135.0,199.0
0.367,126.0,148.0
0.367,139.3951218658673,309.7224564025024
0.367,89.0,100.0
0.367,110.00000000000001,115.99999999999999
0.367,122.0,150.0
0.367,100.0,112.99999999999999
0.367,94.0,95.0
0.367,92.0,103.0
0.367,148.0,305.0
0.367,96.48834126463154,131.54466921924276
0.367,114.99999999999999,222.00000000000003
0.367,123.0,260.0
0.367,65.0,79.0
0.367,76.0,90.0
0.367,90.0,107.0
0.367,102.0,110.00000000000001
0.367,94.0,151.0
0.367,165.0,265.0
0.368,208.0,629.9999999999999
0.368,448.00000000000006,7171.999999999998
0.368,120.0,361.00000000000006
0.368,146.0,320.0
0.368,222.00000000000003,451.99999999999994
0.368,83.0,98.0
0.368,409.99999999999994,4332.999999999999
0.368,100.821624664553,225.29980026622303
0.368,319.0,2704.0
0.368,611.0,10650.000000000004
0.368,108.0,111.00000000000001
0.368,175.0,459.0
0.368,133.0,408.0
0.368,83.06623862918075,141.58036587041295
0.368,322.9045940590054,1385.5336516085347
0.369,227.99999999999997,3104.0
0.369,90.0,171.0
0.369,91.0,109.00000000000001
0.369,93.0,117.0
0.369,143.0,247.00000000000003
0.369,120.0,138.0
0.369,80.0,127.0
0.369,89.0,90.0
0.369,151.0,755.0000000000001
0.369,94.0,100.0
0.369,87.0,89.0
0.369,98.0,115.99999999999999
0.369,302.0,6756.000000000002
0.369,112.00000000000001,169.0
0.369,207.8399749190194,624.1522372639422
0.369,32.0,39.0
0.369,227.99999999999997,676.0
0.369,166.0,532.0
0.369,78.93034904268445,86.32496741962895
0.369,136.0,305.0
0.37,138.52797551397336,343.9069641632749
0.37,100.48880534666536,135.02222039353373
0.37,227.99999999999997,580.0
0.37,125.0,200.0
0.37,87.0,146.0
0.37,85.0,97.0
0.37,78.0,89.0
0.37,161.0,235.0
0.37,87.0,209.0
0.37,78.0,88.0
0.37,4001.0,249917.99999999994
0.37,74.0,103.0
0.37,254.0,4370.0
0.37,81.0,83.0
0.37,114.47270417003348,210.48515387076588
0.37,81.38795979750321,121.19405926034494
0.37,77.0,91.0
0.37,106.0,169.0
0.37,138.0,237.0
0.37,309.0,1191.9999999999998
0.37,90.0,304.0
0.37,171.0,605.0
0.371,106.0,147.0
0.371,412.0,6669.0
0.371,133.53981895148914,212.25914672132538
0.371,389.0,9205.0
0.371,141.0,197.0
0.371,101.0,103.0
0.371,143.0,219.0
0.371,457.0,3476.0
0.371,109.00000000000001,112.00000000000001
0.371,161.0,391.99999999999994
0.371,89.0,99.0
0.371,237.0,871.0000000000001
0.371,95.0,290.0
0.371,26.0,31.0
0.371,135.0,202.99999999999997
0.371,283.0,4733.0
0.372,144.0,210.0
0.372,84.0,93.0
0.372,407.0,3595.9999999999995
0.372,250.39968051097827,3122.8992939254367
0.372,89.0,106.0
0.372,99.0,144.0
0.372,102.0,111.00000000000001
0.372,84.08329203831163,104.9952379872535
0.372,82.0,106.0
0.372,227.99999999999997,823.0
0.372,86.0,99.0
0.372,87.0,261.0
0.372,123.0,188.0
0.372,45.0,56.99999999999999
0.372,86.0,95.0
0.372,594.0,14916.999999999996
0.372,79.0,101.0
0.372,134.0,153.0
0.372,187.0,291.0
0.372,123.0,771.9999999999998
0.372,83.0,129.0
0.373,102.0,175.0
0.373,270.0,683.0
0.373,91.0,104.0
0.373,100.0,158.0
0.373,106.0,343.0
0.373,4001.0,257806.99999999997
0.373,843.0,7234.999999999998
0.373,181.0,348.0
0.373,98.0,157.0
0.373,73.0,103.0
0.373,75.0,85.0
0.373,124.0,138.0
0.373,66.0,98.0
0.373,227.99999999999997,2471.9999999999995
0.373,100.0,206.0
0.373,125.0,404.0
0.373,109.00000000000001,111.00000000000001
0.373,101.87737727287644,187.93881983241246
0.373,214.0,304.0
0.373,34.00000000000001,50.0
0.373,357.72615224498196,2512.692977663606
0.373,99.0,113.99999999999999
0.373,227.99999999999997,1673.0
0.373,89.0,92.0
0.374,206.99999999999997,248.0
0.374,115.99999999999999,132.0
0.374,109.00000000000001,118.0
0.374,187.0,355.0
0.374,65.66582063752801,88.72429205127533
0.374,196.8755952371954,859.4963641575222
0.374,85.0,145.0
0.374,84.0,337.0
0.374,128.0,212.0
0.374,96.0,104.0
0.374,206.2498484847928,947.61648360505
0.374,79.0,83.0
0.374,182.0,744.0000000000001
0.374,142.0,220.00000000000003
0.374,105.0,112.99999999999999
0.375,65.0,93.0
0.375,357.0210077852562,2341.5746838399164
0.375,178.0,262.0
0.375,331.0,1613.0
0.375,170.1264235796427,312.1634187408896
0.375,88.0,292.0
0.375,391.0,1468.0000000000002
0.375,105.0,221.0
0.375,238.0,759.0
0.375,160.0249980471801,346.39284057266536
0.375,127.96483892069728,207.499397589487
0.375,126.0,222.00000000000003
0.375,75.0,86.0
0.375,191.0,425.0
0.376,146.0,233.0
0.376,112.99999999999999,152.0
0.376,165.0,284.0
0.376,100.0,108.0
0.376,135.0,149.0
0.376,79.0,172.0
0.376,353.0,1492.0000000000002
0.376,1034.9999999999998,19710.999999999996
0.376,83.0,90.0
0.376,187.0,471.0
0.376,94.0,97.0
0.376,95.0,99.0
0.376,83.0,197.0
0.376,83.0,94.0
0.376,82.0,88.0
0.376,383.00000000000006,8027.000000000003
0.376,96.0,102.0
0.376,86.0,141.0
0.376,62.0,93.0
0.376,1098.9999999999998,23788.99999999999
0.376,313.99999999999994,858.0
0.376,141.6474496770062,246.58061562093644
0.376,179.0,407.0
0.376,247.70748878465506,982.8957218342134
0.377,941.4580369235858,26915.310705541553
0.377,1071.0,20349.000000000004
0.377,560.502453161447,10003.310651979169
0.377,190.0,4313.0
0.377,294.0,5589.000000000002
0.377,4001.0,239499.99999999994
0.377,4001.0,228949.00000000003
0.377,108.0,773.0
0.377,686.0,12698.000000000004
0.377,344.0,3223.9999999999995
0.377,361.581249513854,3369.4458001279686
0.377,1045.0,33243.99999999999
0.377,632.5345840347387,8734.676639693082
0.377,112.46332735607638,706.224468565059
0.377,66.0,524.0
0.377,168.14279645586961,1604.7392311525264
0.377,397.0138536625643,4893.239417809024
0.377,2449.9226000260114,120517.3927334227
0.377,855.0000000000001,27732.000000000004
0.377,252.99999999999997,1795.0
0.377,416.5693219621435,2076.318857979188
0.377,726.9999999999999,23761.000000000007
0.377,61.0,492.0
0.377,1273.2185028586637,33465.91442636233
0.377,646.7120000505415,6270.835479874366
0.377,610.581811644977,9728.363949770435
0.377,217.32924331529802,2991.0817441186728
0.377,140.21022837417763,1532.4799208586724
0.377,1533.8148519296578,53743.704301062084
0.377,84.2852300228219,99.498743710662
0.377,1060.0,21920.999999999996
0.377,132.72151295099073,1161.5162504244179
0.377,996.9999999999999,36873.99999999999
0.377,1221.1284764366385,34467.87154520166
0.377,269.0,1721.0
0.377,220.00000000000003,3726.0
0.377,1006.0000000000002,44591.99999999999
0.377,244.57144224881787,3363.2720104166942
0.377,314.2339662930865,5581.344252901486
0.377,321.3471063138438,3354.7572131218258
0.377,856.698313293542,15985.75215621711
0.377,87.0,140.0
0.377,156.38399811864358,1287.285892696457
0.377,655.1618120739334,11383.827344087751
0.377,324.7029411631499,3611.772418079521
0.377,4001.0,287511.0000000001
0.377,3364.999999999999,232002.99999999994
0.377,936.0,36298.00000000002
0.377,993.4148176869522,20305.718086292847
0.377,298.73734282811046,3677.639868176329
0.377,326.0,3521.999999999999
0.377,542.1346696163232,7497.000066693338
0.377,329.2612685791579,3287.4395527489824
0.377,313.46770168551654,3226.99240780018
0.377,1032.02682538303,30920.812906976706
0.377,318.0,4182.000000000001
0.377,291.10273766400377,4748.665210883765
0.377,640.8244689460602,13200.004696968861
0.377,549.0,6251.000000000001
0.377,1048.1654496183655,28923.00051147705
0.377,842.2077138879729,27056.280148005197
0.377,330.84924324765296,3469.3044223019897
0.377,2842.0,131375.99999999994
0.377,453.58884288972473,3680.319897561116
0.377,274.5760368276882,1919.8624950761448
0.377,1042.2601487440913,27848.99565491003
0.377,777.1213749095074,16408.11245431277
0.377,332.3371781790295,5924.274892339146
0.377,688.197646029104,17517.293683671567
0.377,1238.0000000000002,28008.000000000004
0.377,1065.0,60729.0
0.377,176.81063316441123,767.3623655092815
0.377,188.0766248688804,1081.2188400032683
0.377,366.025955363824,4662.713265900016
0.377,4001.0,272482.99999999994
0.377,663.5390877646577,9053.106298884486
0.377,434.0,2965.999999999999
0.378,397.00000000000006,811.9999999999999
0.378,121.0,195.0
0.378,103.0,153.0
0.378,608.0,13481.000000000004
0.378,117.0,155.0
0.378,69.0,70.0
0.378,92.951600308978,105.47037498748169
0.378,150.0,611.0
0.378,101.68579055108928,130.31883977384084
0.378,173.0,264.0
0.378,90.0,96.0
0.378,71.0,79.0
0.378,67.0,88.0
0.378,91.0,97.0
0.378,329.0,3567.0
0.378,130.0,319.0
0.378,81.0,86.0
0.378,82.64986388373546,128.08200498118381
0.378,147.0,302.0
0.378,76.0,105.0
0.378,184.0,408.0
0.378,75.0,98.0
0.378,111.00000000000001,206.0
0.378,186.0,530.0
0.378,131.0,197.0
0.379,76.0,138.0
0.379,88.18163074019442,101.49876846543509
0.379,96.95359714832658,163.69483803712322
0.379,101.0,107.0
0.379,59.0,99.0
0.379,100.0,103.0
0.379,75.0,83.0
0.379,100.0,120.0
0.379,138.0,195.0
0.379,288.0,863.0000000000002
0.379,223.0,2612.0000000000005
0.379,163.0,299.0
0.379,97.0,101.0
0.379,82.0,91.0
0.379,89.0,99.0
0.379,115.99999999999999,148.0
0.379,94.0,95.0
0.379,137.0,162.0
0.379,194.0,682.0
0.379,96.0,160.0
0.379,87.0,197.0
0.38,134.0,368.00000000000006
0.38,80.0,110.00000000000001
0.38,347.0,7874.999999999998
0.38,308.0,13735.000000000005
0.38,82.0,103.0
0.38,185.0,1067.0000000000002
0.38,145.0,366.0
0.38,78.0,96.0
0.38,101.0,110.00000000000001
0.38,88.0,96.0
0.38,150.23980830658695,788.8333157264593
0.38,89.0,95.0
0.38,53.0,65.0
0.38,118.0,185.0
0.38,102.0,151.0
0.38,83.0,84.0
0.38,145.0,184.0
0.381,112.99999999999999,147.0
0.381,98.0,231.0
0.381,95.0,153.0
0.381,177.0,711.0
0.381,80.0,128.0
0.381,133.0,142.0
0.381,254.74300775487438,1852.078832015528
0.381,227.99999999999997,1725.9999999999998
0.381,227.99999999999997,1289.0000000000002
0.381,132.0,280.0
0.381,56.00000000000001,73.0
0.381,109.58521476366437,215.3627983101612
0.381,113.95613191048564,201.44974559427968
0.381,160.0,479.0
0.381,82.0,100.0
0.381,80.0,106.0
0.381,100.0,202.99999999999997
0.381,26.0,28.000000000000004
0.381,143.0,631.0
0.382,108.0,130.0
0.382,109.00000000000001,273.0
0.382,315.0,1096.0
0.382,83.0,90.0
0.382,138.0,194.0
0.382,98.4377976185977,107.77290939749192
0.382,100.0,107.0
0.382,94.0,337.99999999999994
0.382,85.0,130.0
0.382,213.0,318.0
0.382,90.0,94.0
0.382,222.00000000000003,1622.9999999999998
0.382,270.0,1313.0000000000002
0.382,417.0,19599.000000000007
0.382,80.0,87.0
0.382,133.0,211.0
0.382,172.6238685697896,623.7723943875683
0.382,340.0,1964.0
0.382,91.0,107.0
0.382,96.0,104.0
0.382,156.0,333.00000000000006
0.382,120.0,155.0
0.382,61.0,91.0
0.382,167.14664220378464,814.9343531843531
0.383,135.0,239.0
0.383,130.0,149.0
0.383,196.0,430.0
0.383,96.12491872558333,127.80845042484475
0.383,108.38819123871384,132.28756555322954
0.383,102.0,112.00000000000001
0.383,93.0,98.0
0.383,101.0,190.0
0.383,94.0,95.0
0.383,233.0,905.0000000000001
0.383,529.0444215753532,9788.584371603485
0.383,281.0,1760.9999999999995
0.383,227.99999999999997,594.0
0.383,147.0,202.99999999999997
0.383,112.00000000000001,195.0
0.384,972.9999999999999,52469.00000000001
0.384,89.33084573650918,114.47270417003348
0.384,78.0,99.0
0.384,632.0,3223.0000000000005
0.384,413.0,4172.0
0.384,87.0,96.0
0.384,198.45906378898394,452.990066116245
0.384,132.0,263.0
0.384,105.0,167.0
0.384,98.0,109.00000000000001
0.384,85.0,93.0
0.384,356.0,4967.0
0.384,101.0,152.0
0.384,126.74778104566565,219.80900800467663
0.384,1639.0000000000005,95411.99999999997
0.384,164.0,222.00000000000003
0.384,158.0,359.99999999999994
0.384,111.00000000000001,162.0
0.384,88.0,97.0
0.384,130.38021322271257,198.95979493354932
0.385,151.0,159.0
0.385,115.99999999999999,340.0
0.385,104.0,301.0
0.385,164.39890510584308,1832.755302815955
0.385,95.0,101.0
0.385,67.0,133.0
0.385,227.99999999999997,2606.0
0.385,170.0,541.0
0.385,110.00000000000001,294.0
0.385,93.0,105.0
0.385,124.0,257.0
0.385,112.46332735607638,142.49210504445503
0.386,135.0,419.00000000000006
0.386,82.0,145.0
0.386,85.0,95.0
0.386,4001.0,256920.00000000006
0.386,93.0,95.0
0.386,100.0,107.0
0.386,141.0,210.0
0.386,192.0,371.00000000000006
0.386,89.63258336118624,93.35416434203671
0.386,99.0,103.0
0.386,262.0,4303.999999999999
0.386,104.0,469.00000000000006
0.386,81.0,111.00000000000001
0.386,68.0,92.0
0.386,57.99999999999999,79.0
0.386,197.0,988.0000000000001
0.387,103.0,106.0
0.387,223.0,645.0
0.387,109.00000000000001,217.0
0.387,294.0238085597831,1043.0493756289773
0.387,122.0,166.0
0.387,516.0,3223.0000000000005
0.387,150.0,167.0
0.387,101.0,102.0
0.387,103.0,105.0
0.387,114.99999999999999,176.0
0.387,99.0,146.0
0.387,87.0,96.0
0.387,216.03445952278975,1057.6225344098373
0.387,72.0,80.0
0.387,90.0,101.0
0.387,75.0,88.0
0.387,80.0,106.0
0.388,164.47816156058394,776.6312280364825
0.388,228.6948128487019,3316.3716297619603
0.388,1769.4744982621255,82599.63728128588
0.388,1840.073911558989,56752.299398350384
0.388,106.0,798.9999999999999
0.388,3513.9999999999995,180361.99999999994
0.388,94.0,102.0
0.388,428.97060779605994,4783.728811999032
0.388,275.0,5228.999999999999
0.388,754.1955979717728,22214.904636302177
0.388,1087.4989655167492,35269.48951998029
0.388,1506.2718878077756,46044.3160335779
0.388,1023.0751581859503,27492.74996473505
0.388,268.0,2845.9999999999995
0.388,377.8523494145141,8344.293145200187
0.388,618.0118293522283,17497.345900093365
0.388,421.03919057493925,7601.853721297196
0.388,462.0600735211541,6450.833151195201
0.388,104.0,1141.0000000000002
0.388,115.46428019088847,1067.4942622796623
0.388,361.00000000000006,4173.0
0.388,193.723256523799,812.1887644859365
0.388,566.0,16656.999999999996
0.388,415.6637580529303,5656.466508418363
0.388,60.0,397.00000000000006
0.388,143.61406616345073,553.9927797363429
0.388,61.0,501.99999999999994
0.388,227.25756313047097,2469.902427222582
0.388,274.6449014497734,2587.6711245004476
0.388,158.4678744060434,541.8451875563309
0.388,109.00000000000001,248.0
0.388,339.4080241156075,5693.402485607027
0.388,1156.9999999999998,52594.00000000003
0.388,104.0,888.0000000000001
0.388,1484.9999999999998,45895.99999999998
0.388,182.0,1750.0000000000005
0.388,491.0,20964.999999999996
0.388,1241.944065152415,26228.43163716983
0.388,1073.0,21575.999999999996
0.388,640.7440986852708,14897.797823839608
0.388,165.8012815395557,1154.3531619263485
0.388,601.8280485321367,13264.055488424345
0.388,176.8442513057004,1279.258335782031
0.388,322.4344894703419,1678.044695471488
0.388,131.4895344598984,446.70373593986324
0.388,1581.424990317277,64138.604443813696
0.388,203.88160111642267,692.6389570126883
0.388,167.5663418796454,1443.915846467915
0.388,1234.8603159871966,32259.425041373583
0.388,963.4479747241156,24486.02287020087
0.388,468.57656791606644,6481.018438486346
0.388,1006.197547062001,16992.573922592404
0.388,1009.0,28172.000000000007
0.388,527.0,6048.999999999998
0.388,99.39818911831341,302.539253651489
0.388,210.58740189468716,1018.8327700322706
0.388,348.0,784.9999999999998
0.388,648.0,14166.999999999998
0.388,2306.533329479546,98482.97519876216
0.388,940.1130349206719,31606.706141449427
0.388,623.1243856566682,14119.956090583279
0.388,1276.8445480950295,31963.997199974852
0.388,430.99999999999994,5313.000000000001
0.388,2559.2258595129897,145581.27670480162
0.388,4001.0,273395.99999999994
0.388,350.75655362343537,4530.923258605161
0.388,940.8196954464627,11837.125497569807
0.388,2001.24985946283,83184.78568824944
0.388,274.76353469847487,3559.6348127300935
0.388,638.2476008572222,7450.205500521449
0.388,1046.279121458514,29200.17124949784
0.388,725.0,9175.000000000002
0.388,368.66560954849035,2508.0394513590986
0.388,244.8913026081848,2034.4647196516287
0.388,75.0,93.0
0.388,1312.0000000000002,45470.99999999999
0.388,1412.9186880049044,40783.680665678636
0.388,106.09429767899876,543.8777436152355
0.388,248.78871778105514,2328.880669418188
0.389,102.0,103.0
0.389,118.0,119.0
0.389,188.0,313.0
0.389,285.0,1195.0
0.389,82.0,142.0
0.389,106.0,114.99999999999999
0.389,496.0,6013.000000000001
0.389,93.0,99.0
0.389,91.0,98.0
0.389,80.0,102.0
0.389,91.0,149.0
0.389,189.0,588.9999999999999
0.389,557.0,8161.999999999996
0.389,285.0,3578.000000000001
0.389,1223.0,41689.0
0.389,227.99999999999997,1484.9999999999998
0.389,114.99999999999999,268.0
0.389,97.0,99.0
0.389,82.0,89.0
0.389,227.99999999999997,1280.0
0.389,457.0,6735.999999999997
0.389,146.0,208.0
0.39,131.0,163.0
0.39,125.0,263.0
0.39,389.0,9105.999999999998
0.39,183.0,262.0
0.39,114.99999999999999,245.00000000000003
0.39,144.0,229.99999999999997
0.39,97.0,249.00000000000003
0.39,107.0,112.00000000000001
0.39,1016.0000000000002,30725.99999999999
0.39,4001.0,230711.0
0.39,85.0,88.0
0.39,87.0,96.0
0.39,87.0,95.0
0.39,92.0,261.0
0.39,136.0,376.0
0.39,93.0,135.0
0.39,509.99999999999994,6215.000000000001
0.39,176.0,377.99999999999994
0.391,97.82637681116479,145.6365338780074
0.391,73.0,74.0
0.391,92.73618495495704,101.49876846543509
0.391,112.99999999999999,250.99999999999997
0.391,93.0,196.0
0.391,92.0,103.0
0.391,94.0,114.99999999999999
0.391,601.0,15508.999999999998
0.391,64.0,144.0
0.391,79.0,102.0
0.391,227.99999999999997,884.9999999999998
0.391,227.99999999999997,2218.0
0.391,149.0,320.0
0.391,223.0,577.0
0.391,244.54038521274967,1162.339021112171
0.391,190.0,1174.0
0.391,214.0,453.9999999999999
0.391,96.0,149.0
0.391,175.0,231.0
0.391,99.0,152.0
0.391,138.4918770181125,299.20394382427514
0.391,92.97849213662265,102.40117186829455
0.392,107.0,262.0
0.392,227.99999999999997,515.0
0.392,121.0,140.0
0.392,79.0,100.0
0.392,206.99999999999997,587.0000000000001
0.392,220.03415447693854,587.6455821503093
0.392,101.0,211.0
0.392,90.0,150.0
0.392,46.0,87.0
0.392,227.99999999999997,1050.0
0.392,82.0,91.0
0.392,110.00000000000001,149.0
0.392,92.0,109.00000000000001
0.392,79.0,100.0
0.392,82.0,88.0
0.392,86.0,135.0
0.392,269.05389794611784,1360.9463619114456
0.392,102.0,146.0
0.392,83.0,95.0
0.392,97.97958971132712,117.65627905046124
0.393,292.0,4754.0
0.393,72.0,83.0
0.393,84.0,108.0
0.393,114.71704319759988,344.098823014552
0.393,86.0,94.0
0.393,137.0,409.99999999999994
0.393,97.87236586493657,106.47065323364933
0.393,83.0,87.0
0.393,351.99999999999994,2922.9999999999995
0.393,125.0,143.0
0.393,105.0,110.00000000000001
0.393,227.99999999999997,2735.9999999999995
0.393,207.74262923146037,566.2375826453062
0.393,98.0,191.0
0.393,172.0,453.9999999999999
0.393,92.95160030897802,114.41153787970862
0.393,154.0,211.0
0.393,86.0,87.0
0.393,113.41957503006262,123.2801687214939
0.393,82.0,91.0
0.393,133.0,252.0
0.393,188.31887850133347,1008.5078085964429
0.393,168.0,333.00000000000006
0.393,93.0,105.0
0.393,81.0,87.0
0.394,227.99999999999997,748.0
0.394,148.0,160.0
0.394,97.0,99.0
0.394,79.0,99.0
0.394,144.0,1240.9999999999998
0.394,122.0,307.0
0.394,4001.0,248677.0000000001
0.394,131.0,216.0
0.394,227.99999999999997,697.0
0.394,86.0,96.0
0.394,112.00000000000001,192.0
0.394,84.0,103.0
0.394,130.0,408.0
0.394,4001.0,221889.0
0.394,695.0000000000001,9721.0
0.394,167.26326554267678,787.8927592001337
0.394,267.0,1473.0000000000002
0.394,667.9999999999999,8371.0
0.394,93.0,111.00000000000001
0.394,139.0,202.99999999999997
0.394,199.0,501.0
0.394,137.0,312.00000000000006
0.394,119.0,148.0
0.394,457.0,9517.000000000002
0.395,86.0,127.0
0.395,154.95805884173947,272.46284150320383
0.395,75.0,100.0
0.395,128.0,277.99999999999994
0.395,269.0,1942.9999999999995
0.395,125.0,148.0
0.395,103.0,105.0
0.395,176.0,260.0
0.395,261.0,1085.9999999999998
0.395,93.0,146.0
0.395,199.0,751.0000000000001
0.395,152.0,184.0
0.395,88.0,178.0
0.395,80.0,94.0
0.395,99.0,128.0
0.395,100.0,112.99999999999999
0.395,75.0,98.0
0.396,125.0,184.0
0.396,90.0,107.0
0.396,225.0,305.99999999999994
0.396,107.0,109.00000000000001
0.396,63.0,89.0
0.396,95.0,111.00000000000001
0.396,85.0,87.0
0.396,99.0,145.0
0.396,457.0,3423.0000000000005
0.396,95.0,152.0
0.396,73.0,101.0
0.396,83.0,105.0
0.396,96.0,103.0
0.396,68.0,84.0
0.396,248.23376079816376,622.1221744962962
0.396,109.00000000000001,155.0
0.396,219.0,356.99999999999994
0.396,86.0,177.0
0.396,71.0,84.0
0.396,76.0,108.0
0.396,131.0,247.00000000000003
0.396,122.0,307.0
0.396,93.97872099576584,101.35087567455943
0.397,159.0,263.0
0.397,355.0,10645.000000000004
0.397,142.0,594.9999999999999
0.397,139.0,246.0
0.397,100.0,129.0
0.397,113.99999999999999,200.0
0.397,101.0,111.00000000000001
0.397,200.99999999999997,797.0000000000001
0.397,156.0,170.0
0.397,279.0,2705.9999999999995
0.397,92.0,234.0
0.397,85.0,95.0
0.397,368.99999999999994,4920.999999999999
0.397,93.0,95.0
0.397,105.0,156.0
0.397,86.0,143.0
0.397,179.0,218.00000000000003
0.397,69.0,72.0
0.397,84.0,102.0
0.397,457.0,3151.9999999999995
0.397,254.99999999999997,904.0000000000001
0.397,98.0,100.0
0.397,244.0,743.0000000000001
0.397,94.0,97.0
0.398,336.0,4742.0
0.398,182.0,1762.0
0.398,186.0,213.0
0.398,98.34632682515398,236.79527022303466
0.398,928.0000000000001,11914.000000000002
0.398,171.0,283.0
0.398,87.0,91.0
0.398,103.0,248.0
0.398,88.0,93.0
0.398,98.0,100.0
0.398,96.0,102.0
0.398,95.0,234.0
0.398,130.0,147.0
0.398,56.99999999999999,67.0
0.398,73.0,120.0
0.398,167.52014804195943,290.97078891187687
0.398,77.0,90.0
0.398,93.0,107.0
0.399,85.0,96.0
0.399,206.15770662286675,985.4947995803934
0.399,91.0,101.0
0.399,686.0,19907.000000000007
0.399,67.0,83.0
0.399,98.0,99.0
0.399,98.0,191.0
0.399,88.0,138.0
0.399,85.0,98.0
0.399,227.99999999999997,2360.0000000000005
0.399,263.29451190634416,845.6323078028655
0.399,300.00000000000006,1800.9999999999998
0.399,101.0,173.0
0.399,76.0,87.0
0.399,91.0,98.0
0.399,90.0,100.0
0.399,26.0,28.000000000000004
0.4,87.0,89.0
0.4,341.90057034172963,2864.987958089877
0.4,92.0,93.0
0.4,87.0,215.0
0.4,922.0000000000002,16098.999999999995
0.4,227.99999999999997,509.99999999999994
0.4,75.0,86.0
0.4,850.0,28275.000000000007
0.4,88.0,145.0
0.4,112.99999999999999,163.0
0.4,86.0,98.0
0.4,100.0,164.0
