evolution rate,length lived,species population time,population
0.365,107,363,3
0.391104,149,167,1
0.111357,227,438,1
0.078802,469,2163,4
0.33,2728,121770,44
0.058048,191,253,1
0.073333,81,1302,16
0.213333,1138,31461,27
0.117806,296,1634,5
0.312761,92,97,1
0.073333,685,47498,69
0.130077,535,15722,29
0.113025,377,12233,32
0.105084,542,25709,47
0.204768,712,45864,64
0.050587,343,965,2
0.336554,4001,258196,64
0.166667,4001,293881,73
0.201667,2009,85433,42
0.384861,87,103,1
0.105319,138,415,3
0.193225,1296,38392,29
0.273883,71,131,1
0.306667,231,3824,16
0.115511,390,4534,11
0.318333,57,349,6
0.134749,86,104,1
0.12,429,36556,85
0.398988,87,221,2
0.163968,31,35,1
0.225,4001,245763,61
0.107887,399,12347,30
0.094861,159,202,1
0.201667,4001,303739,75
0.085,1115,92292,82
0.300094,423,1214,2
0.350754,96,117,1
0.278202,3593,207785,57
0.325773,142,196,1
0.33,708,40503,57
0.303402,98,100,1
0.264715,85,92,1
0.155,4001,263520,65
0.143408,487,6293,12
0.236667,4001,271542,67
0.12,1030,63990,62
0.380925,156,302,1
0.096186,276,6620,23
0.27134,4001,303808,75
0.37132,80,102,1
0.318333,2737,140659,51
0.136484,82,98,1
0.248333,1794,63680,35
0.143333,4001,306974,76
0.094974,549,24771,45
0.178333,4001,270569,67
0.29943,110,142,1
0.324366,137,334,2
0.222493,77,84,1
0.248333,470,4386,9
0.121655,132,209,1
0.155,4001,281257,70
0.178036,279,1072,3
0.271667,4001,227560,56
0.315314,185,1426,7
0.246653,67,95,1
0.285495,95,143,1
0.249875,4001,270811,67
0.308098,141,166,1
0.095366,375,556,1
0.143333,4001,292658,73
0.236667,1017,17516,17
0.144642,76,174,2
0.090638,330,687,2
0.061667,484,13128,27
0.25441,124,155,1
0.194378,888,41318,46
0.166667,4001,284998,71
0.155,1833,40046,21
0.178333,4001,264327,66
0.178333,2575,64866,25
0.143333,4001,251552,62
0.271667,64,195,3
0.119222,543,92139,169
0.094257,98,106,1
0.335465,4001,305697,76
0.294662,148,211,1
0.131667,4001,264348,66
0.10428,175,1132,6
0.055412,515,1188,2
0.244879,95,99,1
0.250441,378,5642,14
0.334475,91,98,1
0.095029,457,11390,24
0.112131,540,26910,49
0.187278,104,109,1
0.329399,2354,134922,57
0.257305,4001,363603,90
0.249113,148,1273,8
0.285617,780,17307,22
0.221804,210,353,1
0.127906,535,4655,8
0.235671,80,92,1
0.352386,93,100,1
0.150015,100,104,1
0.27581,208,346,1
0.213333,549,9040,16
0.268852,109,110,1
0.077182,214,300,1
0.170754,228,306,1
0.306667,1689,50882,30
0.248333,3299,164435,49
0.19,363,2818,7
0.105688,625,20064,32
0.08302,138,438,3
0.12283,299,4767,15
0.225,289,2243,7
0.245909,66,70,1
0.061922,573,10772,18
0.184025,84,100,1
0.131667,1227,51108,41
0.28045,86,97,1
0.234031,4001,354649,88
0.201667,1272,39194,30
0.26,4001,260590,65
0.143333,1228,78997,64
0.225,3450,183368,53
0.211487,4001,242600,60
0.391257,103,110,1
0.28951,106,112,1
0.213333,392,3631,9
0.117794,210,752,3
0.14657,286,413,1
0.295,219,1225,5
0.365026,53,71,1
0.151158,171,681,3
0.380473,102,154,1
0.271667,1687,23483,13
0.218281,367,3142,8
0.365,66,458,6
0.341162,69,88,1
0.262457,139,170,1
0.27778,424,3015,7
0.166667,2028,46988,23
0.064894,537,35171,65
0.236667,157,1605,10
0.200385,523,5568,10
0.332526,102,103,1
0.155,4001,304622,76
0.074829,542,22902,42
0.155,4001,297039,74
0.244595,222,439,1
0.284457,124,204,1
0.05,490,14629,29
0.207542,101,109,1
0.162587,376,1965,5
0.155,4001,248761,62
0.155,1003,17628,17
0.386702,694,12646,18
0.276285,102,156,1
0.201667,84,882,10
0.055778,114,203,1
0.122627,430,11366,26
0.143333,4001,275439,68
0.147893,241,390,1
0.32198,91,94,1
0.108333,1000,24323,24
0.16301,89,95,1
0.365,62,102,1
0.23946,384,4199,10
0.213333,2801,181237,64
0.301491,56,73,1
0.322709,4001,239898,59
0.099551,502,21873,43
0.262749,98,103,1
0.284252,70,83,1
0.131667,823,74345,90
0.055407,284,853,3
0.34302,93,112,1
0.369691,3394,187772,55
0.300289,4001,276233,69
0.108333,1000,44558,44
0.283307,98,99,1
0.155,4001,255927,63
0.084358,163,257,1
0.266877,85,96,1
0.271667,1032,9225,8
0.294546,231,263,1
0.19,4001,257844,64
0.306667,1517,30795,20
0.228451,141,247,1
0.283333,4001,285189,71
0.155,1305,18208,13
0.086461,88,102,1
0.388333,300,3613,12
0.145198,107,113,1
0.143333,4001,283392,70
0.29016,4001,274407,68
0.236667,4001,268828,67
0.14981,190,350,1
0.343377,140,151,1
0.19,4001,321699,80
0.061667,1026,85519,83
0.127967,535,36701,68
0.115546,216,497,2
0.226351,3837,388016,101
0.353333,300,5158,17
0.166667,1832,30756,16
0.099006,114,162,1
0.271667,62,471,7
0.248333,1228,50908,41
0.219439,218,574,2
0.16073,65,84,1
0.073333,485,41104,84
0.353333,2759,135701,49
0.318333,4001,257689,64
0.238483,89,115,1
0.086816,401,8492,21
0.155,4001,287869,71
0.190423,168,615,3
0.238157,91,93,1
0.190828,247,1048,4
0.225,411,7241,17
0.055968,88,108,1
0.357975,82,100,1
0.251782,132,154,1
0.319997,97,99,1
0.178333,4001,298437,74
0.397736,135,295,2
0.342669,92,138,1
0.353333,333,1771,5
0.23108,87,95,1
0.088218,91,119,1
0.266618,335,1095,3
0.213333,863,15580,18
0.050705,542,51207,94
0.143333,4001,297868,74
0.332388,272,12913,47
0.09786,192,3622,18
0.182558,95,111,1
0.064324,542,24849,45
0.363081,94,105,1
0.283902,335,525,1
0.357694,100,154,1
0.26,4001,271125,67
0.162093,161,319,1
0.104672,85,99,1
0.166667,4001,267627,66
0.370262,100,106,1
0.271667,2981,160437,53
0.236667,4001,289978,72
0.213333,49,91,1
0.34216,133,322,2
0.201667,3184,162854,51
0.248333,242,2943,12
0.273487,116,149,1
0.354793,99,139,1
0.223604,158,281,1
0.23476,89,146,1
0.079194,92,263,2
0.155,4001,278493,69
0.305737,98,99,1
0.345258,135,508,3
0.365,371,7965,21
0.266421,86,98,1
0.270751,85,87,1
0.33,188,2339,12
0.353473,145,309,2
0.18857,210,302,1
0.19,4001,388088,96
0.253698,99,187,1
0.096725,497,21059,42
0.322315,84,113,1
0.386907,2293,129000,56
0.201314,133,154,1
0.383106,101,108,1
0.172522,91,93,1
0.05,711,51468,72
0.386822,602,5140,8
0.102088,102,153,1
0.082827,88,90,1
0.169409,986,20539,20
0.19,4001,251609,62
0.376667,2255,136163,60
0.304978,104,113,1
0.318333,585,7901,13
0.377813,152,493,3
0.295,3000,188836,62
0.19,4001,290016,72
0.271667,1090,48522,44
0.25197,144,324,2
0.061667,338,7693,22
0.240997,90,92,1
0.213333,4001,280284,70
0.248333,1098,19563,17
0.31836,107,143,1
0.183941,413,1043,2
0.131667,332,6072,18
0.089135,397,13949,35
0.313578,92,116,1
0.317964,1282,42311,33
0.246413,66,102,1
0.270779,101,103,1
0.179426,81,142,1
0.295,515,6539,12
0.304143,206,419,2
0.177741,498,2228,4
0.260388,178,312,1
0.187459,872,4794,5
0.085,886,27185,30
0.381228,1822,282072,154
0.139682,75,95,1
0.397329,181,700,3
0.37497,395,5079,12
0.148479,136,153,1
0.061667,446,13535,30
0.102189,248,312,1
0.376667,3020,179423,59
0.365,63,590,9
0.255407,142,523,3
0.248948,83,97,1
0.313035,70,94,1
0.213333,265,1586,5
0.146832,843,18318,21
0.071066,451,802,1
0.155047,611,16160,26
0.232419,4001,258834,64
0.117733,100,105,1
0.228422,107,245,2
0.160104,264,360,1
0.225,720,5995,8
0.133189,104,116,1
0.083595,302,22954,76
0.26725,239,636,2
0.155,4001,377005,94
0.096319,69,150,2
0.388968,95,101,1
0.275057,96,160,1
0.056751,280,781,2
0.165118,114,129,1
0.05,507,27557,54
0.248333,100,259,2
0.229879,622,13358,21
0.178333,4001,278041,69
0.061845,1085,10180,9
0.129893,542,11345,20
0.131667,63,525,8
0.251913,88,215,2
0.103225,689,7974,11
0.33,179,1277,7
0.351828,265,1540,5
0.096532,332,1226,3
0.143333,4001,253202,63
0.134169,80,83,1
0.262632,121,153,1
0.190681,4001,283655,70
0.131667,1396,97287,69
0.353109,848,28435,33
0.166667,4001,310901,77
0.076149,221,1138,5
0.236667,3808,226454,59
0.219566,123,154,1
0.055416,542,26866,49
0.384144,134,154,1
0.341667,146,1370,9
0.199459,147,180,1
0.134574,152,297,1
0.276057,108,167,1
0.077848,121,139,1
0.12,123,1359,11
0.271667,1707,69539,40
0.221399,991,12070,12
0.178593,92,100,1
0.178333,4001,273335,68
0.286458,104,110,1
0.181654,74,87,1
0.256447,157,193,1
0.280767,880,115641,131
0.3632,67,85,1
0.092349,366,15248,41
0.08523,302,1505,4
0.096625,402,3255,8
0.19,4001,366262,91
0.216831,115,117,1
0.128314,96,104,1
0.201667,4001,255442,63
0.12517,89,145,1
0.34814,654,6405,9
0.14387,83,101,1
0.288443,86,92,1
0.166196,210,485,2
0.362525,81,87,1
0.376667,64,456,7
0.189075,84,100,1
0.356758,97,116,1
0.201667,4001,284358,71
0.254982,86,101,1
0.058631,774,39478,51
0.076207,458,1600,3
0.336726,296,870,2
0.385474,106,107,1
0.074577,112,118,1
0.083861,91,104,1
0.236667,4001,397705,99
0.206212,510,6705,13
0.363812,2506,111739,44
0.19,1087,17883,16
0.274719,73,103,1
0.219328,95,99,1
0.05,763,26490,34
0.086881,436,13513,30
0.21151,101,109,1
0.19,4001,273834,68
0.144956,62,70,1
0.384733,43,51,1
0.223903,99,101,1
0.096667,379,14929,39
0.057984,798,46310,58
0.309707,482,12859,26
0.143333,4001,280073,70
0.389186,309,520,1
0.26296,75,91,1
0.236667,125,1329,10
0.160351,159,642,4
0.334109,102,109,1
0.213333,99,1111,11
0.375039,508,7855,15
0.114481,74,95,1
0.39147,98,103,1
0.283333,1272,32790,25
0.305112,83,100,1
0.313024,795,13127,16
0.073333,1028,56240,54
0.376667,66,139,2
0.108333,1087,67877,62
0.069318,1084,57025,52
0.311399,1042,45580,43
0.295,224,4342,19
0.103526,363,3225,8
0.314704,113,159,1
0.143333,4001,265578,66
0.396325,85,95,1
0.273068,86,107,1
0.155,4001,261479,65
0.128298,542,127704,235
0.221583,166,304,1
0.112513,436,13075,29
0.150271,100,158,1
0.32916,84,87,1
0.157315,1227,127592,103
0.345652,221,1131,5
0.304917,156,232,1
0.144198,73,92,1
0.232296,137,167,1
0.346839,174,246,1
0.368554,106,114,1
0.155,4001,281638,70
0.225,1166,14953,12
0.275773,99,101,1
0.236667,62,617,9
0.230483,88,114,1
0.326737,73,83,1
0.063101,443,2663,6
0.213333,4001,279227,69
0.283333,1171,29748,25
0.063389,270,3200,11
0.110178,576,13195,22
0.365,529,3723,7
0.248333,1657,36348,21
0.170343,123,157,1
0.344837,392,5366,13
0.260288,461,3183,6
0.107049,65,281,4
0.353333,85,666,7
0.213333,2324,40378,17
0.35203,472,2076,4
0.116724,542,152744,281
0.306069,49,59,1
0.209581,4001,332320,83
0.271667,1237,66469,53
0.131667,2565,166545,64
0.166667,4001,272015,67
0.181796,426,654,1
0.376467,73,93,1
0.271667,4001,283722,70
0.231131,91,109,1
0.143333,4001,291657,72
0.300909,107,111,1
0.365,56,432,7
0.259752,916,12190,13
0.19,4001,255493,63
0.05,1022,77379,75
0.229666,172,389,2
0.07727,97,109,1
0.213333,1637,53645,32
0.155,4001,261659,65
0.357175,77,127,1
0.178333,4001,255668,63
0.203079,164,1226,7
0.269943,101,154,1
0.213333,4001,427820,106
0.329432,86,98,1
0.381256,113,117,1
0.347535,233,1130,4
0.295,2687,123338,45
0.254776,93,103,1
0.310417,143,156,1
0.19,1994,107812,54
0.096993,541,65857,121
0.236667,82,1218,14
0.376352,355,2736,7
0.343033,199,869,4
0.120339,508,20636,40
0.166667,439,6105,13
0.061667,65,162,2
0.060461,392,17311,44
0.376647,366,4777,13
0.068218,314,8166,26
0.178333,290,1838,6
0.18788,124,203,1
0.283483,96,104,1
0.155,467,7704,16
0.250717,1087,16973,15
0.249647,306,1828,5
0.085,487,15418,31
0.278475,104,110,1
0.351859,181,280,1
0.143333,4001,249232,62
0.143333,4001,301170,75
0.309062,593,7067,11
0.29314,2151,100763,46
0.052094,488,28673,58
0.377816,81,99,1
0.373022,87,91,1
0.184744,437,1082,2
0.19,277,5170,18
0.091572,463,72562,156
0.372769,100,103,1
0.24382,110,112,1
0.107389,542,9312,17
0.12,885,68419,77
0.138686,306,1396,4
0.153501,78,88,1
0.085,321,4613,14
0.234505,87,100,1
0.249627,97,101,1
0.283333,417,5901,14
0.173471,310,858,2
0.178333,4001,266865,66
0.271667,2192,93054,42
0.165104,394,1641,4
0.061667,628,20998,33
0.057736,296,581,1
0.308826,117,290,2
0.073333,428,2737,6
0.08264,150,685,4
0.228014,91,101,1
0.241296,120,371,3
0.33,943,20207,21
0.113168,1341,25932,19
0.085,1114,64249,57
0.121936,100,149,1
0.05,914,46346,50
0.155838,329,1736,5
0.201667,4001,284721,71
0.193036,142,211,1
0.283333,4001,248829,62
0.131667,1057,66118,62
0.339733,1250,46458,37
0.179723,40,48,1
0.213333,2224,40343,18
0.178333,4001,280391,70
0.283333,2032,30430,14
0.213333,4001,273806,68
0.12669,542,89608,165
0.343032,181,249,1
0.202203,177,357,2
0.376667,106,869,8
0.354258,259,410,1
0.32824,101,108,1
0.166667,4001,321209,80
0.201667,1771,99054,55
0.24555,989,22952,23
0.33,401,8762,21
0.092695,542,9486,17
0.283633,292,997,3
0.086339,464,9100,19
0.071928,643,30223,47
0.080474,926,44479,48
0.131667,628,55174,87
0.166667,4001,254254,63
0.39948,85,87,1
0.386583,75,85,1
0.354405,241,1001,4
0.213333,937,10959,11
0.320959,72,84,1
0.226324,126,182,1
0.26,63,113,1
0.131667,1087,45715,42
0.143333,4001,276847,69
0.251705,89,98,1
0.384192,159,283,1
0.213333,4001,249990,62
0.132058,176,254,1
0.183251,288,2049,7
0.139947,1651,244861,148
0.253987,4001,330110,82
0.366309,229,1186,5
0.196776,1263,26873,21
0.18818,340,1335,3
0.312295,4001,264540,66
0.265902,133,185,1
0.084552,81,90,1
0.201667,4001,296990,74
0.148792,194,587,3
0.052485,228,2524,11
0.143333,4001,255475,63
0.319728,188,504,2
0.2437,73,90,1
0.306667,61,449,7
0.358509,99,108,1
0.204892,87,146,1
0.143333,4001,329909,82
0.318936,64,87,1
0.362313,98,158,1
0.274656,72,99,1
0.363355,79,102,1
0.097906,542,35514,65
0.061667,772,19515,25
0.365867,107,156,1
0.066381,527,19443,36
0.143333,4001,280699,70
0.306667,1115,23808,21
0.13375,940,24005,25
0.073603,340,399,1
0.05,1458,34913,23
0.143333,4001,292032,72
0.354947,300,1331,4
0.31786,201,491,2
0.37631,4001,375504,93
0.088667,666,3350,5
0.164258,207,249,1
0.131667,457,3402,7
0.176169,629,5372,8
0.343958,94,138,1
0.392311,96,166,1
0.327665,96,207,2
0.077601,1085,44406,40
0.200325,232,715,3
0.16456,160,354,2
0.198179,1447,64060,44
0.209315,730,9179,12
0.252526,90,109,1
0.12,885,49680,56
0.187394,99,102,1
0.201667,4001,276250,69
0.316704,287,773,2
0.238453,80,87,1
0.19,4001,314824,78
0.102898,543,18216,33
0.077248,541,23197,42
0.11438,331,877,2
0.174135,105,117,1
0.096667,885,73367,82
0.214813,110,115,1
0.107628,440,24314,55
0.190371,130,201,1
0.245728,87,146,1
0.22966,127,156,1
0.236667,330,5301,16
0.08768,979,21253,21
0.166667,4001,346160,86
0.260406,82,94,1
0.086188,248,2199,8
0.19,4001,290790,72
0.23629,228,479,2
0.178333,4001,291171,72
0.125202,102,104,1
0.071612,326,4892,15
0.234877,3257,180054,55
0.347596,101,155,1
0.188294,168,232,1
0.244883,143,945,6
0.248011,102,249,2
0.063255,76,151,1
0.096667,885,62852,71
0.085,51,91,1
0.347298,99,253,2
0.186183,308,566,1
0.068593,275,12871,46
0.204819,132,147,1
0.236347,158,978,6
0.271667,424,4292,10
0.213333,1510,88621,58
0.148494,126,168,1
0.110312,60,67,1
0.388333,271,2981,11
0.095113,542,9866,18
0.381064,83,107,1
0.308545,170,297,1
0.131667,685,35512,51
0.13617,75,102,1
0.176054,93,315,3
0.061667,485,46076,95
0.31643,119,142,1
0.236743,92,99,1
0.108333,94,1284,13
0.131667,1371,123719,90
0.178333,4001,276625,69
0.343492,199,654,3
0.353333,2359,117095,49
0.094588,108,110,1
0.20934,98,100,1
0.155,4001,294288,73
0.201667,2021,63638,31
0.338424,82,88,1
0.085,28,406,14
0.131667,1114,119382,107
0.386616,84,86,1
0.362392,249,737,2
0.107233,145,203,1
0.264975,138,341,2
0.159717,171,218,1
0.253518,208,438,2
0.097974,105,166,1
0.219256,84,98,1
0.214429,103,299,2
0.071067,212,240,1
0.306667,3690,308344,83
0.369843,152,448,2
0.306667,369,5257,14
0.108333,1428,97661,68
0.260086,460,1507,3
0.36655,4001,246102,61
0.283333,1631,25283,15
0.247784,461,1569,3
0.178333,4001,291544,72
0.079163,82,86,1
0.355467,968,24866,25
0.057404,554,31026,56
0.05,485,5934,12
0.120733,543,79349,146
0.324097,536,17031,31
0.227168,634,3298,5
0.061667,249,3846,15
0.341667,1401,53972,38
0.197836,99,112,1
0.178333,4001,262779,65
0.226676,103,118,1
0.302408,101,103,1
0.178333,73,967,13
0.326731,145,250,1
0.338447,1215,43217,35
0.166667,4001,239663,59
0.213333,1331,41075,30
0.19,4001,276683,69
0.263967,88,150,1
0.241483,51,54,1
0.096667,428,44090,103
0.167161,83,104,1
0.295,958,18807,19
0.33,2312,102736,44
0.08412,665,2725,4
0.239425,86,93,1
0.294962,1123,30834,27
0.178333,4001,263882,65
0.169523,123,156,1
0.34499,114,115,1
0.178333,700,16264,23
0.283333,3542,205955,58
0.179062,91,196,2
0.255394,1527,66457,43
0.108373,542,42378,78
0.213333,73,258,3
0.072809,543,193461,356
0.210963,1260,50434,40
0.397974,91,104,1
0.153815,4001,421509,105
0.142374,103,116,1
0.320137,84,104,1
0.055426,278,788,2
0.166667,546,8993,16
0.143333,1771,84799,47
0.098614,542,2135,3
0.208693,96,114,1
0.085,1028,47104,45
0.209276,100,102,1
0.166667,4001,280177,70
0.099676,372,4528,12
0.178333,4001,320489,80
0.318333,1043,48731,46
0.262266,96,103,1
0.323524,96,160,1
0.096667,971,68769,70
0.092713,1086,183444,168
0.175332,1082,21564,19
0.141471,472,7002,14
0.187026,4001,363256,90
0.215888,246,1646,6
0.351007,92,157,1
0.065591,154,681,4
0.096667,685,23650,34
0.089725,244,417,1
0.39306,96,185,1
0.225,485,15802,32
0.236667,2114,101956,48
0.264103,73,99,1
0.073333,244,7769,31
0.062907,83,96,1
0.201667,2984,161560,54
0.236667,4001,279187,69
0.370948,481,7158,14
0.217606,87,91,1
0.19,4001,299543,74
0.248333,2221,82200,37
0.142099,140,166,1
0.311826,143,491,3
0.275986,525,17162,32
0.225033,2712,118479,43
0.10169,185,573,3
0.138927,4001,286365,71
0.248408,110,151,1
0.327262,2266,97481,43
0.236667,280,992,3
0.389345,102,104,1
0.096667,485,38333,79
0.143333,4001,262557,65
0.288653,114,151,1
0.310564,327,952,2
0.126679,110,146,1
0.353333,315,4551,14
0.106841,66,122,1
0.283333,2791,118167,42
0.25415,469,9246,19
0.12,971,52928,54
0.101186,541,201080,371
0.105726,139,355,2
0.185326,95,153,1
0.324535,254,456,1
0.12,886,63364,71
0.357168,81,92,1
0.225235,79,105,1
0.061667,686,28916,42
0.260258,355,1738,4
0.10331,92,103,1
0.143333,4001,259001,64
0.176147,425,2345,5
0.300639,111,116,1
0.237425,68,96,1
0.382619,175,293,1
0.065565,156,168,1
0.323272,86,249,2
0.33,983,12673,12
0.119354,162,201,1
0.201667,4001,265030,66
0.381967,93,131,1
0.340561,1629,56979,34
0.330734,1968,133086,67
0.351575,2635,182186,69
0.101639,650,35541,54
0.131667,67,911,13
0.228191,290,606,2
0.092504,158,1680,10
0.309367,2664,164847,61
0.178333,46,83,1
0.050325,565,14294,25
0.071779,101,111,1
0.12,344,5298,15
0.309413,89,91,1
0.155,4001,296977,74
0.200876,97,107,1
0.160757,113,257,2
0.213333,4001,274421,68
0.096667,1030,53128,51
0.270046,93,142,1
0.236667,4001,257029,64
0.275469,88,100,1
0.166552,552,5743,10
0.25144,138,2080,15
0.11058,635,18338,28
0.248333,1146,15815,13
0.143333,2602,164867,63
0.249172,84,105,1
0.240853,116,126,1
0.166667,4001,293269,73
0.388333,2395,91027,38
0.365,3693,205151,55
0.227515,4001,273562,68
0.248333,1458,28193,19
0.070426,146,442,3
0.282999,482,1379,2
0.271667,977,14008,14
0.268547,90,95,1
0.138097,106,176,1
0.341667,209,3318,15
0.155179,177,302,1
0.157946,93,105,1
0.12,681,40495,59
0.131667,1767,203323,115
0.352344,853,14798,17
0.280465,89,101,1
0.122777,392,1464,3
0.059422,198,245,1
0.128457,247,701,2
0.143333,1228,20153,16
0.062779,238,267,1
0.340158,79,83,1
0.313972,86,96,1
0.073451,556,36360,65
0.332952,569,7926,13
0.373072,4001,252682,63
0.22124,358,1773,4
0.201124,152,1675,11
0.178333,4001,265490,66
0.105261,452,7076,15
0.114791,240,3141,13
0.178333,4001,263589,65
0.087407,540,170458,315
0.080403,482,1350,2
0.342197,90,100,1
0.345047,119,217,1
0.061667,884,20990,23
0.285236,90,100,1
0.166667,4001,377923,94
0.328285,106,110,1
0.387797,73,132,1
0.201667,259,4586,17
0.096667,1570,89952,57
0.252904,81,89,1
0.371126,101,199,1
0.264572,84,99,1
0.225,4001,279065,69
0.083122,95,104,1
0.321369,1440,34023,23
0.27549,1337,35837,26
0.096667,970,55458,57
0.244214,743,6185,8
0.246413,72,81,1
0.083933,87,102,1
0.054188,394,893,2
0.201667,4001,285228,71
0.107127,96,146,1
0.166667,4001,279883,69
0.228843,138,258,1
0.112088,109,171,1
0.155,4001,291726,72
0.33,60,191,3
0.053664,376,16841,44
0.193339,85,90,1
0.098805,542,14510,26
0.213333,335,2615,7
0.271535,53,58,1
0.362388,92,96,1
0.324949,82,87,1
0.07189,398,12997,32
0.136457,319,6189,19
0.166667,410,8667,21
0.188906,92,99,1
0.096418,100,165,1
0.143333,1373,83422,60
0.144454,761,8049,10
0.23916,4001,279060,69
0.061373,96,198,2
0.155,4001,285784,71
0.243547,130,143,1
0.289062,87,95,1
0.225,4001,290280,72
0.073333,1028,80980,78
0.055052,574,27839,48
0.134178,206,569,2
0.199144,165,204,1
0.161101,203,284,1
0.123053,1085,147055,135
0.121953,682,26877,39
0.093713,481,10738,22
0.318333,289,2790,9
0.086845,541,135571,250
0.070663,284,14833,52
0.097573,111,143,1
0.175772,72,101,1
0.199847,94,106,1
0.202003,87,96,1
0.061667,485,38910,80
0.288536,131,201,1
0.201667,4001,269174,67
0.37937,223,2368,10
0.303889,93,99,1
0.248333,4001,265881,66
0.379318,95,99,1
0.164716,163,257,1
0.201667,4001,236694,59
0.175924,95,109,1
0.318333,3627,229891,63
0.201667,206,844,4
0.19,4001,287913,71
0.178333,4001,289874,72
0.085,1028,64512,62
0.382089,90,94,1
0.132536,67,85,1
0.272023,96,100,1
0.115656,129,153,1
0.166667,4001,271238,67
0.27155,157,210,1
0.369945,184,1136,6
0.19,4001,267120,66
0.056373,411,3332,8
0.329476,218,329,1
0.316206,101,102,1
0.12,771,44468,57
0.127399,87,98,1
0.198716,473,1844,3
0.279207,314,10555,33
0.213058,679,4540,6
0.23098,136,237,1
0.221734,136,1252,9
0.084264,187,2283,12
0.222516,4001,338105,84
0.311129,271,1272,4
0.380618,79,100,1
0.327629,2827,153781,54
0.228823,230,1012,4
0.221285,4001,259892,64
0.115139,91,117,1
0.096047,229,301,1
0.291235,96,101,1
0.245615,175,237,1
0.187417,85,95,1
0.143333,4001,349656,87
0.05,55,91,1
0.061667,1087,68968,63
0.312654,4001,268702,67
0.187383,192,1400,7
0.211453,595,12454,20
0.279418,133,149,1
0.295,347,4018,11
0.295193,161,226,1
0.218607,122,152,1
0.143333,4001,267090,66
0.096667,1033,72465,70
0.246808,677,15746,23
0.271667,4001,249134,62
0.335174,147,186,1
0.143333,4001,307826,76
0.067127,180,210,1
0.338584,76,91,1
0.198473,284,568,2
0.05,597,9747,16
0.362816,315,1464,4
0.219141,49,72,1
0.096667,153,6183,40
0.123238,263,807,3
0.14044,331,17984,54
0.055601,692,37208,53
0.05,576,35056,60
0.207104,96,147,1
0.341667,3291,205923,62
0.232287,4001,285548,71
0.05,1427,91652,64
0.383202,1898,75974,40
0.358578,249,916,3
0.331915,4001,246848,61
0.068687,100,159,1
0.224438,100,112,1
0.05,761,24900,32
0.230325,124,217,1
0.061667,127,1923,15
0.201667,1365,53264,39
0.34752,125,146,1
0.143333,4001,239862,59
0.318021,127,240,1
0.342677,1480,129299,87
0.241782,130,169,1
0.35752,79,87,1
0.213333,864,23918,27
0.19,4001,274923,68
0.39278,85,93,1
0.264146,81,87,1
0.382051,85,92,1
0.166667,778,9901,12
0.143333,4001,311169,77
0.052389,147,180,1
0.266958,82,102,1
0.346507,76,95,1
0.085,628,56989,90
0.151864,409,3054,7
0.246262,79,93,1
0.292686,86,91,1
0.12,971,52843,54
0.316405,122,190,1
0.186783,142,247,1
0.201667,153,3171,20
0.061387,228,864,3
0.394969,140,546,3
0.09418,500,19337,38
0.248333,565,24012,42
0.389949,91,99,1
0.295,4001,296849,74
0.163684,105,209,1
0.274319,1209,43122,35
0.261755,560,3956,7
0.225,296,5354,18
0.124924,420,872,2
0.181883,413,1131,2
0.166667,4001,370715,92
0.211542,99,102,1
0.108333,1019,53282,52
0.388277,89,97,1
0.191235,133,319,2
0.096667,276,29192,105
0.295,1763,25275,14
0.178333,4001,260349,65
0.277373,217,448,2
0.266167,85,87,1
0.372693,130,194,1
0.203012,715,8098,11
0.148119,98,110,1
0.155,4001,282843,70
0.376667,52,100,1
0.132041,549,35312,64
0.27203,84,95,1
0.216186,104,113,1
0.064249,101,108,1
0.061777,83,86,1
0.096667,687,39214,57
0.086466,658,33848,51
0.068462,232,3177,13
0.225,423,8225,19
0.25329,88,108,1
0.281033,134,241,1
0.166667,328,7261,22
0.26,4001,277051,69
0.050977,170,303,1
0.302078,172,211,1
0.104258,257,2756,10
0.091471,451,28712,63
0.195224,155,300,1
0.248831,3113,225940,72
0.236667,678,7660,11
0.316935,124,198,1
0.178333,534,4360,8
0.306667,1584,75068,47
0.155,3413,166171,48
0.061667,485,28216,58
0.319201,150,252,1
0.371391,141,157,1
0.324786,173,357,2
0.061667,341,29144,85
0.150239,86,93,1
0.094641,542,32666,60
0.19,1370,49276,35
0.368792,217,829,3
0.253239,91,111,1
0.137666,205,632,3
0.1449,381,2101,5
0.188069,829,23695,28
0.05,827,50548,61
0.136979,837,21146,25
0.178333,4001,315896,78
0.108333,1170,49060,41
0.229147,195,665,3
0.19,150,1703,11
0.057512,577,7069,12
0.117319,132,160,1
0.236667,4001,272061,67
0.396909,1557,131523,84
0.210396,535,4428,8
0.386852,126,145,1
0.134637,4001,290798,72
0.073333,1086,63435,58
0.23578,83,95,1
0.166667,4001,302852,75
0.236667,1036,9532,9
0.35652,78,92,1
0.155,4001,268504,67
0.276316,400,1656,4
0.181981,1112,46631,41
0.098696,194,4915,25
0.061667,428,20401,47
0.068685,567,13204,23
0.12331,137,194,1
0.201667,404,9428,23
0.161286,126,209,1
0.113639,142,165,1
0.178333,4001,285906,71
0.19,2304,68235,29
0.338221,94,105,1
0.143333,343,8708,25
0.274704,97,162,1
0.38802,208,374,1
0.388333,58,488,8
0.208974,160,239,1
0.083443,88,93,1
0.19,258,1203,4
0.265022,194,4684,24
0.120147,357,1165,3
0.095635,102,119,1
0.283333,426,2885,6
0.252411,279,668,2
0.143333,4001,269794,67
0.089361,445,10798,24
0.26599,224,1040,4
0.166667,81,661,8
0.093996,780,29428,37
0.271667,51,92,1
0.303754,147,184,1
0.055052,144,157,1
0.26,603,10186,16
0.248057,156,265,1
0.231508,85,98,1
0.295,929,33213,35
0.085908,542,18619,34
0.236427,82,91,1
0.341667,417,5816,13
0.225,2492,142965,57
0.167613,99,127,1
0.131667,830,53326,64
0.143333,2459,130096,52
0.166667,4001,261544,65
0.334362,124,130,1
0.056735,160,1215,7
0.327167,108,303,2
0.085,430,50676,117
0.133254,103,118,1
0.246655,153,320,2
0.341667,51,402,7
0.269368,89,92,1
0.082173,151,158,1
0.31765,111,112,1
0.065373,435,7751,17
0.097341,164,241,1
0.271667,4001,294085,73
0.2558,99,110,1
0.181745,302,599,1
0.204817,131,162,1
0.210672,164,5448,33
0.054219,541,19050,35
0.178333,4001,367639,91
0.073333,1059,48143,45
0.357471,83,93,1
0.132002,1085,68887,63
0.131667,248,6771,27
0.315635,96,105,1
0.212621,291,1490,5
0.236667,4001,272106,68
0.283333,1290,21570,16
0.271667,3670,191895,52
0.160371,277,2013,7
0.189572,132,144,1
0.256481,93,158,1
0.306667,152,1141,7
0.178333,4001,267341,66
0.244566,105,113,1
0.222569,101,102,1
0.166667,4001,262340,65
0.068238,111,637,5
0.399372,210,518,2
0.283266,99,113,1
0.073333,713,43465,60
0.233206,363,1106,3
0.350715,90,99,1
0.178333,4001,240214,60
0.05,1056,53137,50
0.232375,134,711,5
0.320979,174,299,1
0.318919,4001,307723,76
0.118794,131,326,2
0.236723,83,106,1
0.201667,4001,275913,68
0.078347,542,28367,52
0.103975,115,163,1
0.170471,359,1401,3
0.05,424,12684,29
0.131129,96,292,3
0.143333,4001,257926,64
0.175945,85,97,1
0.29308,294,906,3
0.378941,87,99,1
0.246062,176,332,1
0.219287,89,106,1
0.326599,1328,46060,34
0.166667,4001,278993,69
0.06028,88,191,2
0.295,4001,257447,64
0.252307,130,159,1
0.290983,345,1495,4
0.225,94,1028,10
0.361428,138,224,1
0.066687,129,195,1
0.318333,57,478,8
0.365,1237,49445,39
0.062151,560,10206,18
0.288382,145,162,1
0.213333,390,4852,12
0.108333,54,92,1
0.297369,104,166,1
0.078393,85,208,2
0.085,344,16606,48
0.26,1508,19125,12
0.172718,416,826,1
0.085,687,31480,45
0.069947,83,94,1
0.283333,3157,153415,48
0.26,173,1622,9
0.178333,1604,68014,42
0.20959,308,494,1
0.201667,116,1571,13
0.20461,244,519,2
0.143333,3545,193884,54
0.341667,589,5214,8
0.134156,87,98,1
0.065488,423,14377,33
0.091939,187,201,1
0.061667,973,74333,76
0.09663,110,584,5
0.172777,1520,41822,27
0.216888,44,51,1
0.060117,573,16455,28
0.396109,95,103,1
0.178333,4001,416082,103
0.143333,4001,295437,73
0.181798,202,251,1
0.318333,643,12735,19
0.376667,2888,170210,58
0.155,4001,301466,75
0.060115,96,299,3
0.275191,102,109,1
0.178333,4001,237923,59
0.0603,122,159,1
0.191477,350,8620,24
0.323495,81,100,1
0.271667,679,8422,12
0.178333,2000,120820,60
0.296226,280,881,3
0.295,438,5150,11
0.371613,1442,188427,130
0.248722,73,104,1
0.104994,71,105,1
0.108333,885,34507,38
0.295626,148,245,1
0.201667,4001,297745,74
0.309595,100,160,1
0.317031,99,106,1
0.108333,414,9164,22
0.072037,451,2272,5
0.362453,217,241,1
0.073333,191,1951,10
0.317891,105,108,1
0.155,4001,277739,69
0.246717,973,92210,94
0.114084,67,90,1
0.20656,4001,405198,101
0.283429,445,5504,12
0.217661,177,407,2
0.201667,197,2401,12
0.131667,1228,36171,29
0.065745,67,85,1
0.060833,70,104,1
0.061667,485,21903,45
0.376667,2431,124442,51
0.215452,89,90,1
0.193856,4001,283014,70
0.077554,106,111,1
0.130681,148,153,1
0.178333,4001,290724,72
0.386521,366,4317,11
0.150772,131,153,1
0.329603,2649,137737,51
0.155,344,3097,9
0.326838,136,154,1
0.090576,83,100,1
0.236667,497,6088,12
0.369342,75,92,1
0.19,4001,278474,69
0.143333,1170,39003,33
0.155,4001,269926,67
0.232445,532,10208,19
0.109092,543,34210,63
0.306667,61,213,3
0.096638,540,30370,56
0.387507,498,9349,18
0.369392,86,90,1
0.397717,86,107,1
0.281654,294,1547,5
0.138832,542,25758,47
0.096667,342,34637,101
0.195752,517,15432,29
0.113464,185,1392,7
0.202435,90,116,1
0.246702,4001,309286,77
0.127726,538,6823,12
0.231087,716,5977,8
0.155,4001,299158,74
0.208342,574,10294,17
0.369219,90,100,1
0.09383,226,1526,6
0.236667,435,12620,29
0.093941,1086,276201,254
0.326594,87,151,1
0.168574,74,93,1
0.359171,76,88,1
0.061667,670,30558,45
0.273183,505,15754,31
0.224651,86,93,1
0.26,4001,260965,65
0.209084,60,111,1
0.11019,43,55,1
0.090536,759,40446,53
0.061667,264,25591,96
0.100346,541,36587,67
0.06416,179,675,3
0.26,4001,283740,70
0.336227,88,97,1
0.139046,542,30866,56
0.073333,407,17870,43
0.201171,540,15782,29
0.358302,63,85,1
0.156423,939,34866,37
0.34036,286,585,2
0.076584,542,20799,38
0.296535,579,13290,22
0.072524,663,8823,13
0.382238,3221,154903,48
0.207125,122,335,2
0.394467,1008,44870,44
0.167173,361,3089,8
0.201667,305,7834,25
0.162338,67,101,1
0.143333,4001,311721,77
0.096667,1227,49264,40
0.223269,445,2643,5
0.18302,168,751,4
0.178333,1673,51866,31
0.096099,86,99,1
0.155,4001,212989,53
0.271667,1209,13306,11
0.225,2999,195310,65
0.19,4001,328510,82
0.381172,134,202,1
0.323282,1628,91603,56
0.387235,183,750,4
0.285286,75,85,1
0.302092,126,161,1
0.102571,549,12110,22
0.05,770,41053,53
0.135224,192,539,2
0.392302,124,205,1
0.391514,1085,108571,100
0.30719,541,26236,48
0.368856,88,99,1
0.295,1221,30080,24
0.370351,104,112,1
0.283333,381,3987,10
0.114533,102,106,1
0.204285,91,98,1
0.166667,4001,295060,73
0.05,1026,53309,51
0.172019,1009,38037,37
0.202194,82,128,1
0.341667,154,1882,12
0.371426,87,99,1
0.358072,1599,116005,72
0.254495,103,133,1
0.211019,4001,329846,82
0.228718,90,99,1
0.096667,685,57230,83
0.386708,71,84,1
0.155,55,101,1
0.116642,90,91,1
0.19,4001,253711,63
0.171693,542,3159,5
0.171712,92,114,1
0.339705,86,98,1
0.201667,1629,30601,18
0.384732,159,347,2
0.155,4001,265933,66
0.141482,542,154206,284
0.052534,97,102,1
0.309524,3608,270555,74
0.341667,64,512,8
0.387268,203,1069,5
0.192646,189,293,1
0.092793,89,101,1
0.178333,339,6139,18
0.107323,217,1810,8
0.166667,404,6641,16
0.347269,65,89,1
0.283634,106,144,1
0.143333,4001,286721,71
0.347669,1551,65020,41
0.19261,52,89,1
0.085,628,40004,63
0.131667,1714,128493,74
0.190145,127,966,7
0.142919,94,99,1
0.308352,4001,279404,69
0.086337,95,103,1
0.113143,127,145,1
0.100027,292,3286,11
0.201667,682,11670,17
0.302839,84,147,1
0.059704,253,744,2
0.143333,4001,273065,68
0.085,1025,36043,35
0.131667,2111,122495,58
0.155,4001,222614,55
0.26,1248,49849,39
0.236667,4001,240793,60
0.056194,821,40334,49
0.34663,92,144,1
0.19841,85,86,1
0.265863,141,269,1
0.066299,96,152,1
0.19,4001,267294,66
0.157735,97,108,1
0.152122,97,98,1
0.3991,611,4987,8
0.063021,167,229,1
0.166667,92,100,1
0.277102,104,107,1
0.311855,4001,274770,68
0.332392,155,202,1
0.074171,80,85,1
0.168587,90,93,1
0.201667,442,8422,19
0.359044,88,96,1
0.288212,839,10673,12
0.12,860,50937,59
0.251311,97,105,1
0.188171,123,182,1
0.236667,1470,52875,35
0.131799,196,489,2
0.166667,4001,272589,68
0.236667,4001,279520,69
0.108333,1346,82363,61
0.104885,274,3894,14
0.187171,89,204,2
0.131667,603,45043,74
0.379991,196,449,2
0.330065,97,109,1
0.353333,62,532,8
0.207865,542,5818,10
0.363391,87,113,1
0.342521,402,27081,67
0.295,191,1857,9
0.217452,81,106,1
0.129046,452,8991,19
0.188789,480,5139,10
0.061667,755,61751,81
0.060751,102,103,1
0.155,4001,273519,68
0.073333,1098,32872,29
0.310109,87,192,2
0.386549,1300,30910,23
0.103243,157,621,3
0.178333,53,94,1
0.225,2143,81680,38
0.155,4001,305426,76
0.232581,95,98,1
0.248333,4001,241898,60
0.321557,180,2563,14
0.303609,321,3047,9
0.054407,95,103,1
0.05,385,42303,109
0.072008,486,14228,29
0.321954,185,772,4
0.226752,107,108,1
0.26,1511,46801,30
0.245772,107,112,1
0.139287,139,150,1
0.096667,1071,65994,61
0.060944,38,49,1
0.143601,2711,287819,106
0.070887,542,12737,23
0.30159,396,1947,4
0.143333,4001,294026,73
0.326604,100,115,1
0.091979,553,21746,39
0.069605,687,4560,6
0.365,1113,22761,20
0.26,4001,271462,67
0.399075,102,103,1
0.192079,1085,17862,16
0.121025,542,43300,79
0.05,629,26240,41
0.074592,542,149621,276
0.140642,1628,174983,107
0.160589,166,1243,7
0.05,339,7105,20
0.201667,1748,48756,27
0.143333,4001,286342,71
0.095272,137,390,2
0.163219,710,19577,27
0.140497,78,82,1
0.098259,88,97,1
0.140388,174,232,1
0.247949,90,107,1
0.170217,647,27074,41
0.070206,81,286,3
0.225393,4001,282530,70
0.203361,191,542,2
0.304405,98,104,1
0.193854,164,548,3
0.225,886,20669,23
0.186728,194,309,1
0.364772,96,207,2
0.326208,70,143,2
0.128415,692,1234,1
0.166667,4001,465922,116
0.353753,344,1275,3
0.254676,99,156,1
0.201667,4001,268637,67
0.333856,88,144,1
0.338404,197,373,1
0.143333,4001,258668,64
0.22231,95,103,1
0.102724,218,637,2
0.20105,291,816,2
0.26,2009,57351,28
0.236667,3486,186820,53
0.061667,544,22566,41
0.315081,805,15985,19
0.166667,4001,257158,64
0.288497,85,89,1
0.333031,107,149,1
0.093813,242,2054,8
0.283333,686,8111,11
0.213333,3566,172830,48
0.19,4001,302920,75
0.064133,757,12792,16
0.311614,2078,120871,58
0.373714,88,106,1
0.287931,171,287,1
0.255819,4001,348036,86
0.26,55,97,1
0.131667,1087,56267,51
0.179251,1167,22559,19
0.175893,338,1580,4
0.140349,368,9701,26
0.386471,134,323,2
0.061667,834,57619,69
0.121372,526,26635,50
0.101002,542,64416,118
0.26629,222,481,2
0.166667,275,4376,15
0.332915,86,100,1
0.117036,284,1062,3
0.086141,493,3688,7
0.073333,685,59784,87
0.342816,518,11146,21
0.371728,86,139,1
0.163352,86,122,1
0.283333,4001,269444,67
0.376667,1784,76959,43
0.311401,1303,67147,51
0.108333,439,7480,17
0.204029,362,1193,3
0.229599,160,358,2
0.341667,173,1857,10
0.236667,2692,124065,46
0.396346,100,153,1
0.202271,128,187,1
0.054593,64,78,1
0.122297,660,24574,37
0.398105,115,183,1
0.131667,1657,133235,80
0.376811,143,411,2
0.166667,4001,295287,73
0.318333,1349,28156,20
0.201667,4001,272382,68
0.301654,81,88,1
0.345628,88,89,1
0.108333,420,2734,6
0.176501,88,96,1
0.091893,744,39040,52
0.108333,857,35786,41
0.285983,106,112,1
0.359797,103,123,1
0.341667,88,964,10
0.054227,541,33778,62
0.07863,62,67,1
0.323907,282,982,3
0.085,1000,60556,60
0.391458,99,108,1
0.166667,4001,276981,69
0.359345,65,92,1
0.1497,469,12400,26
0.155,4001,303452,75
0.214259,116,270,2
0.147926,98,159,1
0.236667,1468,31755,21
0.1954,53,54,1
0.12,127,1718,13
0.201667,3847,185252,48
0.301552,135,314,2
0.099151,581,14636,25
0.338154,86,101,1
0.247095,68,109,1
0.246696,314,1281,4
0.194331,97,98,1
0.356192,154,187,1
0.05,115,3060,26
0.397071,741,92195,124
0.150123,1938,68711,35
0.096667,685,46481,67
0.135469,155,242,1
0.22492,81,109,1
0.096667,485,12660,26
0.211358,761,9188,12
0.321316,172,267,1
0.155,4001,293519,73
0.098082,101,149,1
0.337814,91,122,1
0.05964,361,13130,36
0.12,628,34099,54
0.155,4001,283381,70
0.163474,137,551,4
0.173085,474,21045,44
0.254648,4001,252685,63
0.272347,200,491,2
0.376667,53,86,1
0.131667,1087,48168,44
0.285343,107,114,1
0.076486,88,99,1
0.348395,206,232,1
0.146465,85,138,1
0.129031,216,314,1
0.053804,140,167,1
0.179969,4001,281516,70
0.282171,92,110,1
0.325769,125,141,1
0.218619,374,1394,3
0.186517,134,186,1
0.240067,1242,59507,47
0.112502,542,1719,3
0.143333,478,10559,22
0.276836,466,1262,2
0.180906,434,6672,15
0.166667,784,7427,9
0.396435,69,127,1
0.348543,331,1072,3
0.178333,4001,281413,70
0.178333,1961,67453,34
0.29182,94,99,1
0.070605,82,92,1
0.298754,66,106,1
0.325478,185,421,2
0.328125,114,251,2
0.273495,4001,299605,74
0.076967,541,31636,58
0.093914,121,414,3
0.243201,252,768,3
0.083135,386,4314,11
0.315166,423,6639,15
0.180508,758,7080,9
0.108333,1025,60145,58
0.088113,542,40791,75
0.177142,101,224,2
0.310277,76,140,1
0.205709,88,435,4
0.340855,155,617,3
0.143333,310,2866,9
0.302138,86,102,1
0.374257,96,101,1
0.141782,86,108,1
0.131667,868,11757,13
0.246256,91,99,1
0.25841,105,108,1
0.19,447,5410,12
0.061077,145,812,5
0.31943,92,97,1
0.399683,1060,32464,30
0.297073,96,141,1
0.073333,847,23585,27
0.237868,102,107,1
0.267567,128,157,1
0.131667,685,40187,58
0.155,4001,289602,72
0.094269,529,31974,60
0.092888,476,973,2
0.26,4001,256814,64
0.148945,103,153,1
0.141382,333,1403,4
0.296229,94,100,1
0.225,559,9651,17
0.333523,265,1351,5
0.355887,192,388,2
0.19,93,878,9
0.11936,542,5258,9
0.350399,97,104,1
0.376101,131,614,4
0.318333,406,4795,11
0.236667,1734,61915,35
0.143333,4001,268731,67
0.338097,338,1001,2
0.154817,490,1203,2
0.19,4001,245361,61
0.11918,217,244,1
0.112441,562,28798,51
0.248333,4001,266331,66
0.350242,1351,22501,16
0.259194,98,109,1
0.236667,139,1236,8
0.059636,93,102,1
0.279999,90,97,1
0.143333,348,8035,23
0.375873,82,89,1
0.245006,200,375,1
0.225,452,14504,32
0.366717,223,3550,15
0.377429,142,298,2
0.178333,4001,277786,69
0.108333,1113,33078,29
0.399127,144,182,1
0.155,69,245,3
0.178333,4001,269925,67
0.237303,222,373,1
0.192012,85,159,1
0.213333,284,4732,16
0.196031,84,92,1
0.061667,487,50962,104
0.064314,260,437,1
0.367003,139,238,1
0.108333,404,10131,25
0.203079,1628,27159,16
0.33,68,629,9
0.353333,1492,44787,30
0.294531,97,107,1
0.143333,4001,284036,70
0.201437,84,110,1
0.068983,228,346,1
0.295,530,5220,9
0.166667,1909,134178,70
0.140046,517,43937,84
0.395395,92,107,1
0.341667,203,1277,6
0.107527,642,41208,64
0.344598,122,245,2
0.101184,178,209,1
0.063211,92,93,1
0.068602,102,107,1
0.282355,134,309,2
0.225,61,607,9
0.359103,163,1189,7
0.379321,79,101,1
0.133589,221,431,1
0.05,828,67344,81
0.26,2457,129188,52
0.073953,102,103,1
0.086081,117,142,1
0.349554,146,352,2
0.275027,133,294,2
0.172661,98,101,1
0.345572,212,375,1
0.17961,77,92,1
0.143333,4001,264384,66
0.367577,86,95,1
0.227092,122,249,2
0.256073,161,686,4
0.108333,1380,69984,50
0.153976,121,234,1
0.316666,69,81,1
0.288639,140,156,1
0.356057,68,90,1
0.318333,218,2934,13
0.306827,240,1505,6
0.064768,483,908,1
0.096667,576,49833,86
0.211698,440,4701,10
0.175169,94,220,2
0.240529,638,2704,4
0.131662,105,108,1
0.343588,784,13244,16
0.085,1262,65934,52
0.387327,181,199,1
0.089636,104,139,1
0.061667,519,17138,33
0.361298,628,12616,20
0.171293,1756,45370,25
0.395468,137,514,3
0.383196,68,105,1
0.098308,541,29935,55
0.139692,1166,11128,9
0.343832,204,887,4
0.30912,94,100,1
0.098766,328,4392,13
0.12,685,53699,78
0.139901,1148,47179,41
0.277143,337,2883,8
0.108333,144,2442,16
0.14697,70,84,1
0.131795,511,4762,9
0.143333,4001,290059,72
0.147935,426,1640,3
0.296517,87,99,1
0.351465,218,472,2
0.19,414,3614,8
0.324868,81,91,1
0.208842,129,186,1
0.143333,4001,469639,117
0.365,1236,58470,47
0.161918,91,99,1
0.295,56,122,2
0.168695,88,96,1
0.077133,132,148,1
0.156738,107,111,1
0.128873,136,148,1
0.317468,300,1078,3
0.10273,84,95,1
0.371333,78,111,1
0.096667,487,35930,73
0.303046,173,405,2
0.17697,90,96,1
0.073333,830,32011,38
0.131667,2459,152833,62
0.055387,89,259,2
0.283333,728,20438,28
0.213333,4001,202738,50
0.199899,863,7228,8
0.130825,91,93,1
0.155,66,635,9
0.306667,1625,44398,27
0.212365,221,732,3
0.19,4001,273018,68
0.108333,1116,55370,49
0.230704,496,4958,9
0.065175,628,22939,36
0.236667,324,2925,9
0.094489,542,27565,50
0.306667,101,617,6
0.067015,714,12376,17
0.396717,1722,62400,36
0.307407,74,90,1
0.061667,1059,25662,24
0.150276,72,143,1
0.174435,86,100,1
0.096667,316,32813,103
0.059152,162,331,2
0.204335,92,93,1
0.143333,253,2717,10
0.166587,593,14134,23
0.096399,98,106,1
0.353333,64,560,8
0.242928,203,289,1
0.143333,4001,306052,76
0.131667,1345,60551,45
0.225,4001,269518,67
0.271272,119,142,1
0.388333,2483,111120,44
0.127853,542,26251,48
0.073333,945,60021,63
0.143333,2031,109026,53
0.304242,90,102,1
0.089772,444,23151,52
0.236667,264,1089,4
0.333571,92,102,1
0.35053,39,42,1
0.19,4001,261561,65
0.299857,168,193,1
0.323928,91,102,1
0.166667,4001,296332,74
0.05,1028,82821,80
0.244357,409,4247,10
0.395462,81,117,1
0.328555,4001,272865,68
0.204006,356,3617,10
0.063369,93,168,1
0.170443,199,609,3
0.28777,106,109,1
0.156679,624,9843,15
0.06674,281,884,3
0.32051,103,107,1
0.073255,491,6260,12
0.224341,81,112,1
0.085,885,32993,37
0.201867,118,272,2
0.131667,3600,317364,88
0.05,685,18925,27
0.19,4001,270536,67
0.145351,1085,68810,63
0.079096,409,16782,41
0.185115,89,101,1
0.143333,4001,279214,69
0.149731,90,145,1
0.33,2598,134195,51
0.236667,4001,241984,60
0.367421,94,96,1
0.312097,109,116,1
0.285551,122,245,2
0.365,289,2802,9
0.084689,625,33903,54
0.283333,62,151,2
0.127161,182,920,5
0.231123,91,96,1
0.166667,4001,336221,84
0.094624,108,147,1
0.172627,160,405,2
0.353333,351,4844,13
0.271814,209,503,2
0.213333,68,722,10
0.151942,969,28665,29
0.09879,95,103,1
0.248388,90,192,2
0.052861,86,93,1
0.385075,208,623,2
0.166667,4001,287516,71
0.358765,129,232,1
0.388333,3559,158557,44
0.073333,773,43738,56
0.143333,4001,263175,65
0.071064,542,17238,31
0.344843,88,92,1
0.303017,87,90,1
0.333707,60,61,1
0.290872,99,155,1
0.061667,716,57043,79
0.204803,102,105,1
0.375554,81,92,1
0.338309,61,94,1
0.103172,336,17255,51
0.061982,95,116,1
0.12,316,22160,70
0.116109,261,418,1
0.107706,99,112,1
0.251197,75,88,1
0.170584,73,79,1
0.211569,106,114,1
0.19,4001,303841,75
0.085936,541,151640,280
0.289412,1842,67815,36
0.166667,4001,436673,109
0.255853,338,2701,7
0.367247,284,2624,9
0.272588,311,554,1
0.26,425,6111,14
0.162687,313,1036,3
0.283786,87,94,1
0.365,755,24083,31
0.318333,2326,99489,42
0.303528,258,426,1
0.349137,83,100,1
0.354866,91,161,1
0.096667,545,36637,67
0.059035,542,12790,23
0.130062,228,446,1
0.200652,4001,275552,68
0.143753,118,151,1
0.19,4001,282003,70
0.254905,98,100,1
0.163851,504,3956,7
0.078143,643,35823,55
0.283333,352,1552,4
0.243997,71,88,1
0.157358,194,217,1
0.394368,410,16525,40
0.335933,553,8715,15
0.278145,136,148,1
0.148098,92,99,1
0.105228,101,150,1
0.365419,101,157,1
0.236667,1020,20181,19
0.31921,584,3881,6
0.19,4001,267772,66
0.200759,90,98,1
0.17793,330,3769,11
0.16537,104,108,1
0.071981,329,10287,31
0.26115,88,93,1
0.060508,542,17977,33
0.061667,581,4564,7
0.056695,176,223,1
0.19,4001,393378,98
0.309044,94,168,1
0.311716,158,354,2
0.2049,165,359,2
0.236667,299,2598,8
0.360098,136,437,3
0.236694,142,244,1
0.143333,4001,255765,63
0.12,1067,55766,52
0.262395,89,97,1
0.166667,4001,269637,67
0.202507,886,6840,7
0.359541,62,84,1
0.318333,61,521,8
0.306667,1071,15477,14
0.208375,107,115,1
0.283333,3925,224006,57
0.05,1010,85229,84
0.310047,1062,48786,45
0.236667,4001,300877,75
0.311177,65,86,1
0.332956,108,195,1
0.26,4001,258365,64
0.301674,1005,129541,128
0.19466,1468,33363,22
0.365,71,162,2
0.071427,86,145,1
0.371458,221,778,3
0.085,887,36522,41
0.100268,542,26852,49
0.17229,146,391,2
0.318333,347,7681,22
0.390885,93,148,1
0.180777,142,149,1
0.236667,4001,266827,66
0.314867,99,101,1
0.338763,94,102,1
0.213333,261,6292,24
0.064948,542,61524,113
0.073047,124,209,1
0.290224,2808,229517,81
0.153735,423,1672,3
0.376667,816,24082,29
0.318108,97,161,1
0.280941,152,275,1
0.391647,195,679,3
0.053356,126,233,1
0.166667,4001,268541,67
0.256779,32,44,1
0.178333,4001,250350,62
0.073333,1370,50977,37
0.233997,88,101,1
0.271667,1149,57133,49
0.057099,637,24391,38
0.091351,79,93,1
0.236446,298,1435,4
0.27404,175,250,1
0.073305,57,70,1
0.241524,4001,285623,71
0.169915,501,5051,10
0.384986,1557,65409,42
0.14638,4001,287687,71
0.053777,343,1829,5
0.166667,4001,270261,67
0.276924,57,60,1
0.129574,216,286,1
0.12,1028,28012,27
0.174485,614,3134,5
0.166667,4001,266613,66
0.305904,74,80,1
0.323615,98,102,1
0.132778,161,1464,9
0.096667,553,11200,20
0.319727,103,226,2
0.327228,85,105,1
0.227681,19,25,1
0.165022,589,5702,9
0.148641,4001,370106,92
0.381186,204,2594,12
0.295299,71,85,1
0.096667,141,16508,117
0.306667,1181,38206,32
0.050277,84,100,1
0.12,484,22759,47
0.061667,1570,91090,58
0.341667,2570,124786,48
0.080543,541,6597,12
0.242116,542,6535,12
0.376667,224,2831,12
0.33001,175,323,1
0.31614,184,212,1
0.063659,191,581,3
0.096667,721,13788,19
0.100556,87,148,1
0.07666,360,1497,4
0.226661,157,187,1
0.073333,342,32851,96
0.354898,1012,43291,42
0.146185,407,884,2
0.19,4001,277038,69
0.129079,322,952,2
0.216993,104,105,1
0.210433,102,153,1
0.216073,93,273,2
0.295,246,2978,12
0.268768,169,3426,20
0.183852,132,148,1
0.262034,139,327,2
0.183615,4001,359930,89
0.171281,79,98,1
0.243992,119,185,1
0.271667,52,85,1
0.073007,541,88689,163
0.218325,338,563,1
0.23859,4001,336300,84
0.16748,126,169,1
0.327788,94,116,1
0.143333,4001,287347,71
0.254287,87,302,3
0.356196,107,109,1
0.19,4001,262666,65
0.050569,98,102,1
0.143333,4001,351379,87
0.143333,1368,71914,52
0.079736,121,144,1
0.223271,79,98,1
0.096667,625,41315,66
0.157986,90,104,1
0.388333,322,5462,16
0.175811,438,2786,6
0.390107,104,216,2
0.215138,85,100,1
0.228202,247,294,1
0.234268,110,193,1
0.108333,568,39632,69
0.147432,196,399,2
0.111524,165,241,1
0.34959,97,99,1
0.096667,911,63846,70
0.137797,174,610,3
0.131667,3083,219604,71
0.132841,729,3862,5
0.218847,2423,244668,100
0.35161,175,1164,6
0.322202,81,91,1
0.355124,4001,254220,63
0.2274,180,683,3
0.267098,213,624,2
0.398098,102,113,1
0.365,550,10307,18
0.201667,4001,293627,73
0.061099,143,158,1
0.381868,289,924,3
0.155,4001,312374,78
0.269213,127,145,1
0.306068,95,141,1
0.275473,80,137,1
0.390565,154,458,2
0.206038,697,8961,12
0.376667,2268,105409,46
0.11738,227,828,3
0.376667,558,10932,19
0.085466,99,105,1
0.318333,2863,174883,61
0.271667,4001,275887,68
0.196851,228,354,1
0.229519,552,7574,13
0.252786,529,8014,15
0.225,604,6913,11
0.360561,141,195,1
0.067816,253,585,2
0.236667,4001,231506,57
0.128951,542,24613,45
0.260121,106,205,1
0.369927,2354,121414,51
0.108333,1027,68113,66
0.220499,60,267,4
0.372776,83,93,1
0.073561,542,22493,41
0.05,931,70066,75
0.183459,127,156,1
0.264466,329,938,2
0.349201,4001,404548,101
0.104465,112,168,1
0.085,685,48955,71
0.233286,87,92,1
0.24821,219,565,2
0.085,1028,65529,63
0.096296,104,164,1
0.176306,82,96,1
0.147446,1668,69141,41
0.335972,88,108,1
0.21755,135,445,3
0.199574,82,143,1
0.168767,85,97,1
0.12,66,777,11
0.083829,104,111,1
0.201667,62,143,2
0.091261,135,145,1
0.330193,135,202,1
0.214048,96,105,1
0.076525,103,107,1
0.243522,365,1073,2
0.371992,87,110,1
0.108333,687,44297,64
0.277371,76,102,1
0.236667,4001,269024,67
0.084211,539,225407,418
0.05893,368,4944,13
0.119656,1331,44155,33
0.301502,4001,463358,115
0.253157,634,4424,6
0.169615,103,217,2
0.225,4001,246698,61
0.198935,146,232,1
0.111378,482,20096,41
0.143333,4001,330435,82
0.271667,2115,67133,31
0.248333,4001,268297,67
0.273909,53,61,1
0.166667,4001,279983,69
0.237513,158,468,2
0.286334,233,361,1
0.166667,288,1341,4
0.094244,1084,61981,57
0.123239,266,1639,6
0.33293,86,102,1
0.33,261,5640,21
0.391997,90,154,1
0.368881,143,152,1
0.376667,236,3835,16
0.33346,84,87,1
0.39409,92,97,1
0.155,4001,285329,71
0.225,1217,57829,47
0.131675,92,150,1
0.143333,4001,239271,59
0.281487,95,96,1
0.255246,88,91,1
0.192972,296,787,2
0.386751,98,153,1
0.166667,4001,248747,62
0.283333,1116,17707,15
0.248333,4001,254075,63
0.252665,224,351,1
0.057149,294,926,3
0.349386,70,97,1
0.073333,571,59847,104
0.233975,126,203,1
0.155,4001,250936,62
0.376371,81,103,1
0.143333,4001,265606,66
0.225343,93,96,1
0.115208,109,168,1
0.063343,378,9719,25
0.12,514,32700,63
0.185695,471,7551,16
0.336538,88,105,1
0.143333,4001,270906,67
0.380582,107,112,1
0.358513,81,87,1
0.143333,889,45858,51
0.112479,87,103,1
0.257887,1935,100926,52
0.178333,214,2693,12
0.252314,293,786,2
0.083159,88,103,1
0.201963,115,130,1
0.118037,51,60,1
0.080003,338,11715,34
0.178333,1867,22938,12
0.235639,119,191,1
0.061667,609,16141,26
0.220198,391,1683,4
0.07684,104,197,1
0.248333,65,712,10
0.271667,1286,55348,43
0.075119,114,149,1
0.358203,143,878,6
0.098733,100,143,1
0.166667,432,2802,6
0.116781,190,407,2
0.143333,66,93,1
0.056351,60,75,1
0.131667,2173,157733,72
0.128801,197,774,3
0.05,797,78288,98
0.368938,94,106,1
0.225,4001,247876,61
0.29001,470,11584,24
0.063509,542,13963,25
0.17136,175,214,1
0.12,940,62706,66
0.340101,110,136,1
0.387542,2715,241361,88
0.251496,4001,379987,94
0.368705,94,104,1
0.34477,78,102,1
0.166667,4001,250027,62
0.257813,330,777,2
0.123761,69,92,1
0.104826,598,36657,61
0.318333,695,9880,14
0.100958,542,19491,35
0.227919,893,9009,10
0.166667,350,4093,11
0.073802,542,202833,374
0.132203,542,23306,43
0.280323,79,91,1
0.373059,4001,451163,112
0.16304,73,81,1
0.178333,4001,302671,75
0.296597,232,548,2
0.273223,92,100,1
0.299773,117,612,5
0.072913,106,131,1
0.231142,89,98,1
0.33252,132,737,5
0.271667,603,7314,12
0.273944,78,91,1
0.166186,563,18771,33
0.388333,422,7974,18
0.305972,65,71,1
0.24446,90,100,1
0.073333,240,9086,37
0.074482,543,99541,183
0.310654,90,112,1
0.36606,127,297,2
0.263389,114,222,1
0.070397,542,66179,122
0.185496,124,168,1
0.116636,180,1373,7
0.388333,64,628,9
0.059137,229,874,3
0.057294,542,29872,55
0.178333,4001,228831,57
0.065056,541,15166,28
0.155,4001,306853,76
0.143333,4001,272637,68
0.315051,136,189,1
0.201667,4001,302151,75
0.24357,675,48676,72
0.241926,920,25391,27
0.203559,4001,279818,69
0.141577,465,8787,18
0.157434,88,93,1
0.19,4001,279683,69
0.050258,222,260,1
0.341667,81,686,8
0.349692,93,105,1
0.248682,1941,80410,41
0.12,65,667,10
0.262766,580,8607,14
0.294136,200,871,4
0.053358,88,101,1
0.055302,107,623,5
0.361661,71,141,1
0.274762,816,12910,15
0.137041,3304,210218,63
0.067391,542,118433,218
0.248333,62,141,2
0.323354,103,157,1
0.103401,848,3760,4
0.391602,98,137,1
0.137786,54,96,1
0.092394,272,5847,21
0.102484,408,1151,2
0.123927,252,2190,8
0.309483,94,95,1
0.267837,75,90,1
0.073333,487,9982,20
0.31722,601,13517,22
0.19,4001,399921,99
0.31432,88,141,1
0.287847,105,153,1
0.129833,110,142,1
0.082679,381,5428,14
0.155,4001,278207,69
0.228636,111,265,2
0.191787,96,101,1
0.085,773,64862,83
0.076269,542,6759,12
0.213333,4001,237356,59
0.096667,1116,71656,64
0.151563,480,3012,6
0.275902,204,343,1
0.332748,4001,320028,79
0.278279,477,18060,37
0.131667,2514,226707,90
0.257573,116,137,1
0.231771,133,159,1
0.172338,1395,12482,8
0.054394,677,22597,33
0.354607,101,105,1
0.353678,87,97,1
0.33,1751,73656,42
0.097443,89,108,1
0.166667,4001,207590,51
0.061667,1028,80736,78
0.166667,4001,294071,73
0.213333,1005,13315,13
0.387871,231,433,1
0.178333,4001,266543,66
0.166667,4001,276678,69
0.213333,1512,51630,34
0.178333,4001,230736,57
0.357187,154,234,1
0.181446,220,1052,4
0.19,373,8545,22
0.148512,225,247,1
0.231681,78,95,1
0.073333,371,18517,49
0.197263,945,23813,25
0.326608,75,87,1
0.293692,334,665,1
0.061667,417,15304,36
0.38887,97,101,1
0.101682,450,675,1
0.178397,98,140,1
0.12,760,34456,45
0.125732,90,103,1
0.117891,90,100,1
0.283333,49,181,3
0.104106,428,1263,2
0.225,4001,307005,76
0.316819,123,185,1
0.219659,382,1891,4
0.166667,4001,271867,67
0.183669,106,117,1
0.170021,44,70,1
0.087272,258,1488,5
0.085,503,39909,79
0.10499,542,38493,71
0.121068,86,135,1
0.233672,90,222,2
0.376667,183,2466,13
0.067826,505,18900,37
0.147056,973,38548,39
0.310983,585,7310,12
0.131667,464,38231,82
0.382822,106,256,2
0.328665,79,89,1
0.143333,4001,286254,71
0.283333,3494,54548,15
0.085,607,55154,90
0.085,69,202,2
0.103799,543,99806,183
0.275154,1625,112157,69
0.262003,2637,134302,50
0.213465,4001,271811,67
0.397757,92,96,1
0.264789,253,1080,4
0.255479,122,146,1
0.108333,685,49010,71
0.366296,97,99,1
0.129365,279,2467,8
0.366181,2086,240956,115
0.3833,122,148,1
0.05,336,5783,17
0.38144,70,103,1
0.318867,92,157,1
0.365,234,3131,13
0.19,1771,23957,13
0.179076,73,83,1
0.236667,403,4061,10
0.057456,577,23536,40
0.393699,108,112,1
0.298391,100,160,1
0.271667,1093,21479,19
0.155,4001,272966,68
0.365,1482,54581,36
0.293461,100,157,1
0.236667,177,3768,21
0.338996,244,1256,5
0.20587,256,3435,13
0.362188,336,1362,4
0.24468,96,144,1
0.33,357,10291,28
0.162991,87,98,1
0.139082,477,15125,31
0.248333,4001,253026,63
0.138121,276,931,3
0.166641,1380,43365,31
0.167564,750,2885,3
0.05,714,30380,42
0.143333,1800,172193,95
0.098436,89,102,1
0.39514,150,211,1
0.236667,884,19041,21
0.149508,433,2093,4
0.143333,4001,319472,79
0.186857,391,604,1
0.086904,327,461,1
0.360388,86,102,1
0.05,1027,52571,51
0.223472,266,1333,5
0.368403,80,99,1
0.343479,238,441,1
0.200655,84,95,1
0.310285,182,449,2
0.318333,4001,279668,69
0.388092,179,532,2
0.396898,103,109,1
0.311743,1619,56806,35
0.178333,438,2078,4
0.218642,71,106,1
0.232331,1981,112997,57
0.322604,93,97,1
0.131667,1074,87257,81
0.247474,83,93,1
0.143333,4001,193933,48
0.384022,83,109,1
0.252482,375,680,1
0.166667,4001,263742,65
0.085,1027,54068,52
0.079634,42,51,1
0.329964,93,106,1
0.073333,691,14609,21
0.224624,103,111,1
0.166667,269,3184,11
0.273093,97,108,1
0.315625,132,159,1
0.178333,4001,267933,66
0.213333,1534,32651,21
0.396365,112,190,1
0.143333,4001,240402,60
0.170565,90,105,1
0.155,4001,298914,74
0.073333,1113,80220,72
0.131059,542,27339,50
0.140001,721,16835,23
0.162616,4001,306943,76
0.277812,59,82,1
0.306667,2026,96072,47
0.084932,190,490,2
0.26,100,721,7
0.295,1355,30708,22
0.225,52,136,2
0.350417,173,539,3
0.110273,542,31142,57
0.396041,145,193,1
0.05,887,50130,56
0.145127,445,5151,11
0.106998,173,352,2
0.145592,330,6361,19
0.225,1348,59923,44
0.143333,4001,261231,65
0.143333,2738,89426,32
0.11084,273,581,2
0.105958,53,95,1
0.090324,87,92,1
0.201667,211,2971,14
0.05,1372,108944,79
0.290498,103,132,1
0.318333,223,2611,11
0.188539,97,151,1
0.051195,89,90,1
0.317605,542,2882,5
0.223654,224,540,2
0.143333,4001,312569,78
0.397043,317,2836,8
0.071257,717,10826,15
0.051668,542,44806,82
0.213333,501,1889,3
0.333994,511,18867,36
0.282907,1226,37185,30
0.362244,93,152,1
0.218979,71,101,1
0.243328,180,604,3
0.19,358,5742,16
0.201667,1470,40130,27
0.216124,109,149,1
0.234018,88,97,1
0.129069,564,45032,79
0.058175,77,82,1
0.259269,295,2241,7
0.178333,70,740,10
0.225,1270,18315,14
0.387904,122,435,3
0.28745,260,588,2
0.19,1052,12902,12
0.380238,88,90,1
0.144186,80,81,1
0.213333,1028,15490,15
0.181105,541,7371,13
0.155,4001,274121,68
0.316628,91,109,1
0.364624,283,2635,9
0.248333,4001,253134,63
0.19,1714,23453,13
0.353273,165,285,1
0.115238,494,13204,26
0.166667,958,10748,11
0.195434,136,156,1
0.143333,4001,407849,101
0.109543,389,8235,21
0.064058,542,13788,25
0.307716,93,96,1
0.27733,81,85,1
0.119949,232,483,2
0.12,607,5209,8
0.383645,87,160,1
0.114842,494,13463,27
0.155,99,908,9
0.282031,214,476,2
0.166667,4001,307546,76
0.167909,88,110,1
0.3953,76,85,1
0.059385,477,8642,18
0.30637,98,102,1
0.335096,85,131,1
0.05,114,6053,53
0.236667,1474,23567,15
0.335894,109,148,1
0.064939,785,2842,3
0.241979,133,249,1
0.155,4001,309533,77
0.26,1021,13257,12
0.34441,138,270,1
0.317535,93,96,1
0.166667,66,942,14
0.20062,614,4503,7
0.213333,47,83,1
0.085,1087,44734,41
0.188259,131,146,1
0.248333,4001,231295,57
0.312358,142,205,1
0.309444,188,369,1
0.341413,126,143,1
0.321846,312,1696,5
0.143333,4001,294330,73
0.166667,4001,269207,67
0.083999,129,155,1
0.288375,106,111,1
0.143333,4001,305794,76
0.383935,97,108,1
0.239467,81,99,1
0.167885,413,1046,2
0.306184,102,115,1
0.099766,217,1272,5
0.19,4001,293566,73
0.280712,359,1456,4
0.337945,85,90,1
0.238844,474,1950,4
0.072562,712,13199,18
0.156427,4001,433158,108
0.33,1167,20093,17
0.265697,91,102,1
0.108333,1041,28256,27
0.196851,90,109,1
0.363886,300,1884,6
0.386507,1731,100979,58
0.076545,312,1150,3
0.393795,107,154,1
0.200295,86,91,1
0.166667,4001,262890,65
0.272525,145,537,3
0.066044,85,94,1
0.178333,4001,254319,63
0.131667,1028,66252,64
0.365,4001,219814,54
0.278942,110,212,1
0.378249,87,90,1
0.143333,4001,293404,73
0.201667,1863,81682,43
0.220593,236,262,1
0.365,124,1336,10
0.307259,103,181,1
0.061667,680,3768,5
0.236667,2184,81617,37
0.178333,4001,269634,67
0.274813,75,88,1
0.061649,393,12816,32
0.131667,3286,248169,75
0.130656,1085,31861,29
0.141902,1521,103571,68
0.361289,62,68,1
0.05,343,11273,32
0.143333,1429,38095,26
0.26937,166,376,2
0.176723,122,216,1
0.343748,71,94,1
0.178333,4001,276291,69
0.121455,530,3799,7
0.140475,108,183,1
0.19,574,6702,11
0.233129,91,101,1
0.277395,150,458,3
0.291221,173,218,1
0.155,629,5499,8
0.33,1715,50450,29
0.067059,289,467,1
0.155,91,692,7
0.109251,1029,37167,36
0.375262,130,265,2
0.386622,98,113,1
0.271667,983,52156,53
0.312854,90,111,1
0.234728,76,84,1
0.143333,572,12091,21
0.387997,167,483,2
0.26,4001,230032,57
0.053797,437,12089,27
0.19,4001,258748,64
0.062149,105,107,1
0.248333,64,94,1
0.236667,4001,275983,68
0.283333,1734,55351,31
0.30505,96,97,1
0.283333,143,542,3
0.171425,156,169,1
0.183173,129,131,1
0.085,487,32797,67
0.08113,216,646,2
0.271667,4001,293647,73
0.26,1854,39445,21
0.102397,116,138,1
0.155,4001,290137,72
0.085,1173,56021,47
0.291307,82,90,1
0.318333,401,2354,5
0.208584,96,106,1
0.360942,74,141,1
0.155,225,1120,4
0.340626,226,460,2
0.285642,187,954,5
0.26,4001,274095,68
0.104572,222,4342,19
0.342049,206,283,1
0.178333,4001,268507,67
0.353333,1835,65707,35
0.26,4001,237672,59
0.213333,4001,265671,66
0.155,1018,9797,9
0.088729,139,147,1
0.202783,77,139,1
0.12,316,21814,69
0.310922,81,247,3
0.178333,4001,281716,70
0.143333,4001,302056,75
0.371027,90,107,1
0.295,4001,263038,65
0.129142,622,90366,145
0.078639,615,6016,9
0.389777,3656,238475,65
0.254005,112,113,1
0.215633,4001,221474,55
0.372232,175,665,3
0.250443,205,299,1
0.388333,289,2591,8
0.254081,90,108,1
0.143333,3891,240414,61
0.096667,976,71353,73
0.219031,130,151,1
0.199943,170,496,2
0.131667,776,31114,40
0.3429,75,97,1
0.219798,100,106,1
0.388565,101,108,1
0.236667,3137,179826,57
0.283333,174,945,5
0.23978,97,152,1
0.139105,150,228,1
0.259791,885,88055,99
0.239263,132,211,1
0.155,4001,460827,115
0.129866,166,195,1
0.353333,3943,218821,55
0.166667,287,5361,18
0.096921,708,42194,59
0.100049,835,9160,10
0.155,88,1100,12
0.284602,95,172,1
0.223971,414,871,2
0.143333,4001,301457,75
0.140989,117,193,1
0.248333,4001,283690,70
0.074591,516,12756,24
0.35297,541,11006,20
0.337472,1954,79154,40
0.178513,4001,263892,65
0.245493,72,124,1
0.365,62,100,1
0.111276,450,23524,52
0.065636,488,7866,16
0.321166,1427,76464,53
0.13627,654,17330,26
0.085,342,50921,148
0.186806,138,249,1
0.201667,2514,157398,62
0.065626,542,34863,64
0.108333,685,56337,82
0.300031,1111,60719,54
0.113405,540,31296,57
0.05,485,12818,26
0.131667,1571,85406,54
0.188008,86,150,1
0.365,269,1606,5
0.085,1371,84622,61
0.327586,97,101,1
0.155491,4001,241980,60
0.33,2383,115974,48
0.341667,4001,201021,50
0.164034,202,1519,7
0.168172,1285,55552,43
0.178333,4001,257396,64
0.061667,1028,44116,42
0.252503,800,9873,12
0.27634,72,88,1
0.217608,101,103,1
0.271566,826,8663,10
0.213333,4001,266007,66
0.090958,79,125,1
0.373725,138,245,1
0.372909,81,92,1
0.073333,428,32053,74
0.178333,4001,265309,66
0.367556,94,99,1
0.306667,2894,135377,46
0.201667,4001,270423,67
0.099249,83,89,1
0.211368,86,138,1
0.178287,283,658,2
0.085,914,70568,77
0.112472,124,196,1
0.170231,803,36676,45
0.108333,597,15019,25
0.206443,84,99,1
0.309848,94,100,1
0.341667,239,2280,9
0.233495,178,406,2
0.19574,113,118,1
0.133165,90,207,2
0.061667,857,60141,70
0.158226,483,2212,4
0.353333,3445,179174,52
0.185037,85,87,1
0.131667,885,50047,56
0.135406,194,669,3
0.381748,89,102,1
0.05,685,30784,44
0.065288,654,48073,73
0.153493,74,97,1
0.055192,151,629,4
0.320542,491,1597,3
0.143713,248,2763,11
0.184701,242,3469,14
0.140063,81,103,1
0.15386,466,3076,6
0.236667,684,16023,23
0.057852,467,1237,2
0.381479,179,456,2
0.178333,963,30187,31
0.300541,100,161,1
0.209689,138,452,3
0.12,202,1801,8
0.21842,376,1378,3
0.399568,83,100,1
0.078297,226,253,1
0.112008,474,3552,7
0.155,4001,277540,69
0.068357,93,97,1
0.353333,2579,121513,47
0.236667,4001,271413,67
0.063665,540,5566,10
0.242926,186,472,2
0.231026,86,91,1
0.326007,121,935,7
0.377858,80,88,1
0.306694,83,99,1
0.244595,143,283,1
0.157359,408,13837,33
0.183656,135,213,1
0.166667,4001,279485,69
0.065383,488,2304,4
0.085,451,4449,9
0.201667,71,157,2
0.119705,597,34795,58
0.124476,91,107,1
0.09324,578,16038,27
0.096667,344,7646,22
0.133417,486,16530,34
0.178333,4001,297832,74
0.186845,111,135,1
0.340077,87,92,1
0.234424,542,17728,32
0.106688,441,1849,4
0.1393,2772,271280,97
0.053743,542,12881,23
0.375976,4001,259424,64
0.096667,1061,38755,36
0.326233,94,256,2
0.361727,2171,89649,41
0.367559,127,196,1
0.393518,279,1049,3
0.341667,3101,180228,58
0.143333,107,1001,9
0.058618,90,103,1
0.166667,4001,279393,69
0.12,1004,66885,66
0.273451,592,1883,3
0.122551,580,23395,40
0.289711,96,104,1
0.061667,408,4282,10
0.310566,79,95,1
0.288232,164,485,2
0.143333,4001,264735,66
0.201667,1276,28819,22
0.166667,4001,267371,66
0.22717,129,152,1
0.074768,74,85,1
0.218396,142,191,1
0.091483,101,104,1
0.303166,98,104,1
0.075119,755,4815,6
0.297286,101,169,1
0.199332,84,157,1
0.12,72,636,8
0.245372,57,134,2
0.225,4001,302492,75
0.178333,2239,82264,36
0.051303,125,154,1
0.359388,80,103,1
0.39957,129,217,1
0.178333,4001,269125,67
0.121501,570,1314,2
0.217159,140,152,1
0.143333,4001,288992,72
0.131667,1395,120805,86
0.11611,541,51930,95
0.139678,542,6847,12
0.3638,3366,225358,66
0.109082,108,169,1
0.203731,261,464,1
0.295,848,18834,22
0.231998,213,548,2
0.216801,123,209,1
0.122646,541,34749,64
0.177807,85,96,1
0.102084,444,7920,17
0.131667,1571,205906,131
0.302892,144,342,2
0.166667,4001,337184,84
0.266235,100,103,1
0.134872,535,8621,16
0.19,4001,253116,63
0.323596,80,94,1
0.392381,98,183,1
0.187624,157,296,1
0.0667,542,105941,195
0.247009,62,66,1
0.155,4001,333551,83
0.16894,90,99,1
0.050332,542,15584,28
0.39188,88,95,1
0.149959,140,467,3
0.073333,914,63124,69
0.20772,487,1662,3
0.383924,78,158,2
0.388333,62,106,1
0.0685,542,84613,156
0.396346,112,274,2
0.246668,4001,357772,89
0.248333,1443,49107,34
0.076719,139,148,1
0.295,636,5894,9
0.178333,4001,271656,67
0.11988,235,415,1
0.155349,78,91,1
0.143333,4001,298818,74
0.223255,519,3928,7
0.323888,114,198,1
0.130999,396,975,2
0.19,590,6835,11
0.27897,210,439,2
0.155,4001,273143,68
0.176178,84,145,1
0.344169,404,961,2
0.232225,85,165,1
0.085,789,43969,55
0.140684,927,28913,31
0.178333,4001,248607,62
0.331079,341,876,2
0.132794,470,6404,13
0.155,4001,282946,70
0.248449,1356,40011,29
0.146587,2724,340124,124
0.33,120,1123,9
0.087644,605,15618,25
0.201667,4001,244242,61
0.115152,106,107,1
0.155,4001,289062,72
0.306166,95,99,1
0.061508,128,155,1
0.217502,4001,270875,67
0.153057,89,102,1
0.127523,321,1135,3
0.237093,92,99,1
0.109372,542,17924,33
0.350471,451,4122,9
0.143333,4001,299646,74
0.086033,542,39601,73
0.17069,81,136,1
0.05,285,16401,57
0.051419,90,95,1
0.309117,71,88,1
0.121139,763,13624,17
0.130084,542,52608,97
0.323884,126,189,1
0.248333,4001,319278,79
0.300216,88,90,1
0.266316,208,604,2
0.19,4001,274724,68
0.244316,294,485,1
0.259233,449,4623,10
0.266364,95,97,1
0.143333,4001,297858,74
0.145047,86,184,2
0.178333,4001,285045,71
0.204567,2641,73531,27
0.090868,80,85,1
0.166667,4001,263416,65
0.293305,78,152,1
0.163706,193,1534,7
0.061667,657,9067,13
0.082046,502,21559,42
0.196668,159,492,3
0.155,4001,300865,75
0.248333,1000,31987,31
0.34291,121,279,2
0.166667,4001,268261,67
0.283747,1106,111997,101
0.101575,90,113,1
0.202893,251,708,2
0.129179,497,15630,31
0.12105,497,13197,26
0.154458,92,98,1
0.061667,943,43564,46
0.248333,62,106,1
0.250206,77,92,1
0.131667,2173,174990,80
0.374249,2643,162670,61
0.393029,90,102,1
0.178333,726,12327,16
0.183455,112,163,1
0.384685,90,93,1
0.283333,325,3144,9
0.144475,102,107,1
0.19,4001,271376,67
0.246134,132,164,1
0.293514,233,981,4
0.091103,113,214,1
0.295,846,23037,27
0.336436,102,217,2
0.143333,4001,273067,68
0.236667,2541,61064,24
0.178333,4001,249851,62
0.136824,81,82,1
0.39191,72,102,1
0.091953,579,12687,21
0.051953,407,10959,26
0.12,628,55214,87
0.251361,113,184,1
0.271667,4001,260373,65
0.344744,92,101,1
0.120659,169,377,2
0.19,4001,287192,71
0.151598,449,3400,7
0.308676,94,106,1
0.213333,520,13960,26
0.143653,190,561,2
0.05238,173,192,1
0.33,169,1433,8
0.10708,194,2075,10
0.216402,592,18761,31
0.15899,442,15403,34
0.122458,230,375,1
0.14153,129,144,1
0.292047,4001,269555,67
0.150901,102,111,1
0.086941,542,34082,62
0.093466,542,33301,61
0.061667,685,49490,72
0.096836,470,12023,25
0.399003,50,55,1
0.28865,272,649,2
0.050994,595,29926,50
0.26,534,2010,3
0.323735,115,148,1
0.144486,220,286,1
0.085,116,1237,10
0.129921,542,22507,41
0.251694,1085,37219,34
0.121627,658,18588,28
0.178333,852,18659,21
0.389649,152,259,1
0.271215,4001,204689,51
0.212279,87,88,1
0.137685,97,143,1
0.063872,249,514,2
0.225,492,9464,19
0.176932,92,121,1
0.244242,380,1639,4
0.178333,4001,281743,70
0.309721,225,1315,5
0.166667,4001,270126,67
0.167401,1722,10778,6
0.061667,825,13641,16
0.16813,374,13032,34
0.060569,265,8632,32
0.374599,3318,282829,85
0.084636,664,33688,50
0.12,342,39841,116
0.381133,106,113,1
0.279426,1896,86349,45
0.096838,174,447,2
0.182991,271,632,2
0.07602,79,127,1
0.22724,121,136,1
0.225,1440,18062,12
0.069522,95,97,1
0.176736,97,100,1
0.320631,95,101,1
0.190537,177,193,1
0.236997,306,887,2
0.388333,51,131,2
0.108333,1087,65858,60
0.077052,542,18108,33
0.398357,3005,119223,39
0.168955,4001,216352,54
0.355645,309,1379,4
0.336065,88,90,1
0.162748,348,1248,3
0.341667,575,4403,7
0.313515,82,107,1
0.391274,97,150,1
0.166667,4001,301149,75
0.236667,1072,17608,16
0.311607,286,484,1
0.246094,127,300,2
0.25215,120,646,5
0.265976,180,446,2
0.3258,478,6611,13
0.248333,327,1612,4
0.361815,152,171,1
0.153152,294,834,2
0.318333,509,11206,22
0.188941,105,112,1
0.078501,307,1239,4
0.166667,4001,356254,89
0.19,1098,13087,11
0.208688,482,9080,18
0.264386,85,100,1
0.213333,1488,44008,29
0.362585,80,94,1
0.166667,4001,274666,68
0.26,2755,113331,41
0.155,4001,298414,74
0.26,2961,141403,47
0.194535,119,496,4
0.070948,542,29667,54
0.289865,1431,58920,41
0.33,64,494,7
0.342719,83,90,1
0.385679,98,101,1
0.155,281,3188,11
0.336449,90,97,1
0.33,3193,170268,53
0.248333,273,2358,8
0.129333,85,100,1
0.399241,104,105,1
0.399732,155,205,1
0.211111,103,111,1
0.178333,4001,276311,69
0.271851,100,105,1
0.256586,92,97,1
0.096667,293,3195,10
0.088415,542,27420,50
0.329801,1650,70161,42
0.155,4001,271968,67
0.111746,536,26504,49
0.31035,165,269,1
0.060404,525,11432,21
0.285744,88,259,2
0.357123,84,94,1
0.257193,88,96,1
0.05,174,5790,33
0.140561,305,5851,19
0.176404,222,357,1
0.39917,91,107,1
0.213517,309,1102,3
0.150922,109,140,1
0.23967,596,108688,182
0.319081,1176,32467,27
0.113411,111,114,1
0.376667,192,2510,13
0.119171,266,583,2
0.12472,279,2285,8
0.162936,91,95,1
0.19,685,6537,9
0.365,2127,76670,36
0.330592,100,106,1
0.05,1028,46431,45
0.250958,599,3697,6
0.090542,542,11506,21
0.248333,1289,57334,44
0.287678,130,147,1
0.362031,149,410,2
0.248333,778,29344,37
0.159146,93,99,1
0.220956,104,106,1
0.143333,971,47388,48
0.182799,180,462,2
0.287565,96,109,1
0.371793,182,937,5
0.318333,81,194,2
0.091698,107,164,1
0.271667,2857,178214,62
0.372989,138,219,1
0.08088,542,92836,171
0.162145,2251,83410,37
0.248858,3904,239368,61
0.126149,91,113,1
0.351475,189,459,2
0.372008,199,334,1
0.290654,133,182,1
0.295,185,2462,13
0.125982,85,111,1
0.266277,87,104,1
0.143333,866,11238,12
0.310478,142,159,1
0.190454,239,547,2
0.175143,104,112,1
0.29808,141,402,2
0.318333,387,3076,7
0.212015,91,100,1
0.113193,542,12815,23
0.271667,312,4445,14
0.145961,131,157,1
0.315227,212,255,1
0.155,4001,275153,68
0.248492,98,101,1
0.109402,59,78,1
0.181076,135,197,1
0.374358,351,2740,7
0.233772,118,148,1
0.227492,120,206,1
0.336511,123,156,1
0.086951,381,4269,11
0.131667,3058,247414,80
0.066555,542,22769,42
0.332696,4001,269568,67
0.131667,4001,332022,82
0.378344,93,109,1
0.310018,158,1146,7
0.201667,4001,229584,57
0.155,4001,252209,63
0.306667,1586,50552,31
0.387504,100,109,1
0.225,4001,310099,77
0.131667,1422,89076,62
0.19,4001,256868,64
0.329938,123,289,2
0.299065,202,807,3
0.213333,422,6054,14
0.367958,76,105,1
0.163694,939,26731,28
0.385864,96,108,1
0.341667,166,851,5
0.108602,80,97,1
0.284353,124,143,1
0.122552,157,200,1
0.103829,528,23215,43
0.167657,381,1163,3
0.166667,4001,258954,64
0.05,1028,55162,53
0.368165,76,105,1
0.089435,284,1040,3
0.306667,2234,115686,51
0.069968,457,21152,46
0.085,628,11844,18
0.395769,198,772,3
0.173416,73,101,1
0.143333,4001,271724,67
0.202759,258,1157,4
0.255498,102,112,1
0.26538,4001,370187,92
0.355063,105,106,1
0.143333,4001,293305,73
0.355968,57,84,1
0.143333,4001,290600,72
0.071433,123,292,2
0.111025,552,41956,76
0.353333,258,2323,9
0.125233,84,105,1
0.389587,89,100,1
0.201667,4001,281540,70
0.131667,53,94,1
0.398572,117,148,1
0.374785,99,111,1
0.23799,178,430,2
0.225,447,7536,16
0.392297,587,30987,52
0.059703,88,530,6
0.393499,306,756,2
0.236667,606,17387,28
0.28175,185,246,1
0.144201,141,161,1
0.306667,147,1918,13
0.223103,118,337,2
0.3758,168,582,3
0.38231,92,95,1
0.131667,830,77667,93
0.316678,191,500,2
0.208964,89,94,1
0.105643,846,29936,35
0.089542,542,25247,46
0.240177,1164,18522,15
0.12,430,47911,111
0.356444,86,102,1
0.069783,380,11819,31
0.166667,150,2238,14
0.271667,2097,39603,18
0.299114,86,98,1
0.295,349,1910,5
0.254192,102,111,1
0.213333,4001,264870,66
0.298036,84,89,1
0.178333,4001,303626,75
0.292258,72,95,1
0.067,581,19103,32
0.291748,207,469,2
0.12,1059,87822,82
0.106045,542,24191,44
0.298748,94,110,1
0.19521,167,336,2
0.213333,404,6019,14
0.27742,95,151,1
0.35251,83,84,1
0.24851,184,252,1
0.245121,4001,352075,87
0.201667,1249,13613,10
0.077007,332,2089,6
0.372707,240,1118,4
0.184801,160,1095,6
0.278448,141,162,1
0.061667,704,38015,53
0.381145,83,91,1
0.32557,313,676,2
0.32391,126,204,1
0.271787,73,101,1
0.059679,765,36803,48
0.084564,81,138,1
0.12874,79,140,1
0.1825,73,90,1
0.306482,89,95,1
0.214382,91,93,1
0.169001,387,2145,5
0.271667,468,8990,19
0.357094,261,1632,6
0.155,4001,296204,74
0.073333,1114,82372,73
0.280003,293,1721,5
0.360869,82,100,1
0.108333,81,1256,15
0.374976,80,103,1
0.17162,99,103,1
0.318333,60,463,7
0.088882,331,2178,6
0.336077,90,98,1
0.170347,190,320,1
0.104297,541,135157,249
0.324323,91,192,2
0.093977,541,28759,53
0.215067,4001,320866,80
0.113103,376,6089,16
0.108333,670,44347,66
0.132267,301,634,2
0.276282,2199,119837,54
0.178333,4001,280030,69
0.108333,1013,71181,70
0.14098,1628,99316,61
0.152546,1430,88946,62
0.217846,40,49,1
0.05,350,8883,25
0.218725,413,2867,6
0.33,52,87,1
0.079006,543,140180,258
0.389337,1634,68576,41
0.23528,74,98,1
0.296679,85,93,1
0.073333,153,18142,118
0.108499,378,8433,22
0.38308,139,358,2
0.155,4001,286889,71
0.12,1039,48533,46
0.223066,87,92,1
0.19,4001,321816,80
0.096667,1382,83908,60
0.106739,541,37015,68
0.19,4001,230383,57
0.106905,694,45110,65
0.282954,96,98,1
0.073333,439,37019,84
0.056543,542,138210,255
0.233183,91,97,1
0.146429,75,155,2
0.236667,614,9187,14
0.098468,89,99,1
0.225,3929,218892,55
0.272179,83,104,1
0.287584,93,99,1
0.143333,4001,284045,70
0.091789,542,20933,38
0.116507,262,2505,9
0.072359,97,135,1
0.085,879,26336,29
0.0788,268,6256,23
0.270622,976,14844,15
0.05,136,2260,16
0.297063,94,100,1
0.267458,68,95,1
0.157887,84,94,1
0.236052,191,1837,9
0.367372,1354,114391,84
0.297952,93,103,1
0.353333,91,498,5
0.386734,152,1046,6
0.368828,106,116,1
0.143333,4001,302858,75
0.243774,420,2405,5
0.100091,208,301,1
0.19,4001,282096,70
0.095471,410,1826,4
0.258431,131,195,1
0.131667,3680,233824,63
0.19,3480,78065,22
0.283333,538,7752,14
0.133134,1086,137655,126
0.066229,542,12908,23
0.188227,4001,420628,105
0.122235,89,94,1
0.357356,357,2820,7
0.268232,87,100,1
0.143333,565,4370,7
0.324201,147,160,1
0.144,96,97,1
0.271667,939,13787,14
0.289613,93,101,1
0.062821,249,1719,6
0.33,210,1797,8
0.138289,80,114,1
0.131667,628,27517,43
0.332439,133,450,3
0.183275,96,98,1
0.19,4001,256043,63
0.346594,91,164,1
0.317043,93,107,1
0.18892,4001,304777,76
0.230934,83,92,1
0.196125,84,106,1
0.211084,210,623,2
0.12,734,41391,56
0.346238,577,11404,19
0.346869,98,100,1
0.387882,785,7673,9
0.376667,66,392,5
0.368214,81,98,1
0.370024,76,109,1
0.326189,137,449,3
0.2094,54,114,2
0.205408,138,258,1
0.112505,166,205,1
0.061667,486,39184,80
0.062415,95,97,1
0.143333,4001,280131,70
0.26,64,143,2
0.131667,1087,75529,69
0.251673,157,415,2
0.379638,78,106,1
0.165936,91,171,1
0.244728,138,149,1
0.110003,160,174,1
0.373284,75,95,1
0.144115,471,11283,23
0.254893,3549,198947,56
0.213333,706,19184,27
0.05476,419,5743,13
0.224761,1682,68230,40
0.376667,198,2949,14
0.318333,1671,23168,13
0.213333,4001,287001,71
0.073333,1028,67843,65
0.092056,429,27725,64
0.202477,281,404,1
0.143333,161,2735,16
0.244272,645,11588,17
0.151848,216,257,1
0.155,4001,287718,71
0.278952,377,3026,8
0.322578,109,110,1
0.143333,4001,268144,67
0.269823,268,669,2
0.055764,132,201,1
0.051673,325,9998,30
0.213333,786,16191,20
0.131667,1971,123654,62
0.252743,513,5269,10
0.178333,4001,260631,65
0.140218,84,97,1
0.294692,114,115,1
0.073333,485,20890,43
0.213131,98,144,1
0.091302,236,354,1
0.143333,4001,278440,69
0.291454,101,149,1
0.340009,97,98,1
0.070882,80,89,1
0.073333,885,47691,53
0.308277,1377,72776,52
0.282104,105,119,1
0.306667,782,19119,24
0.260434,147,354,2
0.15078,82,89,1
0.213333,4001,307937,76
0.233726,93,95,1
0.218146,73,94,1
0.155,4001,261069,65
0.384754,183,692,3
0.335312,81,215,2
0.101426,542,38061,70
0.26,2054,84344,41
0.140305,132,151,1
0.085,715,9170,12
0.143333,4001,260196,65
0.163276,150,353,2
0.143333,4001,269877,67
0.399278,165,301,1
0.311083,77,100,1
0.13701,631,6769,10
0.11248,132,192,1
0.109597,398,2041,5
0.179124,290,2541,8
0.19,871,12173,13
0.230492,831,28856,34
0.274191,62,85,1
0.073333,118,1241,10
0.13538,576,122138,212
0.297993,1235,58866,47
0.245832,4001,378785,94
0.215707,131,152,1
0.387594,130,146,1
0.096667,141,2151,15
0.170043,51,62,1
0.286874,46,51,1
0.266196,110,113,1
0.054211,53,75,1
0.233387,106,114,1
0.195442,78,89,1
0.38901,98,103,1
0.360802,513,12506,24
0.208017,181,651,3
0.269729,288,1235,4
0.315867,71,85,1
0.131667,76,98,1
0.053903,542,7385,13
0.225,2173,130407,60
0.332491,498,8229,16
0.201667,515,8853,17
0.067498,94,102,1
0.2104,169,869,5
0.26,257,2476,9
0.159221,267,2884,10
0.329598,94,95,1
0.213333,3027,106589,35
0.166667,65,748,11
0.131667,1373,153337,111
0.320964,549,4233,7
0.076681,259,3449,13
0.365,570,5087,8
0.225,2275,61674,27
0.148513,269,461,1
0.085,346,6523,18
0.269258,500,2664,5
0.301076,203,760,3
0.385855,4001,317513,79
0.315374,101,109,1
0.225,4001,285934,71
0.312929,108,119,1
0.213333,4001,262967,65
0.061667,1028,59834,58
0.314716,109,111,1
0.286525,227,733,3
0.131667,828,56509,68
0.257293,83,95,1
0.167242,820,16976,20
0.306667,939,15222,16
0.311721,342,1357,3
0.342,208,313,1
0.12,282,1878,6
0.199848,86,157,1
0.121215,571,6823,11
0.33,209,899,4
0.283333,1271,44764,35
0.334437,330,1016,3
0.166667,4001,218791,54
0.083376,542,100744,185
0.062445,227,327,1
0.291709,4001,467326,116
0.088673,105,109,1
0.143333,4001,292639,73
0.227445,64,97,1
0.143333,2315,161627,69
0.257806,807,25405,31
0.096667,1029,76642,74
0.397288,156,558,3
0.143333,4001,337454,84
0.143333,3544,262831,74
0.353333,826,32778,39
0.315413,107,110,1
0.166667,4001,268644,67
0.308621,107,268,2
0.166667,4001,273364,68
0.250102,170,322,1
0.371401,83,105,1
0.381933,1463,60997,41
0.061667,572,15665,27
0.121803,138,285,2
0.155,4001,291505,72
0.374393,2045,98012,47
0.081704,541,27657,51
0.178333,1392,55667,39
0.143333,4001,286552,71
0.33,1078,48972,45
0.085622,96,97,1
0.295,4001,239457,59
0.295,2337,70313,30
0.386512,179,261,1
0.271667,879,25137,28
0.250091,73,109,1
0.240962,115,235,2
0.365,188,1666,8
0.09502,419,828,1
0.063671,86,91,1
0.186656,108,148,1
0.131667,87,400,4
0.279828,82,98,1
0.353333,3089,185223,59
0.295,103,820,7
0.3826,168,259,1
0.274423,120,190,1
0.337351,441,3438,7
0.131667,687,45902,66
0.237792,169,283,1
0.396904,102,103,1
0.129488,80,96,1
0.293574,84,89,1
0.079826,384,596,1
0.061667,287,19054,66
0.131667,1373,85558,62
0.166667,4001,285543,71
0.239416,110,112,1
0.336916,124,128,1
0.365,220,2574,11
0.288348,82,103,1
0.27918,89,94,1
0.236667,566,11367,20
0.19,2188,69893,31
0.185492,1428,16490,11
0.370554,103,114,1
0.149956,455,1524,3
0.306667,4001,279242,69
0.324221,199,539,2
0.213333,4001,266940,66
0.349729,220,472,2
0.113433,114,115,1
0.294782,82,91,1
0.108333,1059,14800,13
0.093336,133,198,1
0.213333,4001,287895,71
0.178333,1190,31358,26
0.143333,4001,277051,69
0.359994,94,95,1
0.248333,2831,124828,44
0.178333,4001,301234,75
0.334651,67,96,1
0.22777,117,134,1
0.301943,80,99,1
0.243284,187,359,1
0.12687,89,99,1
0.155,1016,13240,13
0.296091,55,64,1
0.05,1007,19650,19
0.086282,249,527,2
0.24593,89,102,1
0.33,60,248,4
0.351839,101,115,1
0.155,4001,303795,75
0.096667,1088,42148,38
0.070379,100,111,1
0.211742,99,116,1
0.05,705,25827,36
0.264032,273,568,2
0.171211,842,32395,38
0.332463,133,246,1
0.220615,4001,260175,65
0.050078,148,317,2
0.358656,145,291,2
0.146656,80,86,1
0.108333,935,31109,33
0.217695,66,82,1
0.376831,85,103,1
0.358707,97,219,2
0.104739,498,30890,62
0.085,337,33010,97
0.06567,547,10230,18
0.093504,542,123537,227
0.06175,541,32427,59
0.351213,3546,320883,90
0.13059,104,106,1
0.275673,4001,224291,56
0.38425,188,512,2
0.058347,42,49,1
0.283333,4001,286726,71
0.285916,104,106,1
0.208014,236,2700,11
0.138714,4001,269378,67
0.051179,111,113,1
0.252999,264,5456,20
0.387833,111,114,1
0.163445,104,113,1
0.14827,90,96,1
0.318333,453,3270,7
0.225,56,86,1
0.120732,595,16724,28
0.111584,417,2806,6
0.155,4001,235579,58
0.279611,123,151,1
0.328207,98,103,1
0.391955,104,112,1
0.085,687,44876,65
0.109585,138,547,3
0.343,157,688,4
0.166667,4001,399721,99
0.078618,127,245,1
0.24168,69,142,2
0.318333,235,3071,13
0.136581,193,1719,8
0.303317,163,237,1
0.143333,4001,363544,90
0.156448,274,2976,10
0.051357,565,111709,197
0.225237,97,105,1
0.108333,873,13036,14
0.060375,594,32593,54
0.328489,105,164,1
0.375204,3138,359272,114
0.393205,97,102,1
0.108333,340,40442,118
0.063757,86,97,1
0.225,129,1549,12
0.100151,542,32488,59
0.294938,103,110,1
0.341667,4001,266066,66
0.345305,118,161,1
0.195602,81,205,2
0.266457,1053,7317,6
0.153966,350,7894,22
0.06547,59,90,1
0.178333,4001,272925,68
0.157435,60,105,1
0.183052,130,162,1
0.328619,199,731,3
0.096667,969,69349,71
0.079081,345,18475,53
0.288947,216,521,2
0.073333,73,1070,14
0.381015,60,61,1
0.131667,2398,164118,68
0.178333,4001,289420,72
0.138817,86,104,1
0.069911,293,2692,9
0.353333,343,8335,24
0.311705,77,96,1
0.373019,114,128,1
0.088734,77,96,1
0.314971,224,3087,13
0.388333,108,719,6
0.213333,1474,34419,23
0.202754,91,108,1
0.257701,73,99,1
0.12944,270,508,1
0.308036,406,1086,2
0.181009,526,15913,30
0.061667,655,54226,82
0.294999,1049,55787,53
0.341303,304,1212,3
0.231203,94,110,1
0.353333,65,396,6
0.155,1682,65578,38
0.169507,125,199,1
0.341667,598,7398,12
0.171241,71,83,1
0.056266,482,22864,47
0.178333,4001,269358,67
0.262589,81,100,1
0.333385,94,118,1
0.274619,195,356,1
0.219422,146,519,3
0.187129,248,2665,10
0.277854,137,259,1
0.061667,192,5737,29
0.234359,995,9224,9
0.329636,59,83,1
0.108401,121,192,1
0.236667,1429,66592,46
0.272649,274,1017,3
0.166667,4001,295296,73
0.131667,1028,61333,59
0.058086,190,315,1
0.272406,98,173,1
0.33,828,29126,35
0.199485,80,86,1
0.270032,189,838,4
0.105342,81,149,1
0.33,72,94,1
0.164689,97,108,1
0.306667,3802,193623,50
0.296466,94,109,1
0.096667,829,6929,8
0.378462,71,109,1
0.229997,175,308,1
0.271667,62,706,11
0.225,2289,107433,46
0.195766,87,91,1
0.331957,61,93,1
0.08112,318,18597,58
0.232561,2711,290205,107
0.148017,542,2137,3
0.271137,327,1563,4
0.331957,340,4717,13
0.265808,177,499,2
0.26,4001,448763,112
0.331062,89,91,1
0.155,4001,277612,69
0.283333,2128,64215,30
0.19,4001,291629,72
0.33,1574,68673,43
0.128848,542,29198,53
0.178333,4001,279261,69
0.287511,122,152,1
0.387983,193,398,2
0.288934,101,156,1
0.37701,151,489,3
0.290763,75,98,1
0.3446,85,92,1
0.05,71,2439,34
0.109336,542,197354,364
0.342782,1046,24970,23
0.231537,90,108,1
0.150176,225,2849,12
0.263086,4001,211124,52
0.250292,248,1952,7
0.249846,114,161,1
0.316361,73,90,1
0.334658,84,97,1
0.353333,494,5210,10
0.37687,83,111,1
0.391002,166,861,5
0.076956,110,116,1
0.132222,86,89,1
0.120348,436,44211,101
0.287019,2081,235729,113
0.266219,112,147,1
0.167395,4001,249894,62
0.341667,1437,30938,21
0.21526,352,603,1
0.271667,4001,242997,60
0.213333,1240,39860,32
0.073953,143,312,2
0.166667,4001,245837,61
0.230606,70,89,1
0.143333,4001,278615,69
0.30364,147,240,1
0.302982,111,169,1
0.155,4001,283213,70
0.155,4001,270884,67
0.131667,1884,133224,70
0.390944,91,109,1
0.166667,4001,286382,71
0.081719,542,212370,391
0.33134,101,149,1
0.051766,148,223,1
0.12,896,5776,6
0.211923,98,103,1
0.352366,98,117,1
0.108333,741,57538,77
0.345892,236,1172,4
0.106346,495,13296,26
0.26,4001,254275,63
0.058896,542,44533,82
0.365439,96,146,1
0.262221,90,91,1
0.220528,82,116,1
0.073333,885,41860,47
0.246013,166,679,4
0.057325,483,32386,67
0.108969,292,11238,38
0.202482,102,164,1
0.386596,313,3938,12
0.122046,95,104,1
0.131667,579,37641,65
0.073333,53,87,1
0.214201,293,1487,5
0.072784,574,1944,3
0.155,4001,275748,68
0.13266,275,5541,20
0.225,4001,204275,51
0.070503,390,2949,7
0.316985,81,98,1
0.365,89,502,5
0.196424,166,607,3
0.180173,147,349,2
0.360582,81,88,1
0.12,334,4017,12
0.059809,243,508,2
0.155,4001,245676,61
0.231109,99,112,1
0.360981,172,246,1
0.05,720,15803,21
0.18544,144,189,1
0.328672,108,109,1
0.178333,150,1533,10
0.102982,542,33893,62
0.248333,4001,279334,69
0.131667,1116,64858,58
0.05474,542,196166,361
0.305938,301,1148,3
0.349975,438,38289,87
0.236667,2002,282406,141
0.332049,97,108,1
0.079688,87,95,1
0.131667,884,79953,90
0.232954,215,689,3
0.19,4001,263564,65
0.236667,1228,43594,35
0.155,4001,253466,63
0.320486,76,83,1
0.201667,4001,281449,70
0.056859,78,84,1
0.337993,183,1045,5
0.33,180,969,5
0.282237,172,449,2
0.31521,112,284,2
0.155,4001,302677,75
0.255708,87,114,1
0.26852,83,91,1
0.213333,4001,277912,69
0.210567,253,2947,11
0.223562,2501,85440,34
0.225,367,4239,11
0.380408,92,142,1
0.295,925,15434,16
0.356756,81,86,1
0.061667,170,23353,137
0.188212,184,331,1
0.256545,72,88,1
0.26,62,317,5
0.382762,123,462,3
0.333842,148,235,1
0.351366,100,150,1
0.085,313,9501,30
0.130232,87,93,1
0.16091,790,24640,31
0.222767,383,1610,4
0.280443,3507,274406,78
0.311412,82,96,1
0.306615,98,99,1
0.231458,179,340,1
0.102783,96,97,1
0.166667,4001,267115,66
0.29447,103,108,1
0.082588,203,442,2
0.143333,4001,287652,71
0.3171,143,154,1
0.144948,158,299,1
0.166667,4001,288139,72
0.131667,2257,132321,58
0.19,4001,200955,50
0.166472,145,315,2
0.12704,88,109,1
0.270183,74,97,1
0.089738,224,455,2
0.073333,885,62504,70
0.283333,63,238,3
0.218824,78,83,1
0.355755,547,6860,12
0.079005,322,3015,9
0.353333,740,17499,23
0.133338,321,1320,4
0.314972,134,926,6
0.12,122,1508,12
0.322005,226,495,2
0.204414,83,93,1
0.201667,4001,249284,62
0.283333,1587,15778,9
0.389591,67,89,1
0.155,4001,256285,64
0.253224,288,3291,11
0.317362,93,103,1
0.124828,116,184,1
0.281511,4001,361225,90
0.116888,1060,8074,7
0.224116,292,820,2
0.121337,677,13642,20
0.122741,81,93,1
0.258169,454,2566,5
0.189127,296,1696,5
0.33,266,2058,7
0.297752,99,149,1
0.05198,370,2235,6
0.166667,4001,295862,73
0.294737,103,109,1
0.133827,561,15286,27
0.166667,4001,271076,67
0.098196,84,149,1
0.219608,98,99,1
0.353333,102,781,7
0.231548,111,114,1
0.107123,143,158,1
0.150099,264,351,1
0.19208,170,208,1
0.235288,157,376,2
0.125793,197,2823,14
0.236932,131,212,1
0.211678,76,102,1
0.073333,844,72868,86
0.350787,89,106,1
0.108143,90,150,1
0.263598,70,89,1
0.295,2630,100391,38
0.283333,3651,214442,58
0.104699,155,2433,15
0.19,899,18564,20
0.2733,878,32149,36
0.20487,295,2833,9
0.241349,297,1328,4
0.129707,394,8468,21
0.107204,308,1480,4
0.388333,286,2433,8
0.257497,94,100,1
0.143333,4001,287984,71
0.280348,110,237,2
0.05677,331,10052,30
0.096667,484,32557,67
0.068838,247,554,2
0.178333,4001,281230,70
0.155899,115,140,1
0.261891,88,98,1
0.26,4001,270938,67
0.11651,227,282,1
0.155,4001,295383,73
0.28986,270,731,2
0.280347,90,150,1
0.362121,82,94,1
0.12,478,8628,18
0.295681,523,4955,9
0.249121,87,97,1
0.213333,1099,42323,38
0.138993,524,8243,15
0.19264,534,6436,12
0.091048,542,48954,90
0.071231,541,19619,36
0.35257,214,1669,7
0.051604,69,93,1
0.120029,157,743,4
0.363819,97,100,1
0.318333,592,5744,9
0.380961,156,241,1
0.085,57,99,1
0.06598,253,653,2
0.26,3583,159391,44
0.311838,99,104,1
0.271667,577,7810,13
0.260515,94,189,2
0.08411,456,2955,6
0.096667,66,666,10
0.131667,1226,36668,29
0.068294,717,20107,28
0.175308,610,23449,38
0.225,472,10347,21
0.123566,542,10340,19
0.310655,231,330,1
0.315493,82,97,1
0.265512,105,114,1
0.293498,98,106,1
0.143333,4001,268482,67
0.225776,105,115,1
0.073757,214,284,1
0.295,904,21301,23
0.379847,57,61,1
0.278152,172,300,1
0.306667,507,8823,17
0.283333,1978,36261,18
0.146991,177,253,1
0.358054,274,3064,11
0.118588,251,7342,29
0.332525,1628,66626,40
0.108333,369,34628,93
0.170367,74,92,1
0.277782,82,94,1
0.173597,172,192,1
0.262344,78,92,1
0.140294,2014,93632,46
0.155467,4001,334734,83
0.254088,92,96,1
0.052288,145,427,2
0.26,200,810,4
0.121744,542,33481,61
0.344555,96,100,1
0.230455,86,107,1
0.108333,1028,30022,29
0.348455,102,105,1
0.061667,285,12363,43
0.288108,95,167,1
0.238688,189,496,2
0.306667,191,1243,6
0.346878,99,113,1
0.155,4001,275137,68
0.178037,460,6417,13
0.260248,1021,29926,29
0.262012,81,91,1
0.05,771,21017,27
0.392972,219,526,2
0.090189,324,1466,4
0.259426,4001,397471,99
0.163694,74,77,1
0.26,3454,210570,60
0.061667,685,51134,74
0.130258,254,2861,11
0.376225,95,100,1
0.05274,158,246,1
0.095052,259,543,2
0.135178,1085,84130,77
0.365,60,555,9
0.213333,1114,14759,13
0.26,3740,128369,34
0.283333,824,26605,32
0.225726,316,806,2
0.225632,99,112,1
0.17903,104,163,1
0.102989,225,299,1
0.155,4001,329265,82
0.155,1047,16660,15
0.376667,3356,145991,43
0.178333,364,8276,22
0.363268,98,101,1
0.100796,121,179,1
0.143333,4001,312414,78
0.189074,78,86,1
0.13192,1085,24435,22
0.178333,4001,269841,67
0.153,154,254,1
0.179755,98,100,1
0.311655,99,110,1
0.26,84,214,2
0.290519,70,84,1
0.173103,98,156,1
0.271667,1221,38619,31
0.154841,823,27586,33
0.225,395,4987,12
0.207295,71,86,1
0.179514,689,4361,6
0.131667,1030,16237,15
0.156375,97,211,2
0.053318,470,12560,26
0.073333,830,58995,71
0.369302,131,209,1
0.274723,3259,202767,62
0.12,630,44521,70
0.30466,127,149,1
0.155,4001,279781,69
0.393298,185,364,1
0.218437,123,139,1
0.26,4001,271419,67
0.392855,91,138,1
0.201667,4001,261397,65
0.248333,1006,9142,9
0.19,4001,264644,66
0.391286,86,230,2
0.347568,131,136,1
0.299191,80,89,1
0.203319,4001,328771,82
0.267591,145,154,1
0.210914,123,148,1
0.232227,246,713,2
0.131667,2315,141050,60
0.050742,353,7943,22
0.213333,402,2640,6
0.078267,103,667,6
0.053396,100,208,2
0.382169,154,334,2
0.12532,93,98,1
0.120171,80,101,1
0.122156,244,499,2
0.07381,77,81,1
0.225,4001,290596,72
0.398622,123,242,1
0.307921,98,104,1
0.056879,541,37952,70
0.057527,491,21758,44
0.169313,81,99,1
0.155,543,15140,27
0.258032,300,2202,7
0.213333,4001,261002,65
0.383252,90,96,1
0.229114,136,227,1
0.277506,87,93,1
0.201667,470,4872,10
0.340818,97,105,1
0.356798,153,182,1
0.269844,341,1668,4
0.19,1298,59601,45
0.132423,255,321,1
0.381577,82,104,1
0.131667,2487,171119,68
0.157907,490,9781,19
0.096667,658,56130,85
0.131068,113,117,1
0.143333,4001,267578,66
0.346867,80,82,1
0.318278,96,103,1
0.295,290,1562,5
0.139832,94,99,1
0.232486,82,147,1
0.073333,58,905,15
0.131667,1144,75906,66
0.388776,90,105,1
0.201479,98,109,1
0.182244,83,113,1
0.143333,4001,253596,63
0.175985,193,222,1
0.218785,303,598,1
0.337323,460,6604,14
0.332786,526,19056,36
0.114597,469,16278,34
0.247386,88,136,1
0.252625,4001,275284,68
0.121145,75,95,1
0.217019,159,170,1
0.155,266,3932,14
0.05,78,196,2
0.111247,821,28524,34
0.309628,81,94,1
0.144177,2437,92725,38
0.239073,169,389,2
0.363294,86,99,1
0.234341,91,102,1
0.170814,179,929,5
0.050193,624,5714,9
0.122205,285,505,1
0.286778,143,245,1
0.310634,240,672,2
0.114943,76,93,1
0.201667,3900,237548,60
0.21204,187,2994,16
0.262906,1254,50641,40
0.391464,121,159,1
0.213333,213,2076,9
0.083002,530,11596,21
0.139083,572,1536,2
0.108333,438,26582,60
0.118796,888,32237,36
0.178333,4001,255193,63
0.178333,4001,301424,75
0.248333,1124,37712,33
0.099887,132,141,1
0.31467,87,92,1
0.269477,95,96,1
0.314277,99,215,2
0.073956,94,108,1
0.283333,659,9588,14
0.180441,148,240,1
0.155,747,14849,19
0.279835,94,146,1
0.144159,183,227,1
0.19,109,766,7
0.296947,70,88,1
0.178333,4001,285973,71
0.296588,86,107,1
0.148353,550,4276,7
0.156194,117,153,1
0.383714,98,99,1
0.19,4001,269011,67
0.166667,1227,55178,44
0.195514,365,10686,29
0.253143,82,87,1
0.379955,4001,239435,59
0.225,2009,59985,29
0.147163,92,96,1
0.389843,89,194,2
0.202129,217,386,1
0.367224,81,148,1
0.131667,525,57924,110
0.155,4001,282989,70
0.21828,133,351,2
0.293503,1502,30124,20
0.143333,4001,281887,70
0.32402,103,107,1
0.104374,359,1527,4
0.145208,84,92,1
0.388333,551,11627,21
0.166667,4001,308555,77
0.138874,304,1785,5
0.26,2884,165260,57
0.264389,123,146,1
0.087001,586,22844,38
0.155,2783,160498,57
0.100764,618,18895,30
0.358761,4001,187827,46
0.182888,70,97,1
0.205204,406,2980,7
0.238046,411,4149,10
0.05,685,18306,26
0.119242,96,101,1
0.33,118,1035,8
0.361527,137,277,2
0.380268,1175,69408,59
0.075927,388,12764,32
0.096667,828,40089,48
0.058198,104,291,2
0.233248,92,102,1
0.376667,59,392,6
0.335279,88,142,1
0.201667,4001,261779,65
0.080509,83,90,1
0.079504,463,11805,25
0.163369,840,21657,25
0.33,60,106,1
0.387817,757,120804,159
0.330458,1833,178798,97
0.331561,233,909,3
0.263078,4001,224064,56
0.318333,1479,50035,33
0.270805,75,104,1
0.108325,69,75,1
0.317271,661,23937,36
0.178333,4001,296059,73
0.166897,88,151,1
0.219268,2442,132351,54
0.061667,584,5371,9
0.259622,80,95,1
0.131667,1244,78629,63
0.122001,542,32373,59
0.254204,180,304,1
0.128683,91,96,1
0.345547,4001,257489,64
0.357236,972,10272,10
0.209886,93,105,1
0.271667,4001,275924,68
0.252897,80,102,1
0.318766,111,131,1
0.143333,4001,298820,74
0.108121,180,430,2
0.217257,683,3414,4
0.341667,64,502,7
0.313167,92,93,1
0.166667,4001,295459,73
0.347832,82,87,1
0.208339,117,149,1
0.213333,4001,244377,61
0.12,1029,57732,56
0.149279,90,96,1
0.189953,4001,214413,53
0.187571,176,411,2
0.366206,91,150,1
0.295,332,2145,6
0.395891,87,92,1
0.161887,127,159,1
0.058214,113,143,1
0.118384,136,157,1
0.201537,876,3602,4
0.166667,4001,256919,64
0.073333,1216,48069,39
0.107362,174,1019,5
0.385954,279,868,3
0.119231,322,1769,5
0.307538,542,4871,8
0.136448,185,2481,13
0.398068,98,149,1
0.073333,342,43405,126
0.093964,302,1315,4
0.086425,281,587,2
0.061667,685,19933,29
0.377873,129,152,1
0.166667,4001,279761,69
0.213333,1579,41484,26
0.201656,216,709,3
0.155,4001,257828,64
0.342162,332,4358,13
0.081857,87,190,2
0.390173,83,103,1
0.363233,4001,196815,49
0.370694,155,968,6
0.197842,454,1205,2
0.103662,83,100,1
0.05,684,43591,63
0.134418,104,113,1
0.064013,90,99,1
0.353333,231,1655,7
0.268925,238,474,1
0.071519,567,6051,10
0.201667,272,4176,15
0.376035,90,92,1
0.082081,804,45710,56
0.26,1170,12646,10
0.166667,4001,266543,66
0.26,2277,72747,31
0.353015,79,84,1
0.353333,875,30279,34
0.223313,600,3671,6
0.073333,570,42141,73
0.365,52,87,1
0.248333,2716,92070,33
0.247531,85,98,1
0.073333,887,26127,29
0.257413,58,111,1
0.326553,89,101,1
0.120935,131,141,1
0.349692,176,408,2
0.190533,80,103,1
0.178333,180,2394,13
0.099675,801,33135,41
0.055072,582,37614,64
0.05,202,5117,25
0.076634,100,275,2
0.166667,4001,258671,64
0.078228,78,129,1
0.050344,319,4330,13
0.125371,246,1374,5
0.05,973,38196,39
0.170613,82,87,1
0.213333,4001,332272,83
0.120635,62,89,1
0.061667,30,450,15
0.051929,97,157,1
0.109298,93,110,1
0.143333,4001,281780,70
0.36135,83,87,1
0.26,275,3302,12
0.391941,88,353,4
0.071996,667,20334,30
0.237345,3257,280943,86
0.081087,541,4226,7
0.061667,736,9954,13
0.208235,1628,234418,143
0.283968,199,790,3
0.114544,221,1133,5
0.178333,262,1969,7
0.132175,542,37413,69
0.102365,498,17102,34
0.341667,845,7715,9
0.236667,2934,165942,56
0.271617,753,20700,27
0.39621,83,89,1
0.068232,606,1988,3
0.236667,98,1235,12
0.140137,92,151,1
0.351603,573,12188,21
0.19,4001,324198,81
0.384242,96,106,1
0.166667,4001,283463,70
0.283333,2682,127329,47
0.225,4001,227447,56
0.078838,94,104,1
0.106307,81,141,1
0.143333,4001,296891,74
0.265396,557,12896,23
0.096023,80,101,1
0.249456,94,163,1
0.380312,276,584,2
0.275056,486,2402,4
0.178333,330,6795,20
0.253443,172,205,1
0.143333,4001,255496,63
0.106509,542,20775,38
0.210055,430,2602,6
0.178333,4001,282577,70
0.376168,145,163,1
0.158485,75,89,1
0.178333,4001,300750,75
0.250286,91,95,1
0.347726,107,117,1
0.248333,2258,37970,16
0.326865,91,95,1
0.327472,88,97,1
0.341667,2986,177856,59
0.365773,86,136,1
0.09308,484,142991,295
0.306667,78,186,2
0.133839,543,80375,148
0.286902,87,156,1
0.21671,290,899,3
0.122482,139,157,1
0.06275,389,10697,27
0.131667,716,48713,68
0.327837,76,106,1
0.178333,4001,263513,65
0.131667,1059,81270,76
0.071552,190,927,4
0.377444,88,156,1
0.26,248,1755,7
0.162422,483,4777,9
0.138181,82,93,1
0.205785,718,4005,5
0.380967,169,399,2
0.111251,227,2329,10
0.199218,133,154,1
0.218,255,1750,6
0.27284,270,807,2
0.119267,383,5442,14
0.165651,191,280,1
0.358095,298,1128,3
0.328419,3403,307260,90
0.201667,437,8258,18
0.278593,134,190,1
0.248333,4001,272486,68
0.162522,192,805,4
0.084549,115,172,1
0.308707,281,810,2
0.294032,89,94,1
0.341667,238,4928,20
0.370193,80,104,1
0.33,3524,186163,52
0.306667,711,5530,7
0.131477,141,179,1
0.19,4001,294638,73
0.131667,1265,96405,76
0.213333,4001,243451,60
0.26,1399,33751,24
0.138398,136,195,1
0.254707,79,93,1
0.135215,119,135,1
0.299686,89,147,1
0.076001,506,3356,6
0.225781,260,491,1
0.326964,2697,124355,46
0.096667,685,57934,84
0.144462,468,3148,6
0.388437,2288,100317,43
0.131667,112,1764,15
0.208618,195,855,4
0.334955,159,357,2
0.36429,1165,40076,34
0.215171,643,3714,5
0.108333,885,49536,55
0.399427,80,136,1
0.294355,127,204,1
0.120384,104,111,1
0.352818,215,565,2
0.335506,176,532,3
0.33133,126,147,1
0.120053,1108,15421,13
0.263311,4001,238608,59
0.318333,1137,18093,15
0.166667,4001,279070,69
0.158257,81,106,1
0.088646,193,203,1
0.361914,177,512,2
0.166667,4001,291650,72
0.12,1090,41215,37
0.118832,541,28992,53
0.161115,1249,44462,35
0.054305,131,149,1
0.073333,264,2670,10
0.192175,432,1302,3
0.269364,1773,175070,98
0.326074,87,102,1
0.076972,62,95,1
0.168014,194,3715,19
0.226784,1640,65371,39
0.376667,62,133,2
0.303308,150,812,5
0.258555,93,107,1
0.073333,344,19054,55
0.111945,445,1122,2
0.368899,89,153,1
0.376667,113,879,7
0.331004,85,96,1
0.105239,486,10500,21
0.103206,754,22714,30
0.166667,437,4279,9
0.123313,372,2744,7
0.177486,4001,407787,101
0.231633,162,384,2
0.259886,278,1222,4
0.090657,68,85,1
0.353333,395,3707,9
0.152931,83,91,1
0.340646,71,87,1
0.201667,486,8336,17
0.163599,96,101,1
0.348378,90,98,1
0.13789,502,5814,11
0.375654,123,266,2
0.05,629,48395,76
0.295,4001,294202,73
0.071511,391,2288,5
0.211181,124,194,1
0.143333,4001,293320,73
0.285766,240,2497,10
0.306564,256,1553,6
0.305853,91,94,1
0.214629,4001,371433,92
0.095258,79,94,1
0.12,685,49132,71
0.07869,652,30797,47
0.064581,542,3231,5
0.155,4001,270563,67
0.178333,4001,279809,69
0.210337,89,102,1
0.355855,139,244,1
0.201667,4001,227043,56
0.117587,542,71687,132
0.059015,542,19850,36
0.299971,1414,93002,65
0.347763,92,104,1
0.196431,90,94,1
0.397395,134,650,4
0.291236,75,98,1
0.178333,254,2722,10
0.389837,183,511,2
0.237394,617,6720,10
0.114071,402,5695,14
0.131667,1570,132412,84
0.303952,106,108,1
0.236667,827,45610,55
0.200901,81,94,1
0.085,80,1189,14
0.372887,95,149,1
0.072463,75,95,1
0.353333,4001,261131,65
0.26,1064,58357,54
0.24593,102,253,2
0.143333,1313,57571,43
0.369421,917,14179,15
0.081926,160,206,1
0.178333,1106,15178,13
0.294228,90,97,1
0.363859,76,279,3
0.133201,1085,264492,243
0.330393,115,194,1
0.306792,79,104,1
0.287377,4001,274929,68
0.235117,95,98,1
0.155,4001,277537,69
0.262907,201,453,2
0.051241,761,20723,27
0.19,4001,295307,73
0.236667,2130,72273,33
0.19,4001,242106,60
0.26,75,205,2
0.131667,1087,86029,79
0.355107,90,103,1
0.059694,104,108,1
0.096667,123,1363,11
0.155,4001,296653,74
0.201667,4001,282706,70
0.362607,581,16469,28
0.234323,89,148,1
0.351203,117,160,1
0.341667,794,27053,34
0.094727,581,23972,41
0.186754,56,61,1
0.19,61,733,12
0.312601,131,342,2
0.304164,116,152,1
0.115779,157,197,1
0.269858,91,112,1
0.05,773,48880,63
0.278048,81,96,1
0.36533,66,84,1
0.192118,4001,271756,67
0.206893,522,13577,26
0.258296,94,111,1
0.143333,4001,243061,60
0.232263,99,140,1
0.357661,415,2381,5
0.118435,188,212,1
0.283333,982,29259,29
0.385496,69,88,1
0.201667,4001,294084,73
0.141252,317,943,2
0.161496,396,972,2
0.287101,71,82,1
0.19233,97,107,1
0.312671,109,303,2
0.143333,139,2322,16
0.143361,248,527,2
0.354427,1459,70345,48
0.384781,312,683,2
0.085,685,27359,39
0.312623,99,106,1
0.178333,4001,278097,69
0.265864,338,2225,6
0.361955,603,13407,22
0.128547,99,105,1
0.339803,63,100,1
0.19,593,33375,56
0.054664,107,111,1
0.263308,124,205,1
0.248333,683,21172,30
0.282431,574,13707,23
0.130425,329,1116,3
0.19,150,1785,11
0.26,1793,46404,25
0.284223,90,100,1
0.166667,192,2784,14
0.367359,106,168,1
0.283386,296,1443,4
0.103119,260,1126,4
0.330565,158,297,1
0.079639,96,107,1
0.085,173,4732,27
0.398505,84,86,1
0.280532,191,358,1
0.341667,3599,196382,54
0.073333,684,40652,59
0.171156,1626,81145,49
0.132204,2261,215571,95
0.135641,304,1197,3
0.249194,88,94,1
0.342816,143,294,2
0.279745,90,214,2
0.2245,1130,43937,38
0.110672,277,1262,4
0.271667,63,457,7
0.149174,588,13407,22
0.228263,125,265,2
0.195099,271,601,2
0.105649,75,101,1
0.10324,542,22170,40
0.061817,117,206,1
0.093589,104,234,2
0.14345,4001,303384,75
0.342223,74,102,1
0.114372,109,227,2
0.361575,66,96,1
0.269694,149,403,2
0.271667,65,138,2
0.109458,652,21254,32
0.155,4001,261223,65
0.318333,1498,69597,46
0.143333,2516,172066,68
0.179592,92,113,1
0.131293,1628,123398,75
0.108333,715,53545,74
0.341667,1774,66852,37
0.280946,100,153,1
0.155,4001,277245,69
0.131667,1058,68366,64
0.067438,353,7728,21
0.178333,4001,251486,62
0.23446,251,1243,4
0.086224,690,19102,27
0.131891,89,160,1
0.0921,309,5430,17
0.392225,1781,76655,43
0.341667,96,873,9
0.270288,1116,33219,29
0.127308,442,2544,5
0.061667,258,19565,75
0.113209,52,79,1
0.201667,4001,281358,70
0.170013,165,805,4
0.383171,632,15307,24
0.352391,65,93,1
0.096667,401,43528,108
0.116192,540,117001,216
0.361117,67,84,1
0.251639,97,103,1
0.106783,71,95,1
0.305634,87,100,1
0.201667,4001,278567,69
0.204195,89,97,1
0.071213,108,146,1
0.398011,79,81,1
0.353333,544,13794,25
0.352472,133,312,2
0.273177,95,96,1
0.201667,516,13836,26
0.298379,80,91,1
0.134312,41,45,1
0.33,60,479,7
0.166667,1673,53558,32
0.100593,1038,8405,8
0.157912,62,87,1
0.340408,190,250,1
0.10986,374,3440,9
0.16233,280,472,1
0.12,772,37906,49
0.173559,171,226,1
0.066682,444,20367,45
0.33,4001,251276,62
0.12,1115,85651,76
0.166255,139,153,1
0.166427,148,204,1
0.061667,90,1406,15
0.201667,1090,39984,36
0.091362,504,1634,3
0.166667,4001,269736,67
0.144356,82,88,1
0.371943,65,103,1
0.248333,4001,260607,65
0.05,1028,51083,49
0.381322,94,104,1
0.243999,111,290,2
0.061667,828,35749,43
0.212892,139,198,1
0.220378,364,5193,14
0.220044,54,62,1
0.055027,542,33612,62
0.083686,122,135,1
0.131667,1514,202236,133
0.095114,93,104,1
0.063975,443,17584,39
0.358817,100,103,1
0.314525,139,295,2
0.201667,4001,281545,70
0.11662,487,4111,8
0.090737,432,12883,29
0.225,4001,256368,64
0.102545,473,3916,8
0.073333,285,24766,86
0.10174,185,2240,12
0.288539,83,98,1
0.143333,4001,321109,80
0.136933,899,7847,8
0.178333,4001,259626,64
0.201667,78,156,2
0.344872,200,491,2
0.191868,78,97,1
0.202573,736,8509,11
0.151866,103,161,1
0.364851,153,481,3
0.356783,106,113,1
0.283333,202,3664,18
0.362871,92,116,1
0.246731,104,157,1
0.155,4001,311245,77
0.225,1573,72574,46
0.150934,775,13126,16
0.155,4001,287918,71
0.336311,130,351,2
0.251545,70,98,1
0.085598,322,688,2
0.061667,630,19467,30
0.138253,79,91,1
0.090488,92,99,1
0.236667,276,2092,7
0.131667,2059,113833,55
0.121044,542,15263,28
0.061667,144,2618,18
0.116295,101,112,1
0.220408,74,220,2
0.143333,573,23209,40
0.352742,88,99,1
0.178333,4001,285020,71
0.171791,134,202,1
0.396666,192,572,2
0.050031,354,717,2
0.283333,1381,62898,45
0.143333,4001,286213,71
0.096667,1059,48484,45
0.321414,86,92,1
0.19,4001,236410,59
0.191605,89,103,1
0.339238,100,101,1
0.287173,83,96,1
0.171546,49,55,1
0.131667,416,2622,6
0.08539,297,14653,49
0.159667,301,3160,10
0.178333,4001,258200,64
0.268222,236,6071,25
0.323774,178,459,2
0.320496,97,214,2
0.088134,190,257,1
0.234045,103,105,1
0.219674,104,214,2
0.202624,4001,416272,104
0.328421,594,20727,34
0.351364,436,2869,6
0.233903,88,96,1
0.09656,86,92,1
0.131667,94,601,6
0.143333,1971,69365,35
0.074259,419,14686,35
0.061667,66,638,9
0.264807,232,419,1
0.170035,113,157,1
0.09944,177,297,1
0.096667,1028,55047,53
0.212936,237,1373,5
0.143333,4001,249986,62
0.138728,95,102,1
0.357756,89,94,1
0.353333,120,408,3
0.131667,1171,52292,44
0.061679,107,113,1
0.089969,542,37485,69
0.327776,290,751,2
0.096667,885,69355,78
0.193019,97,106,1
0.236502,513,5568,10
0.306667,314,1888,6
0.248333,2834,133311,47
0.225,4001,249983,62
0.158453,79,92,1
0.113545,84,85,1
0.295,828,35154,42
0.143333,2457,220982,89
0.069277,645,32944,51
0.061667,257,2847,11
0.068607,451,5690,12
0.179038,83,91,1
0.136244,193,457,2
0.165377,140,705,5
0.070803,318,12708,39
0.281388,108,242,2
0.365,212,1935,9
0.253093,102,107,1
0.155,66,142,2
0.379512,136,261,1
0.154084,139,226,1
0.370352,131,401,3
0.355344,4001,316037,78
0.08913,248,391,1
0.248526,83,86,1
0.380834,357,1303,3
0.236667,457,4991,10
0.079667,542,32406,59
0.360793,85,105,1
0.295,206,1281,6
0.159384,181,387,2
0.301317,884,30579,34
0.05,752,24688,32
0.361642,81,84,1
0.143333,4001,307790,76
0.326374,62,65,1
0.107767,136,148,1
0.174242,91,92,1
0.134728,92,139,1
0.390383,99,103,1
0.074873,140,150,1
0.323618,100,104,1
0.337257,93,115,1
0.26,1095,76553,69
0.318113,130,194,1
0.281017,122,143,1
0.131667,411,16653,40
0.311068,101,110,1
0.389508,90,96,1
0.05,375,2617,6
0.092688,1125,49560,44
0.108333,1058,61548,58
0.22372,215,450,2
0.248333,4001,255821,63
0.150441,509,7669,15
0.143333,2512,170867,68
0.31456,103,114,1
0.33,652,7143,10
0.075517,115,161,1
0.397718,434,2910,6
0.104692,541,107670,199
0.391956,182,379,2
0.384186,361,1130,3
0.393481,4001,248047,61
0.34672,72,88,1
0.282372,205,467,2
0.311017,1974,109598,55
0.315009,87,102,1
0.309084,182,374,2
0.201667,141,2280,16
0.360655,87,93,1
0.17249,89,110,1
0.376667,154,1579,10
0.180187,106,150,1
0.266978,97,158,1
0.219347,175,377,2
0.203468,102,109,1
0.247155,133,188,1
0.240518,1883,72332,38
0.231371,202,431,2
0.36575,75,102,1
0.130643,338,10831,32
0.225,3601,213316,59
0.061667,686,27726,40
0.114155,351,8357,23
0.216064,98,108,1
0.166667,4001,307463,76
0.145364,518,49524,95
0.27675,186,253,1
0.291624,438,6223,14
0.199006,4001,247287,61
0.285745,129,145,1
0.166667,4001,324965,81
0.2023,700,15844,22
0.115931,82,87,1
0.05,12,90,7
0.281002,117,161,1
0.139198,181,344,1
0.287617,71,94,1
0.085,355,23590,66
0.237172,530,1729,3
0.202096,123,315,2
0.142403,4001,449030,112
0.166667,65,93,1
0.106518,497,7512,15
0.201667,4001,278186,69
0.283825,226,1929,8
0.130116,318,2670,8
0.248518,133,141,1
0.26,485,7254,14
0.056294,453,4702,10
0.089089,304,2574,8
0.201667,4001,284704,71
0.096667,1030,58034,56
0.131667,2116,172635,81
0.242678,98,332,3
0.387354,89,111,1
0.357844,801,17911,22
0.280205,123,145,1
0.225,4001,260449,65
0.108333,1093,59390,54
0.075915,814,34910,42
0.167037,95,480,5
0.061667,350,2726,7
0.223659,1959,135186,69
0.172585,4001,415739,103
0.075144,122,136,1
0.201667,4001,297767,74
0.089963,337,4015,11
0.284797,148,220,1
0.178333,4001,234623,58
0.221775,79,96,1
0.351553,1293,49922,38
0.306601,542,4247,7
0.178333,263,4977,18
0.053274,567,25220,44
0.159625,103,104,1
0.271667,58,307,5
0.134259,100,148,1
0.363602,125,153,1
0.314847,93,193,2
0.137647,771,14456,18
0.284009,105,109,1
0.183485,555,15039,27
0.27388,89,91,1
0.299788,73,225,3
0.247251,3772,302710,80
0.073333,154,3478,22
0.108333,1351,88227,65
0.185783,508,79991,157
0.33887,1085,62398,57
0.132506,561,4516,8
0.061667,293,1634,5
0.271667,1843,20762,11
0.062965,82,99,1
0.19,149,2335,15
0.377818,103,151,1
0.353105,97,158,1
0.166667,4001,289284,72
0.052218,90,106,1
0.201667,4001,273278,68
0.134649,106,108,1
0.200629,90,259,2
0.134282,78,95,1
0.365,3426,194484,56
0.073333,428,31611,73
0.132957,527,2392,4
0.143333,4001,269248,67
0.271667,2966,105795,35
0.248333,4001,218611,54
0.206969,91,96,1
0.384428,80,101,1
0.264991,102,216,2
0.153636,233,3633,15
0.246548,919,6391,6
0.376667,88,665,7
0.251668,423,61426,145
0.130165,453,14402,31
0.075705,364,18701,51
0.398137,4001,230749,57
0.12512,178,770,4
0.202643,235,361,1
0.218045,102,191,1
0.317071,71,100,1
0.306667,2091,82920,39
0.246102,92,98,1
0.061667,93,1822,19
0.351236,110,159,1
0.136895,109,111,1
0.225,4001,342163,85
0.248333,50,90,1
0.09366,540,11228,20
0.255607,227,415,1
0.193695,4001,287136,71
0.353333,1102,46627,42
0.092845,557,13884,24
0.07625,567,22774,40
0.058116,128,161,1
0.107211,113,146,1
0.155,4001,313968,78
0.389298,541,1650,3
0.107926,134,154,1
0.387353,83,141,1
0.281368,124,177,1
0.213333,4001,271284,67
0.309803,108,295,2
0.068217,440,9099,20
0.096667,284,26747,94
0.296627,110,135,1
0.191491,127,137,1
0.12932,98,146,1
0.19,4001,284056,70
0.24948,78,102,1
0.143333,770,23296,30
0.295,2841,63381,22
0.236667,4001,200019,49
0.389168,413,2315,5
0.344474,590,5032,8
0.12,281,1077,3
0.319522,93,106,1
0.201667,4001,280529,70
0.178802,102,103,1
0.180671,110,173,1
0.111855,229,4164,18
0.178019,93,99,1
0.179676,4001,281799,70
0.085472,417,12147,29
0.067543,236,1609,6
0.221285,154,628,4
0.365,386,8145,21
0.3586,71,102,1
0.293816,94,95,1
0.155,4001,360693,90
0.26,1178,34823,29
0.131063,92,155,1
0.155,4001,246705,61
0.248333,1747,69748,39
0.155372,191,265,1
0.143333,4001,221053,55
0.213892,122,542,4
0.274996,92,93,1
0.166667,4001,381148,95
0.082465,93,104,1
0.192673,870,26767,30
0.102592,434,2190,5
0.108333,554,48117,86
0.099685,522,20900,40
0.376667,3278,155093,47
0.33,294,2156,7
0.219824,70,83,1
0.196662,204,761,3
0.145257,264,331,1
0.108149,321,411,1
0.050139,225,9652,42
0.336624,294,860,2
0.166667,4001,273275,68
0.082869,84,91,1
0.150029,62,98,1
0.236667,4001,248010,61
0.066528,1086,76126,70
0.306799,910,12616,13
0.295,60,360,6
0.136375,423,860,2
0.155,4001,284737,71
0.189579,365,6833,18
0.268789,43,48,1
0.292351,103,163,1
0.217914,143,170,1
0.369499,274,859,3
0.201667,4001,274986,68
0.059548,187,357,1
0.387211,90,151,1
0.353333,57,95,1
0.318333,2514,82617,32
0.32222,97,224,2
0.202459,115,118,1
0.138083,169,359,2
0.178333,4001,284247,71
0.395655,100,108,1
0.317687,78,98,1
0.073333,638,9153,14
0.123055,99,119,1
0.381908,392,1683,4
0.061667,830,16425,19
0.311893,1005,39628,39
0.062537,472,993,2
0.236667,60,548,9
0.132515,90,96,1
0.358738,171,405,2
0.201667,4001,265075,66
0.166667,2277,118327,51
0.053362,146,194,1
0.228022,216,467,2
0.063127,923,6052,6
0.343965,131,153,1
0.098406,542,152495,281
0.260001,4001,341079,85
0.213333,1165,20263,17
0.093136,59,112,1
0.143333,4001,250176,62
0.129819,103,113,1
0.141128,396,879,2
0.2749,136,158,1
0.096667,1029,64599,62
0.103224,542,30864,56
0.363281,141,204,1
0.062617,85,111,1
0.144231,4001,279572,69
0.34824,550,15093,27
0.157389,92,100,1
0.166667,4001,298889,74
0.292908,41,47,1
0.352671,100,154,1
0.295,255,1390,5
0.365996,95,105,1
0.385289,105,107,1
0.378771,205,748,3
0.096667,935,26727,28
0.143333,2564,159325,62
0.199148,70,74,1
0.325289,84,91,1
0.204414,159,200,1
0.293787,133,144,1
0.05,535,41397,77
0.131667,1621,86229,53
0.37841,1198,32939,27
0.166667,4001,243655,60
0.347871,105,192,1
0.257797,2003,63533,31
0.30234,527,50904,96
0.308973,122,209,1
0.213333,4001,333142,83
0.131667,1564,102849,65
0.133965,192,540,2
0.396343,182,479,2
0.265196,93,149,1
0.172986,567,1695,2
0.222458,367,2202,6
0.201667,4001,265538,66
0.121387,149,320,2
0.182997,78,104,1
0.324817,159,202,1
0.248333,277,2279,8
0.077928,694,20513,29
0.13449,355,1535,4
0.201667,4001,262893,65
0.096144,535,35209,65
0.110399,113,468,4
0.06684,493,18336,37
0.096667,564,60296,106
0.206346,35,52,1
0.068552,493,5437,11
0.095351,542,1819,3
0.366668,214,921,4
0.087994,88,98,1
0.33,3632,185252,51
0.353333,840,29073,34
0.079719,81,89,1
0.213333,62,707,11
0.325635,97,251,2
0.341667,112,588,5
0.055792,254,5512,21
0.199594,183,410,2
0.155,511,21324,41
0.341667,2495,150919,60
0.268245,111,145,1
0.317494,208,603,2
0.350931,144,198,1
0.306667,3315,186882,56
0.150737,4001,295726,73
0.051063,391,1283,3
0.32781,146,517,3
0.068775,93,98,1
0.225,909,27188,29
0.202196,123,474,3
0.155,4001,295776,73
0.088388,178,324,1
0.3381,81,102,1
0.096315,320,3830,11
0.26,1124,44469,39
0.084349,299,6991,23
0.205668,96,104,1
0.341667,408,8178,20
0.06191,684,23116,33
0.128679,467,8552,18
0.085,428,49251,115
0.145502,154,202,1
0.237229,90,101,1
0.280635,3401,194443,57
0.278666,104,256,2
0.32006,970,18355,18
0.155,4001,302168,75
0.210677,95,97,1
0.295,4001,286281,71
0.356737,89,191,2
0.181681,94,106,1
0.271667,1257,20204,16
0.153237,457,5150,11
0.357332,97,216,2
0.318333,449,5883,13
0.223464,828,5292,6
0.178333,4001,273778,68
0.067129,133,142,1
0.166667,4001,298401,74
0.141779,81,95,1
0.19,4001,257629,64
0.280163,97,154,1
0.220273,224,289,1
0.264791,361,871,2
0.061667,257,3371,13
0.138507,592,2661,4
0.223749,349,1628,4
0.071936,112,207,1
0.231337,101,103,1
0.350568,120,200,1
0.294801,4001,269028,67
0.08531,91,100,1
0.166667,4001,284610,71
0.258377,338,6893,20
0.154517,220,506,2
0.107261,410,17714,43
0.155,414,4102,9
0.178333,1570,22756,14
0.143333,4001,261928,65
0.21833,90,100,1
0.277682,393,6873,17
0.109341,54,71,1
0.085,627,19210,30
0.19,1713,80760,47
0.159361,155,219,1
0.155,4001,277131,69
0.176406,133,268,2
0.222944,150,163,1
0.084945,233,575,2
0.25096,4001,236422,59
0.357397,146,161,1
0.130758,78,95,1
0.355376,79,83,1
0.225,411,3124,7
0.301313,141,165,1
0.155,4001,221530,55
0.155431,80,92,1
0.336263,280,640,2
0.353333,190,1494,7
0.194707,705,24846,35
0.192669,103,105,1
0.341667,104,856,8
0.213333,1309,19679,15
0.33,53,97,1
0.231949,119,204,1
0.318048,87,102,1
0.206315,4001,378828,94
0.312767,121,207,1
0.143333,4001,286351,71
0.295247,102,159,1
0.213333,3401,210671,61
0.073333,486,38908,80
0.058997,1085,16546,15
0.148439,95,109,1
0.242747,559,10368,18
0.316741,113,114,1
0.25615,88,95,1
0.143333,540,7405,13
0.220256,512,2799,5
0.332285,82,96,1
0.166667,4001,298359,74
0.085,1028,53963,52
0.268086,1090,34540,31
0.071519,256,18287,71
0.200551,4001,271369,67
0.209006,116,325,2
0.176102,1356,23497,17
0.174858,87,114,1
0.398344,4001,333176,83
0.069967,542,1647,3
0.235979,98,195,1
0.097747,542,6703,12
0.07896,67,90,1
0.117907,76,151,1
0.061667,1028,45641,44
0.077879,94,103,1
0.178333,4001,335808,83
0.29666,286,1541,5
0.354468,1720,189911,110
0.131363,83,92,1
0.095625,572,28775,50
0.316352,474,4798,10
0.135969,122,208,1
0.19,4001,299557,74
0.288048,92,105,1
0.08034,195,585,3
0.17074,749,7283,9
0.306667,612,10614,17
0.385669,179,577,3
0.19232,93,94,1
0.381633,320,2888,9
0.287403,195,458,2
0.224052,412,2198,5
0.201346,829,4976,6
0.326264,102,108,1
0.166667,4001,299358,74
0.354918,904,11562,12
0.133418,516,17374,33
0.283333,164,1312,8
0.131667,1314,79733,60
0.155,4001,257737,64
0.339698,102,164,1
0.262614,114,181,1
0.213333,4001,282223,70
0.201667,2350,117193,49
0.143333,4001,282586,70
0.230814,220,520,2
0.290402,78,111,1
0.260854,1698,62349,36
0.248334,397,2371,5
0.376667,1006,16717,16
0.166667,4001,262410,65
0.385649,345,8029,23
0.293353,401,9437,23
0.137974,95,114,1
0.05,484,57742,119
0.312126,66,94,1
0.158266,180,205,1
0.155,4001,285079,71
0.124448,97,99,1
0.118819,221,559,2
0.276941,341,1777,5
0.346874,85,92,1
0.158461,107,112,1
0.143333,4001,300951,75
0.216615,121,190,1
0.306323,139,152,1
0.341667,55,101,1
0.131667,1087,79223,72
0.360955,1742,118225,67
0.208626,4001,274283,68
0.348203,189,590,3
0.211837,1170,38064,32
0.359273,164,642,3
0.295,227,2275,10
0.173484,87,101,1
0.19,4001,292912,73
0.201667,1028,42310,41
0.332604,98,102,1
0.155,4001,290430,72
0.271667,1118,14655,13
0.241744,116,144,1
0.06215,247,2175,8
0.271667,1171,11916,10
0.085084,173,220,1
0.143333,4001,289861,72
0.340217,90,157,1
0.167896,98,100,1
0.301528,786,51080,64
0.174806,249,1353,5
0.240253,99,104,1
0.19,280,2822,10
0.313287,94,144,1
0.224234,88,98,1
0.271667,4001,260570,65
0.279025,85,100,1
0.178333,4001,279675,69
0.120774,104,106,1
0.155,4001,299275,74
0.233463,493,7989,16
0.265343,94,312,3
0.19838,163,487,2
0.232033,78,92,1
0.30285,229,556,2
0.368235,152,296,1
0.388333,63,526,8
0.298781,199,946,4
0.186318,1061,7367,6
0.155,4001,275299,68
0.306667,1731,254938,147
0.371744,69,93,1
0.306667,275,1633,5
0.079858,104,110,1
0.344584,159,169,1
0.061667,509,19749,38
0.20135,155,186,1
0.286515,87,104,1
0.155,61,321,5
0.336888,59,80,1
0.225,4001,300948,75
0.271667,1463,45237,30
0.278449,84,99,1
0.178333,4001,268946,67
0.33,1370,44744,32
0.341667,2577,110292,42
0.074879,233,2505,10
0.108333,972,58856,60
0.112221,180,243,1
0.20029,166,385,2
0.165058,107,249,2
0.059395,628,15600,24
0.186648,4001,268774,67
0.303744,89,150,1
0.382663,84,97,1
0.052164,445,1815,4
0.309609,98,154,1
0.230815,165,246,1
0.244529,89,114,1
0.208143,142,601,4
0.07655,159,207,1
0.123034,450,12310,27
0.155,221,4304,19
0.076356,197,510,2
0.255037,170,307,1
0.19,4001,306732,76
0.12,1228,38986,31
0.143333,2314,118040,51
0.347158,3034,152571,50
0.058297,694,15569,22
0.271667,1092,18491,16
0.397298,78,90,1
0.213333,4001,290214,72
0.131667,1015,19986,19
0.136131,74,103,1
0.089226,448,1888,4
0.166667,403,6329,15
0.295,90,299,3
0.196489,113,137,1
0.283333,2716,135223,49
0.098965,542,12489,23
0.108333,887,64085,72
0.053846,467,23889,51
0.114222,541,13124,24
0.376667,67,517,7
0.114276,90,97,1
0.29206,599,9440,15
0.14317,88,90,1
0.166667,458,14877,32
0.160679,85,93,1
0.325792,95,103,1
0.143333,4001,292830,73
0.380034,1412,149141,105
0.358843,93,105,1
0.096667,630,58093,92
0.192163,430,1586,3
0.143333,4001,282272,70
0.341667,1112,29692,26
0.101445,499,9313,18
0.148353,104,108,1
0.340242,88,98,1
0.194587,851,65718,77
0.399808,1011,48308,47
0.230066,1545,60238,38
0.05,212,7764,36
0.075782,95,268,2
0.130614,445,2177,4
0.283333,65,588,9
0.284394,105,110,1
0.287022,76,98,1
0.084152,471,3537,7
0.12,1029,63695,61
0.330446,86,193,2
0.377414,1138,61302,53
0.076009,439,11273,25
0.248333,568,8536,15
0.166667,4001,287898,71
0.289332,87,94,1
0.089647,185,593,3
0.259711,382,3449,9
0.37364,340,3507,10
0.30693,141,239,1
0.085,1119,106701,95
0.202233,418,4000,9
0.323733,101,105,1
0.260997,95,154,1
0.307239,75,112,1
0.21337,61,88,1
0.061667,598,31711,53
0.073605,135,186,1
0.331192,69,92,1
0.19,374,4953,13
0.062612,542,33326,61
0.37421,47,58,1
0.151708,383,791,2
0.05,342,5705,16
0.063912,542,26693,49
0.241173,261,1820,6
0.166667,4001,280590,70
0.19,1657,40915,24
0.074006,526,50090,95
0.166667,4001,338130,84
0.131667,1028,60420,58
0.166667,4001,258472,64
0.387266,150,205,1
0.167769,98,110,1
0.225,4001,254787,63
0.213333,4001,240112,60
0.339616,701,19656,28
0.075607,542,29280,54
0.061667,771,41215,53
0.068287,1403,41944,29
0.252526,404,1593,3
0.219814,3389,202662,59
0.33,1282,17293,13
0.267261,209,249,1
0.189473,1001,15882,15
0.322792,66,133,2
0.205595,121,283,2
0.143333,4001,278466,69
0.073333,1048,29435,28
0.350669,80,87,1
0.143333,4001,300482,75
0.16612,226,568,2
0.092518,513,16362,31
0.136579,924,7837,8
0.271667,700,6537,9
0.056138,542,31587,58
0.380634,94,109,1
0.143333,4001,262534,65
0.201242,96,102,1
0.271667,4001,247813,61
0.072559,212,1163,5
0.266116,192,346,1
0.386392,1870,102230,54
0.225,432,3962,9
0.07746,542,19605,36
0.271667,77,202,2
0.371549,632,12442,19
0.143333,4001,287458,71
0.062851,290,509,1
0.386825,375,1208,3
0.19,571,13805,24
0.258722,2171,76441,35
0.101134,543,22050,40
0.225,1535,36409,23
0.143333,4001,274228,68
0.294848,91,150,1
0.201222,94,102,1
0.165176,97,98,1
0.12,630,51083,81
0.254726,103,156,1
0.093451,714,40404,56
0.05,430,28455,66
0.289811,762,36050,47
0.398785,490,5577,11
0.074971,41,54,1
0.380204,307,1997,6
0.108333,631,42197,66
0.163127,392,1412,3
0.077317,986,32881,33
0.059664,327,1366,4
0.225,962,19330,20
0.294209,78,109,1
0.242262,513,2743,5
0.248333,103,612,5
0.168322,89,102,1
0.297107,111,112,1
0.116471,166,201,1
0.294201,84,207,2
0.058453,120,147,1
0.235651,2106,166431,79
0.10043,82,94,1
0.140039,92,99,1
0.240614,158,566,3
0.359042,81,133,1
0.155,4001,265372,66
0.248333,2340,149080,63
0.397566,111,118,1
0.216903,97,98,1
0.218285,526,4680,8
0.057674,94,154,1
0.12,854,56982,66
0.232443,80,95,1
0.131667,654,53915,82
0.147586,598,11133,18
0.297381,380,6420,16
0.295,203,3086,15
0.251283,50,82,1
0.325462,98,199,2
0.155,4001,268898,67
0.147823,82,90,1
0.366081,94,101,1
0.061667,54,1757,32
0.244627,79,84,1
0.373095,98,108,1
0.167678,82,105,1
0.252799,134,149,1
0.295686,336,1968,5
0.154886,860,24817,28
0.351814,78,92,1
0.143197,150,316,2
0.166667,4001,309885,77
0.096667,1083,84421,77
0.12274,294,1550,5
0.304197,1420,96870,68
0.213333,1441,68198,47
0.281222,96,97,1
0.166667,4001,213161,53
0.247144,87,105,1
0.334674,351,2494,7
0.21992,4001,267097,66
0.33348,101,148,1
0.085,685,44486,64
0.222221,85,94,1
0.213333,4001,263404,65
0.293467,60,62,1
0.309763,89,149,1
0.061667,285,30023,105
0.166667,4001,251627,62
0.131667,1714,130500,76
0.295,4001,272635,68
0.192604,87,97,1
0.12,124,1137,9
0.283333,1280,35736,27
0.318333,4001,262389,65
0.236144,352,4022,11
0.161599,1233,38984,31
0.26186,4001,244678,61
0.215413,249,665,2
0.272647,78,106,1
0.076444,158,587,3
0.073333,874,66866,76
0.125917,93,101,1
0.070882,269,1286,4
0.208213,570,17402,30
0.061348,511,78009,152
0.11787,301,493,1
0.143333,4001,315636,78
0.19,4001,282404,70
0.134824,542,22910,42
0.377406,136,340,2
0.36429,154,771,5
0.103868,109,116,1
0.079609,491,15068,30
0.175952,4001,294298,73
0.095824,108,111,1
0.131875,59,83,1
0.360769,96,97,1
0.183539,86,91,1
0.166667,2550,133080,52
0.236545,96,109,1
0.085,986,57258,58
0.313593,68,95,1
0.291767,85,110,1
0.271667,97,764,7
0.16053,257,312,1
0.054058,288,549,1
0.283333,58,355,6
0.103347,67,76,1
0.299421,87,96,1
0.166667,730,16623,22
0.350735,90,99,1
0.242866,113,260,2
0.178333,4001,271681,67
0.056297,1085,92263,85
0.330163,169,1351,7
0.213333,182,2588,14
0.223896,93,109,1
0.311843,542,3027,5
0.244948,86,93,1
0.108333,970,43885,45
0.283333,2599,149519,57
0.102431,105,113,1
0.096667,919,53219,57
0.313589,92,97,1
0.245085,101,162,1
0.089529,87,150,1
0.108333,1428,110119,77
0.094767,124,149,1
0.06429,129,1069,8
0.335769,4001,298025,74
0.213333,1052,6019,5
0.299008,208,437,2
0.083861,73,101,1
0.26,4001,268412,67
0.096667,1027,32662,31
0.067323,81,144,1
0.143333,4001,240350,60
0.230807,101,205,2
0.298789,73,91,1
0.399079,79,111,1
0.225,1456,47282,32
0.107681,85,105,1
0.096667,320,3264,10
0.283591,1004,6350,6
0.178333,4001,298622,74
0.397092,96,101,1
0.248333,2407,323257,134
0.155,4001,468036,116
0.096667,1113,75272,67
0.216778,1138,53293,46
0.198171,86,102,1
0.388059,4001,177580,44
0.262254,95,98,1
0.19392,268,415,1
0.166667,4001,304611,76
0.095719,542,139802,257
0.256589,91,97,1
0.143333,4001,385670,96
0.275014,92,147,1
0.301091,1604,168963,105
0.067123,82,104,1
0.216814,180,258,1
0.105542,49,63,1
0.317149,1054,50028,47
0.072296,541,82929,153
0.319978,108,164,1
0.213333,126,904,7
0.132929,110,319,2
0.188343,121,305,2
0.076538,374,509,1
0.201667,465,5993,12
0.312202,441,2498,5
0.175421,111,200,1
0.23407,196,724,3
0.154873,133,619,4
0.181032,148,232,1
0.096042,79,139,1
0.350357,1900,108368,57
0.065476,198,3754,18
0.19,297,3058,10
0.248333,4001,256538,64
0.061667,1037,71628,69
0.085113,520,5310,10
0.321539,104,243,2
0.3376,4001,354505,88
0.379861,211,2487,11
0.181158,860,15615,18
0.257631,189,351,1
0.263381,160,405,2
0.077663,212,550,2
0.357382,86,95,1
0.230251,79,100,1
0.12,1028,107718,104
0.131667,2114,262079,123
0.096204,285,1237,4
0.287066,4001,331526,82
0.307812,98,153,1
0.119026,162,556,3
0.327938,86,92,1
0.196179,97,101,1
0.370413,164,898,5
0.363789,81,98,1
0.073246,541,20011,36
0.102598,542,40270,74
0.271667,4001,231198,57
0.119989,171,1414,8
0.256404,99,326,3
0.166667,4001,279704,69
0.236667,1163,5095,4
0.306667,92,362,3
0.063357,95,341,3
0.219146,97,101,1
0.073333,887,52021,58
0.357244,96,102,1
0.317867,161,186,1
0.356237,83,111,1
0.18083,279,1317,4
0.216794,130,135,1
0.360619,4001,253707,63
0.332418,204,2762,13
0.212034,69,95,1
0.166667,4001,302938,75
0.366193,94,99,1
0.120086,81,87,1
0.166667,902,32185,35
0.219252,80,173,2
0.19,4001,262574,65
0.295,1147,57133,49
0.351408,85,99,1
0.341667,129,507,3
0.096203,119,135,1
0.290954,539,6477,12
0.201667,329,5648,17
0.148478,410,64135,156
0.077232,109,428,3
0.274211,4001,381800,95
0.20173,424,3170,7
0.377145,199,715,3
0.256519,173,206,1
0.073333,59,586,9
0.11926,283,2823,9
0.166667,4001,295442,73
0.388333,1249,57189,45
0.226358,181,549,3
0.24186,87,156,1
0.155,644,10678,16
0.37689,96,100,1
0.05,306,34800,113
0.206087,87,89,1
0.313281,247,323,1
0.236667,4001,261453,65
0.19,1239,35706,28
0.335836,92,109,1
0.135749,436,7818,17
0.215838,70,96,1
0.269907,146,442,3
0.377315,81,91,1
0.088734,90,108,1
0.07155,541,9076,16
0.155,4001,436984,109
0.096667,1135,77439,68
0.183337,141,155,1
0.39266,82,137,1
0.295,343,4412,12
0.214477,141,199,1
0.35535,83,98,1
0.390675,766,32459,42
0.108333,1092,71878,65
0.133786,90,105,1
0.248333,4001,203122,50
0.326654,751,10300,13
0.370357,129,151,1
0.346143,85,98,1
0.174252,563,5786,10
0.236667,344,3664,10
0.324443,1084,30068,27
0.242754,78,153,1
0.061667,358,1591,4
0.201667,2146,26370,12
0.155,4001,274700,68
0.074007,487,11017,22
0.257295,115,149,1
0.201667,4001,271731,67
0.051529,513,27527,53
0.352796,178,327,1
0.254629,83,86,1
0.118127,320,975,3
0.295,578,4827,8
0.303628,90,91,1
0.21835,88,92,1
0.096667,378,16793,44
0.056912,542,25451,46
0.365,59,138,2
0.078701,413,1056,2
0.310724,74,104,1
0.361043,89,98,1
0.061667,887,62299,70
0.395196,92,94,1
0.285006,103,107,1
0.178333,245,1479,6
0.364928,78,85,1
0.243079,421,2108,5
0.13217,117,247,2
0.26,459,5535,12
0.249312,162,435,2
0.063246,119,142,1
0.283333,4001,290138,72
0.131667,1229,22459,18
0.102552,134,236,1
0.265204,84,99,1
0.073333,1029,86031,83
0.255467,884,10376,11
0.19765,186,376,2
0.295,199,2560,12
0.251193,43,73,1
0.329851,98,157,1
0.26,4001,263719,65
0.050087,199,354,1
0.081561,436,5190,11
0.178333,913,3522,3
0.11727,542,45814,84
0.183373,101,125,1
0.283333,147,1776,12
0.253371,88,108,1
0.129444,103,109,1
0.272174,153,199,1
0.178333,4001,292996,73
0.079502,97,109,1
0.312674,93,98,1
0.225,4001,264104,66
0.283333,1103,25455,23
0.283499,330,798,2
0.140689,208,275,1
0.275039,86,113,1
0.208222,160,445,2
0.3523,1888,106666,56
0.236134,4001,273433,68
0.056287,115,200,1
0.116413,177,355,2
0.295,4001,252248,63
0.388333,1073,24726,23
0.178333,4001,247623,61
0.073333,1039,51733,49
0.104747,542,122098,225
0.107297,542,71454,131
0.058267,75,83,1
0.161997,93,96,1
0.144378,223,339,1
0.076872,75,82,1
0.178333,4001,273542,68
0.225,2082,51356,24
0.05135,581,21309,36
0.388333,458,4833,10
0.248333,2108,51689,24
0.124426,83,94,1
0.201667,285,9765,34
0.169035,83,92,1
0.302453,114,116,1
0.166667,4001,291558,72
0.192377,213,992,4
0.303593,255,367,1
0.077441,378,1938,5
0.211949,83,148,1
0.159047,188,438,2
0.296193,109,254,2
0.271667,62,564,9
0.07595,212,339,1
0.131667,2399,162274,67
0.150628,166,205,1
0.129166,81,84,1
0.385506,159,579,3
0.117373,97,101,1
0.353598,316,1028,3
0.348329,168,188,1
0.300917,77,90,1
0.25533,73,101,1
0.092908,119,154,1
0.318333,488,4286,8
0.190301,1046,114579,109
0.280565,562,2547,4
0.176716,918,7142,7
0.151965,372,1169,3
0.143333,4001,287079,71
0.061667,59,110,1
0.068796,541,14506,26
0.095123,110,155,1
0.242264,83,144,1
0.096667,344,14309,41
0.080122,107,207,1
0.185552,101,109,1
0.371943,92,112,1
0.178333,4001,291806,72
0.060612,542,122375,225
0.326888,61,66,1
0.382459,2581,182001,70
0.272287,362,3117,8
0.259938,94,115,1
0.246585,4001,241801,60
0.275936,98,100,1
0.066209,73,80,1
0.136865,256,541,2
0.318333,4001,275966,68
0.201667,2957,172417,58
0.19,4001,236723,59
0.378146,71,82,1
0.306667,4001,298428,74
0.272707,120,384,3
0.208975,407,1157,2
0.178333,4001,254921,63
0.097648,150,184,1
0.050583,384,6709,17
0.317742,182,482,2
0.131667,882,36115,40
0.150416,174,439,2
0.137912,136,345,2
0.306667,262,2780,10
0.376048,99,344,3
0.323414,170,238,1
0.388333,311,4288,13
0.298528,108,154,1
0.094028,87,110,1
0.154514,79,85,1
0.22168,93,107,1
0.201667,945,27014,28
0.070111,542,44470,82
0.225,4001,257629,64
0.377544,114,226,1
0.056,68,99,1
0.150769,93,95,1
0.108333,1053,64617,61
0.108982,121,136,1
0.377473,126,146,1
0.088268,480,5297,11
0.085,886,62000,69
0.200413,102,171,1
0.388333,804,15785,19
0.19,4001,295648,73
0.101917,176,756,4
0.223824,79,99,1
0.131703,659,24481,37
0.236667,280,4500,16
0.058931,497,51081,102
0.052217,216,953,4
0.308654,4001,279322,69
0.248333,1048,20664,19
0.239052,863,6279,7
0.155,4001,249826,62
0.055295,98,104,1
0.201667,4001,232426,58
0.131667,1571,60167,38
0.143333,4001,240363,60
0.19,1378,72339,52
0.155,4001,285651,71
0.131751,109,112,1
0.112914,542,2869,5
0.073333,971,68550,70
0.131667,2057,137496,66
0.168614,72,78,1
0.115677,557,10217,18
0.061667,275,8530,31
0.12167,162,195,1
0.318333,58,101,1
0.173007,356,979,2
0.194938,161,206,1
0.144702,76,121,1
0.061667,344,10727,31
0.221861,82,109,1
0.218321,102,134,1
0.143333,4001,299995,74
0.359041,152,269,1
0.080244,717,20535,28
0.204295,102,268,2
0.177021,4001,434832,108
0.148723,315,5213,16
0.082089,821,27975,34
0.210425,248,405,1
0.33,623,5638,9
0.176371,145,260,1
0.36578,144,535,3
0.079309,87,102,1
0.121289,542,16693,30
0.108333,828,36945,44
0.32353,60,107,1
0.119821,542,13451,24
0.388333,287,2178,7
0.390549,129,340,2
0.324626,1837,78228,42
0.178333,4001,271428,67
0.138249,456,2049,4
0.346667,123,134,1
0.19,4001,291310,72
0.073333,1027,84004,81
0.327396,107,243,2
0.075469,434,11732,27
0.130417,96,184,1
0.218806,72,88,1
0.311266,79,93,1
0.094098,174,1102,6
0.350849,760,33247,43
0.196214,250,374,1
0.246348,4001,258313,64
0.226145,209,1004,4
0.244968,2172,154395,71
0.127187,410,1302,3
0.085,384,7708,20
0.125178,802,4121,5
0.301981,104,105,1
0.225,431,9906,22
0.306489,133,206,1
0.398879,103,118,1
0.201667,693,11653,16
0.316606,72,155,2
0.084697,290,589,2
0.05,327,2584,7
0.224773,99,103,1
0.339512,40,42,1
0.070734,581,4902,8
0.178333,2268,60420,26
0.107892,174,333,1
0.073333,470,18493,39
0.127014,380,12658,33
0.330235,93,97,1
0.178333,4001,258148,64
0.201164,104,114,1
0.110687,575,32041,55
0.143333,4001,267028,66
0.227319,101,202,2
0.28465,186,355,1
0.094134,244,1300,5
0.061667,413,48130,116
0.300289,194,572,2
0.21527,83,96,1
0.271667,4001,253161,63
0.271667,1045,35375,33
0.256492,138,146,1
0.166667,4001,274795,68
0.050275,248,390,1
0.293614,84,96,1
0.055841,485,9440,19
0.236667,356,6354,17
0.269955,23,24,1
0.166667,75,1038,13
0.268417,102,113,1
0.08914,541,62491,115
0.127179,213,573,2
0.303887,3787,290380,76
0.200194,2714,172618,63
0.341396,199,298,1
0.190219,4001,254725,63
0.396126,542,20238,37
0.275656,85,99,1
0.32991,364,1242,3
0.363865,499,55001,110
0.05682,312,7984,25
0.192315,4001,399209,99
0.376667,62,151,2
0.135954,136,139,1
0.210977,306,1094,3
0.389446,4001,288117,72
0.143333,2013,135438,67
0.125416,552,13404,24
0.213333,60,314,5
0.081984,102,154,1
0.166667,4001,282504,70
0.10587,542,23637,43
0.382394,82,91,1
0.283333,4001,279585,69
0.105297,100,108,1
0.325016,70,84,1
0.19,4001,287125,71
0.305117,113,578,5
0.274493,102,147,1
0.365174,181,2795,15
0.154353,514,36137,70
0.317648,1934,162280,83
0.141372,822,8011,9
0.246246,4001,263134,65
0.353333,1471,63345,43
0.170947,307,4548,14
0.222881,90,129,1
0.143333,629,2354,3
0.1741,1033,15810,15
0.347887,508,4986,9
0.334547,75,98,1
0.265721,68,96,1
0.111227,240,256,1
0.155,4001,254605,63
0.193349,523,8352,15
0.201667,4001,264438,66
0.286857,79,91,1
0.317645,84,132,1
0.061667,955,66808,69
0.368414,94,150,1
0.071974,541,9851,18
0.05,90,1831,20
0.169719,401,1021,2
0.357239,98,107,1
0.12,555,48971,88
0.255205,55,98,1
0.313361,102,131,1
0.26,4001,276937,69
0.370267,159,1044,6
0.250692,84,96,1
0.107436,97,462,4
0.379069,149,218,1
0.265018,91,93,1
0.318333,434,7767,17
0.155,4001,288204,72
0.267173,95,145,1
0.373045,93,103,1
0.096667,307,2622,8
0.223731,85,110,1
0.061634,542,5452,10
0.287799,91,194,2
0.337484,136,176,1
0.271667,136,972,7
0.221774,116,145,1
0.19556,76,86,1
0.236667,3246,191933,59
0.213333,364,2458,6
0.213461,90,110,1
0.143333,4001,322301,80
0.12,1314,78162,59
0.114878,563,25688,45
0.26261,4001,248302,62
0.086333,351,47168,134
0.379848,97,110,1
0.383975,150,223,1
0.237453,79,94,1
0.140042,93,99,1
0.213333,4001,294047,73
0.134044,123,142,1
0.201667,4001,250945,62
0.267115,144,206,1
0.073638,91,104,1
0.236667,209,1177,5
0.316594,231,741,3
0.062595,542,21644,39
0.213333,3600,174054,48
0.258865,264,485,1
0.12,60,98,1
0.10279,91,100,1
0.2987,62,111,1
0.21447,96,97,1
0.370379,113,163,1
0.235476,79,171,2
0.183243,92,96,1
0.073333,60,582,9
0.236667,1206,16891,14
0.087752,90,99,1
0.222903,130,155,1
0.155,823,13489,16
0.144931,124,158,1
0.31031,87,116,1
0.192732,150,397,2
0.236667,2852,154550,54
0.258138,76,99,1
0.264057,272,636,2
0.396659,84,97,1
0.189957,90,102,1
0.26,1059,18193,17
0.159815,90,94,1
0.19,4001,263799,65
0.324512,75,90,1
0.367809,98,181,1
0.26,4001,258036,64
0.376476,85,96,1
0.224464,93,94,1
0.280932,80,95,1
0.16594,85,147,1
0.242869,297,2721,9
0.166667,4001,278057,69
0.396796,90,102,1
0.272392,148,216,1
0.155,4001,271751,67
0.08771,542,139264,256
0.162586,588,15654,26
0.108418,545,2642,4
0.225,321,6228,19
0.241195,82,105,1
0.282695,87,91,1
0.353333,125,1405,11
0.056044,263,2386,9
0.093855,182,1416,7
0.231246,812,12258,15
0.382582,145,509,3
0.387032,772,9877,12
0.255501,87,100,1
0.231833,368,1023,2
0.166444,4001,246261,61
0.057903,541,36252,67
0.131667,2978,165711,55
0.216041,4001,241223,60
0.075403,453,31485,69
0.14499,475,6550,13
0.394412,99,277,2
0.225,375,2836,7
0.327511,846,20782,24
0.143333,4001,269677,67
0.386666,123,155,1
0.274102,110,154,1
0.281992,86,90,1
0.100126,143,233,1
0.139872,357,6152,17
0.152009,542,8879,16
0.155,948,15592,16
0.34967,68,74,1
0.256295,77,91,1
0.19,107,626,5
0.107724,51,57,1
0.083974,351,491,1
0.295,3999,242422,60
0.05,1075,73761,68
0.093258,325,665,2
0.358065,158,656,4
0.153304,107,355,3
0.113635,182,486,2
0.285915,284,1767,6
0.33,299,3055,10
0.202045,97,98,1
0.324919,170,211,1
0.123828,381,2872,7
0.19,4001,298852,74
0.143333,4001,297555,74
0.26,2247,90665,40
0.122445,154,476,3
0.050724,278,412,1
0.271667,55,94,1
0.12,1087,34005,31
0.307633,378,2861,7
0.176883,371,4357,11
0.26,852,9407,11
0.135582,115,202,1
0.143333,4001,294306,73
0.054617,83,143,1
0.365,995,10759,10
0.334171,124,145,1
0.31581,434,1465,3
0.357882,772,31883,41
0.329128,278,757,2
0.306667,278,2810,10
0.372974,76,109,1
0.089735,126,216,1
0.318997,102,110,1
0.155,1097,18259,16
0.056635,341,1131,3
0.348429,131,343,2
0.068064,641,17723,27
0.249699,152,273,1
0.303318,223,4033,18
0.124462,183,1398,7
0.201667,327,3783,11
0.094647,128,159,1
0.137785,105,113,1
0.06787,111,496,4
0.143333,4001,312981,78
0.369392,85,97,1
0.168158,72,104,1
0.29672,244,834,3
0.33,833,42579,51
0.081176,524,702,1
0.372075,81,200,2
0.061667,428,48890,114
0.178333,4001,254506,63
0.063549,287,592,2
0.324345,173,209,1
0.184277,334,10066,30
0.104234,97,98,1
0.30549,84,94,1
0.05,914,35160,38
0.114628,445,5711,12
0.382279,173,662,3
0.389244,81,88,1
0.074299,371,39202,105
0.300018,64,96,1
0.086451,197,219,1
0.11169,153,167,1
0.270147,469,3247,6
0.246334,142,214,1
0.155,4001,321851,80
0.19778,102,105,1
0.26,3683,212707,57
0.105929,72,126,1
0.178333,4001,332083,83
0.26,1263,10488,8
0.062439,80,93,1
0.080815,73,89,1
0.104629,227,1057,4
0.270933,97,106,1
0.365,955,43809,45
0.143333,2041,127431,62
0.108873,353,11048,31
0.294179,88,108,1
0.22111,172,206,1
0.385998,97,151,1
0.10008,542,12648,23
0.100598,292,8594,29
0.155,4001,265613,66
0.070349,198,224,1
0.111354,97,111,1
0.146121,87,102,1
0.061667,1241,66894,53
0.159581,486,5986,12
0.088441,541,21481,39
0.287863,153,194,1
0.365,255,3001,11
0.248333,1353,30051,22
0.277889,224,278,1
0.166667,4001,295010,73
0.248333,1598,30485,19
0.05,90,264,2
0.357902,1072,45053,42
0.177973,76,131,1
0.261415,772,3328,4
0.083818,449,1302,2
0.352024,315,1629,5
0.24397,102,104,1
0.26,1683,80969,48
0.134663,549,9972,18
0.178333,4001,297860,74
0.131667,1030,36618,35
0.143333,4001,298744,74
0.114077,97,263,2
0.121857,455,21764,47
0.213333,4001,304690,76
0.07588,200,378,1
0.108121,168,376,2
0.201667,4001,280680,70
0.166667,4001,260006,64
0.231352,109,115,1
0.393997,100,102,1
0.376667,54,390,7
0.131667,2202,114223,51
0.341667,3831,230747,60
0.160773,87,98,1
0.26,1123,36311,32
0.059789,173,199,1
0.213333,4001,264572,66
0.236667,2654,134616,50
0.19,4001,237971,59
0.108333,1071,74101,69
0.377845,1024,47695,46
0.051083,119,254,2
0.365,243,1419,5
0.248333,1401,41955,29
0.291387,110,241,2
0.243246,85,103,1
0.236667,1216,20770,17
0.055615,419,2511,5
0.081544,1085,22451,20
0.152115,265,368,1
0.382599,86,94,1
0.155,4001,321754,80
0.21045,245,760,3
0.26,2898,150459,51
0.161403,118,143,1
0.055695,90,97,1
0.204308,134,289,2
0.063878,706,3143,4
0.146989,334,409,1
0.091808,555,28248,50
0.173762,82,102,1
0.166667,77,1005,13
0.143333,1300,89789,69
0.213504,95,101,1
0.369961,4001,377995,94
0.2223,90,92,1
0.168724,305,4743,15
0.256259,613,24806,40
0.227396,1850,84015,45
0.186131,4001,284761,71
0.241749,93,96,1
0.389513,142,162,1
0.108642,204,2081,10
0.123683,80,111,1
0.298929,102,108,1
0.166667,4001,293216,73
0.073333,1027,74752,72
0.12,2113,136404,64
0.200962,377,11096,29
0.251643,4001,252128,63
0.271667,1450,28819,19
0.201667,4001,230834,57
0.239854,194,297,1
0.298708,229,958,4
0.143333,290,5044,17
0.35146,895,38857,43
0.26437,81,107,1
0.361798,91,111,1
0.390701,101,206,2
0.199945,188,425,2
0.05526,88,93,1
0.123821,289,357,1
0.318333,543,7721,14
0.290181,1218,41691,34
0.259427,682,7131,10
0.341667,86,1101,12
0.089823,90,91,1
0.376667,88,533,6
0.346659,90,105,1
0.347389,79,146,1
0.283333,804,12054,14
0.154917,89,100,1
0.274896,83,139,1
0.341667,250,2170,8
0.154669,74,92,1
0.062476,113,150,1
0.355505,94,153,1
0.103051,96,161,1
0.225641,44,46,1
0.266093,105,277,2
0.061667,536,2462,4
0.07938,278,2762,9
0.393973,1603,82672,51
0.061667,142,16118,113
0.372121,96,99,1
0.214237,166,202,1
0.307593,246,880,3
0.373144,4001,417400,104
0.068852,508,19685,38
0.265111,718,4407,6
0.055585,95,104,1
0.065006,450,22088,49
0.158973,1224,44389,36
0.098214,89,95,1
0.283333,694,12821,18
0.238953,99,108,1
0.151417,154,489,3
0.178333,4001,277772,69
0.12,1028,66195,64
0.2636,1109,41253,37
0.338177,87,93,1
0.05,285,14064,49
0.184041,75,93,1
0.276514,69,98,1
0.081738,149,198,1
0.12958,90,99,1
0.096082,265,4392,16
0.388333,363,4042,11
0.094825,318,12001,37
0.356797,94,100,1
0.19,4001,314474,78
0.211921,377,1141,3
0.262286,2186,100505,45
0.155,4001,275530,68
0.204368,131,208,1
0.385931,103,107,1
0.067,502,6588,13
0.166667,4001,324065,80
0.286836,169,308,1
0.08716,143,436,3
0.155,4001,299606,74
0.236667,1117,18409,16
0.155,4001,297112,74
0.248333,1166,19766,16
0.348962,91,96,1
0.154107,73,89,1
0.271667,284,5183,18
0.349178,133,145,1
0.146304,107,111,1
0.283333,61,594,9
0.105267,413,6757,16
0.357617,1668,84390,50
0.284248,4001,232588,58
0.146462,72,85,1
0.131667,3057,234612,76
0.306667,56,270,4
0.178333,4001,290308,72
0.051779,490,15517,31
0.170957,123,171,1
0.12,244,9427,38
0.073643,123,128,1
0.304597,124,197,1
0.143333,4001,297505,74
0.356124,80,97,1
0.270751,394,1389,3
0.241372,426,2354,5
0.225,791,17622,22
0.237886,548,3351,6
0.178333,4001,287965,71
0.231028,289,742,2
0.102477,94,106,1
0.188698,112,165,1
0.183032,4001,269779,67
0.26,1352,33175,24
0.202846,107,109,1
0.225,4001,257205,64
0.124677,88,98,1
0.166667,65,89,1
0.069004,542,126758,233
0.140245,135,143,1
0.268748,4001,264502,66
0.166667,4001,404315,101
0.096045,500,8958,17
0.099088,102,108,1
0.330791,93,99,1
0.39059,151,634,4
0.39164,77,93,1
0.224456,143,157,1
0.33,278,3047,10
0.30424,259,2253,8
0.161803,118,191,1
0.197482,161,214,1
0.095892,329,6614,20
0.353333,285,3205,11
0.227797,542,9111,16
0.258203,90,148,1
0.178333,4001,274103,68
0.295,1159,16334,14
0.155,4001,268405,67
0.096667,1026,40662,39
0.118829,541,99954,184
0.298992,173,191,1
0.184554,94,108,1
0.086194,235,279,1
0.339197,83,135,1
0.061667,683,60319,88
0.118779,332,457,1
0.075946,78,97,1
0.166667,4001,288995,72
0.05,1026,35967,35
0.066997,79,89,1
0.370844,94,97,1
0.085,781,16319,20
0.336785,245,864,3
0.253588,182,878,4
0.225,1051,53247,50
0.357969,87,95,1
0.140338,364,737,2
0.363866,656,36533,55
0.250419,76,107,1
0.309367,101,160,1
0.33,731,19678,26
0.070424,233,1156,4
0.326707,133,206,1
0.26,74,434,5
0.332603,92,100,1
0.248333,2177,128037,58
0.152961,400,843,2
0.318333,201,2882,14
0.294657,180,260,1
0.21632,218,630,2
0.266294,50,58,1
0.10648,275,662,2
0.357543,138,219,1
0.0893,432,4969,11
0.396391,81,90,1
0.23755,754,27848,36
0.317853,93,144,1
0.296037,4001,344360,86
0.235366,107,162,1
0.323716,97,116,1
0.298789,225,760,3
0.05,431,9077,21
0.214173,134,148,1
0.333665,94,101,1
0.272443,145,152,1
0.166667,998,10266,10
0.202947,75,91,1
0.155,4001,281062,70
0.225,1372,30618,22
0.26,2412,109983,45
0.241431,1061,38904,36
0.157314,102,103,1
0.101066,67,86,1
0.09233,740,18060,24
0.143333,4001,285495,71
0.139663,359,2394,6
0.178548,99,102,1
0.341667,62,457,7
0.288367,77,96,1
0.204767,117,144,1
0.156969,88,103,1
0.271667,1115,32045,28
0.155916,361,442,1
0.276906,111,238,2
0.12,915,46644,50
0.108333,62,113,1
0.216858,102,105,1
0.248157,77,102,1
0.155,4001,280188,70
0.050059,165,612,3
0.362011,102,247,2
0.112489,290,843,2
0.353333,365,5198,14
0.160318,96,103,1
0.236667,4001,277867,69
0.324404,92,103,1
0.245018,93,115,1
0.166667,4001,327706,81
0.129958,124,144,1
0.19,4001,256094,64
0.238636,91,94,1
0.360966,81,87,1
0.350088,92,100,1
0.131667,973,73203,75
0.17282,611,6803,11
0.1094,698,35191,50
0.241671,110,112,1
0.12,885,40066,45
0.306973,81,94,1
0.090545,142,161,1
0.306667,499,7063,14
0.166667,4001,267699,66
0.108333,1028,72749,70
0.330474,285,1422,4
0.227152,2095,166044,79
0.103149,274,2843,10
0.157323,252,509,2
0.177335,4001,299574,74
0.359018,59,73,1
0.27113,134,375,2
0.213333,362,4041,11
0.310184,101,109,1
0.139219,165,221,1
0.155,4001,276881,69
0.108333,1027,58881,57
0.348713,89,100,1
0.364262,4001,261632,65
0.178333,2549,77409,30
0.155,4001,257391,64
0.320382,249,1948,7
0.078787,400,3134,7
0.398345,93,97,1
0.201667,445,6953,15
0.080308,90,485,5
0.346593,61,84,1
0.181039,242,718,2
0.271667,966,20158,20
0.363786,105,556,5
0.12973,98,243,2
0.114336,152,181,1
0.155,4001,291939,72
0.331154,636,13893,21
0.073024,45,51,1
0.318333,170,927,5
0.084743,437,22814,52
0.213333,3906,181129,46
0.114007,488,4093,8
0.349804,70,80,1
0.341961,93,98,1
0.131667,913,56523,61
0.054689,205,6479,31
0.130288,378,810,2
0.05,885,55114,62
0.180002,109,181,1
0.229819,124,136,1
0.295,118,911,7
0.23491,129,193,1
0.115836,86,88,1
0.371436,194,1050,5
0.274765,222,1310,5
0.323715,158,240,1
0.364706,110,186,1
0.079948,84,100,1
0.077038,177,299,1
0.19,202,1676,8
0.27766,92,97,1
0.225,4001,279475,69
0.073598,454,7727,17
0.3631,123,143,1
0.225,606,6417,10
0.134143,86,94,1
0.291665,619,7821,12
0.306667,72,203,2
0.146414,85,113,1
0.151656,87,142,1
0.287599,88,103,1
0.310141,101,102,1
0.233916,79,96,1
0.274567,128,141,1
0.085,687,26301,38
0.196016,89,105,1
0.365169,97,106,1
0.108333,1030,54981,53
0.376454,1449,54234,37
0.201667,4001,255412,63
0.336191,103,109,1
0.279102,100,109,1
0.181569,908,5646,6
0.178333,1263,22112,17
0.143333,4001,253267,63
0.286513,48,56,1
0.143333,4001,295173,73
0.248333,1062,39046,36
0.143333,2945,190424,64
0.225,4001,219619,54
0.071625,100,103,1
0.390267,102,103,1
0.061667,373,10507,28
0.224025,345,1610,4
0.097599,412,4781,11
0.124291,272,503,1
0.276388,185,1636,8
0.122258,223,462,2
0.070351,178,252,1
0.106252,92,196,2
0.143333,338,2221,6
0.271667,1724,92826,53
0.213024,168,325,1
0.166667,4001,303494,75
0.354891,99,101,1
0.351391,96,110,1
0.36485,189,390,2
0.279637,117,259,2
0.213333,4001,377544,94
0.149007,197,670,3
0.231565,218,626,2
0.32135,90,155,1
0.225,163,1825,11
0.102884,125,230,1
0.274415,77,101,1
0.051155,858,39620,46
0.131667,970,48392,49
0.156128,86,93,1
0.112331,94,98,1
0.242512,136,857,6
0.227781,4001,239645,59
0.33,1090,49162,45
0.143333,4001,230025,57
0.306667,1941,81940,42
0.056016,388,662,1
0.073333,485,33196,68
0.051449,531,21176,39
0.072048,379,20075,52
0.344091,1065,46257,43
0.074509,208,3608,17
0.208135,67,101,1
0.0545,363,4405,12
0.096667,628,8079,12
0.271667,1823,35596,19
0.213333,4001,285348,71
0.169682,128,151,1
0.170712,119,152,1
0.340278,91,108,1
0.201667,261,2802,10
0.36931,102,106,1
0.166667,4001,264436,66
0.236667,1306,23860,18
0.221354,113,244,2
0.155,4001,312549,78
0.390424,1459,34800,23
0.19102,98,118,1
0.160741,91,97,1
0.27793,84,92,1
0.383578,547,4787,8
0.12,514,42053,81
0.281083,278,606,2
0.131338,89,106,1
0.143333,4001,331671,82
0.376667,69,190,2
0.391623,140,332,2
0.054762,724,5093,7
0.155,4001,264158,66
0.107958,174,218,1
0.365,229,1860,8
0.283333,1482,36476,24
0.326667,84,115,1
0.213333,59,509,8
0.353333,1070,30674,28
0.205252,122,247,2
0.393819,122,346,2
0.33,363,6684,18
0.148659,83,101,1
0.054755,149,163,1
0.225,4001,207502,51
0.149742,87,154,1
0.192368,54,72,1
0.143333,4001,262188,65
0.344299,142,163,1
0.393598,90,91,1
0.296354,63,72,1
0.05,773,54551,70
0.104898,243,3581,14
0.37685,85,93,1
0.092359,138,145,1
0.312983,120,243,2
0.217094,97,134,1
0.180846,133,202,1
0.161666,4001,397831,99
0.341667,1003,33525,33
0.246155,246,1042,4
0.212807,75,90,1
0.225,1013,9938,9
0.38835,79,98,1
0.287549,157,358,2
0.317675,189,343,1
0.10786,290,3159,10
0.129554,411,2422,5
0.12,829,61993,74
0.284776,1628,84736,52
0.216993,152,351,2
0.20046,4001,348342,87
0.248161,89,97,1
0.066629,91,98,1
0.213333,686,5875,8
0.323884,150,245,1
0.341667,62,625,10
0.350596,216,371,1
0.188586,221,632,2
0.143333,4001,283979,70
0.33,1618,155814,96
0.071053,113,146,1
0.334631,105,111,1
0.129007,128,149,1
0.314007,489,1629,3
0.103151,372,15432,41
0.05,77,1232,16
0.363124,88,105,1
0.321261,542,6574,12
0.201667,437,7420,16
0.143333,1622,115311,71
0.183288,97,204,2
0.19,4001,302337,75
0.310841,124,166,1
0.083566,304,7075,23
0.127067,168,393,2
0.225,591,11925,20
0.197935,75,98,1
0.13084,370,2734,7
0.225,1191,26761,22
0.132842,506,4799,9
0.166667,4001,248747,62
0.202244,367,907,2
0.235004,1362,9051,6
0.178333,4001,269467,67
0.353696,92,95,1
0.212192,104,129,1
0.213333,4001,283679,70
0.356062,119,211,1
0.314923,87,95,1
0.313476,103,109,1
0.232806,101,161,1
0.288396,166,533,3
0.154276,637,9009,14
0.312467,170,358,2
0.26,116,965,8
0.225,66,101,1
0.362694,82,95,1
0.148758,395,2083,5
0.155,4001,278584,69
0.288359,89,104,1
0.376667,215,1791,8
0.214209,310,1218,3
0.312609,150,305,2
0.33,58,536,9
0.078308,82,100,1
0.294969,99,110,1
0.071793,73,91,1
0.360846,84,107,1
0.363902,85,92,1
0.061667,87,1337,15
0.286669,139,161,1
0.235368,158,281,1
0.363207,151,182,1
0.218565,128,487,3
0.204523,98,101,1
0.346483,125,211,1
0.141999,132,199,1
0.332889,256,946,3
0.126344,643,5774,8
0.178333,4001,391667,97
0.16326,153,864,5
0.104204,92,95,1
0.070766,114,196,1
0.217777,85,150,1
0.131667,2657,199865,75
0.213333,4001,260642,65
0.083513,456,22322,48
0.159414,85,90,1
0.185919,141,236,1
0.126106,209,239,1
0.366637,179,194,1
0.178805,282,3271,11
0.108333,79,1259,15
0.216052,377,1481,3
0.295,2845,169008,59
0.239091,968,6855,7
0.178333,63,576,9
0.373582,89,102,1
0.081052,103,107,1
0.230582,143,435,3
0.061667,612,27366,44
0.367101,99,103,1
0.279689,249,665,2
0.166667,4001,296326,74
0.273972,109,117,1
0.280129,104,113,1
0.33,747,13385,17
0.308724,103,170,1
0.20827,113,249,2
0.12,970,62469,64
0.298836,96,98,1
0.144012,1085,92053,84
0.051597,542,19401,35
0.254831,77,156,2
0.234364,594,26478,44
0.236667,3844,204150,53
0.116291,158,191,1
0.200065,4001,279107,69
0.166667,1313,33886,25
0.263801,95,102,1
0.341912,124,146,1
0.318333,655,13396,20
0.104298,203,800,3
0.373507,47,55,1
0.392374,101,138,1
0.384318,90,159,1
0.073333,1020,67386,66
0.181243,76,104,1
0.113696,66,93,1
0.166667,337,2520,7
0.125842,93,94,1
0.131667,4001,276432,69
0.249834,164,191,1
0.151277,82,85,1
0.267072,86,122,1
0.242791,545,1772,3
0.220465,119,144,1
0.051079,123,364,2
0.1645,112,171,1
0.346185,200,302,1
0.376667,190,1880,9
0.190045,91,104,1
0.072669,448,19653,43
0.143333,71,186,2
0.132026,108,115,1
0.12053,729,14106,19
0.33,3600,316045,87
0.100178,151,412,2
0.219371,1447,33307,23
0.287145,4001,285520,71
0.06482,682,17626,25
0.33,200,1736,8
0.39109,161,344,2
0.143333,4001,292182,73
0.061667,1028,17041,16
0.301205,84,86,1
0.242665,75,92,1
0.236667,63,654,10
0.124568,352,6937,19
0.296203,86,93,1
0.180199,372,444,1
0.248333,501,5426,10
0.213333,3661,125672,34
0.341667,707,17504,24
0.087319,93,106,1
0.396167,161,558,3
0.236667,291,2266,7
0.299953,81,106,1
0.244461,487,2138,4
0.32202,248,1197,4
0.225708,108,114,1
0.155,4001,315963,78
0.271667,1902,40754,21
0.213333,4001,284628,71
0.061667,1027,103125,100
0.059698,75,87,1
0.224599,4001,326157,81
0.143691,123,1500,12
0.336751,87,91,1
0.262251,4001,448120,112
0.213333,1411,14405,10
0.166667,4001,297596,74
0.311248,264,404,1
0.19,4001,284653,71
0.223496,90,98,1
0.095862,565,27608,48
0.198483,254,309,1
0.283333,113,937,8
0.26,1428,33261,23
0.26048,91,94,1
0.201667,4001,282453,70
0.143333,1228,89801,73
0.126828,1042,59170,56
0.26,4001,312226,78
0.321522,107,164,1
0.318425,112,270,2
0.131667,828,36902,44
0.161002,249,618,2
0.175206,100,116,1
0.283333,623,7036,11
0.134861,501,16172,32
0.126294,248,760,3
0.143333,118,798,6
0.328974,81,99,1
0.131667,2596,174598,67
0.13788,304,567,1
0.194604,4001,288379,72
0.24524,108,196,1
0.322645,619,5345,8
0.070402,542,12863,23
0.248333,103,815,7
0.128003,99,144,1
0.054442,1085,73979,68
0.105741,543,52149,96
0.12,529,18576,35
0.390746,110,208,1
0.086549,127,154,1
0.276963,143,350,2
0.385814,146,247,1
0.347914,75,86,1
0.101366,101,115,1
0.12,885,18680,21
0.318333,68,220,3
0.335998,86,110,1
0.296601,78,83,1
0.089676,306,5262,17
0.26,268,1446,5
0.093335,542,127951,236
0.348445,76,98,1
0.377817,87,100,1
0.099143,542,41551,76
0.05,1971,205606,104
0.051157,100,107,1
0.381884,71,95,1
0.342687,292,1274,4
0.16518,347,1630,4
0.278345,103,113,1
0.193479,1103,16112,14
0.230511,102,154,1
0.376667,204,2254,11
0.178333,1298,20692,15
0.118168,114,199,1
0.069295,835,17776,21
0.085,684,38244,55
0.294585,1628,205953,126
0.272479,4001,239720,59
0.118501,579,112239,193
0.353199,472,38070,80
0.081134,706,19931,28
0.194352,4001,330968,82
0.15168,559,1974,3
0.236667,62,660,10
0.188649,142,364,2
0.239565,91,104,1
0.166667,4001,255518,63
0.131667,1028,90317,87
0.201667,2515,85805,34
0.269522,189,256,1
0.09051,131,362,2
0.355522,402,3192,7
0.231655,99,116,1
0.108333,577,6915,11
0.099154,1085,183758,169
0.22192,1695,43358,25
0.122741,167,195,1
0.241756,4001,233494,58
0.081723,350,3504,10
0.280971,182,358,1
0.286393,107,146,1
0.389928,91,93,1
0.347876,216,1048,4
0.248483,131,237,1
0.263839,984,171137,173
0.178333,2503,256044,102
0.303449,2054,85616,41
0.365,112,1131,10
0.271667,1931,93231,48
0.052281,139,311,2
0.060787,200,456,2
0.073333,884,40818,46
0.103339,148,163,1
0.300852,93,239,2
0.376667,159,900,5
0.159359,144,156,1
0.166667,4001,298529,74
0.325215,97,104,1
0.194094,1596,17499,10
0.271667,189,1281,6
0.155,4001,271012,67
0.315127,123,166,1
0.254043,173,264,1
0.375911,121,433,3
0.310133,2022,250063,123
0.301369,4001,354757,88
0.394868,102,112,1
0.357797,95,97,1
0.155,4001,327452,81
0.141232,48,53,1
0.06471,353,887,2
0.272375,100,101,1
0.065969,542,24677,45
0.058456,189,550,2
0.340965,42,134,3
0.201947,4001,317932,79
0.271667,64,101,1
0.096667,1087,58485,53
0.105673,542,45055,83
0.059572,542,18570,34
0.144041,150,167,1
0.178333,557,6138,11
0.281562,850,27174,31
0.200374,99,102,1
0.155,4001,257352,64
0.344421,390,13315,34
0.14318,419,10275,24
0.274386,888,14558,16
0.335986,4001,493014,123
0.223105,108,300,2
0.161603,1724,70245,40
0.201667,4001,259998,64
0.376664,687,5047,7
0.092058,542,27057,49
0.067333,102,110,1
0.073333,484,50684,104
0.240189,78,91,1
0.085204,204,244,1
0.178333,154,1012,6
0.232083,94,101,1
0.283333,3209,181264,56
0.371269,147,259,1
0.312696,120,157,1
0.166667,453,9276,20
0.18355,1145,10747,9
0.080302,172,281,1
0.099385,93,151,1
0.167467,473,9437,19
0.136009,205,875,4
0.19,317,5022,15
0.165935,41,47,1
0.178333,4001,276686,69
0.178333,1028,24985,24
0.242362,182,514,2
0.070674,161,208,1
0.236667,430,4681,10
0.061667,1435,20320,14
0.231782,89,113,1
0.318333,154,940,6
0.240977,75,98,1
0.225,4001,277889,69
0.131667,1035,44404,42
0.085718,541,18240,33
0.059513,542,12294,22
0.213333,284,2153,7
0.130925,83,512,6
0.2425,75,183,2
0.139443,83,96,1
0.12,506,3108,6
0.123167,541,35622,65
0.172997,452,4068,9
0.178333,4001,269765,67
0.27289,123,216,1
0.055232,174,341,1
0.229804,77,92,1
0.155,669,9829,14
0.344655,118,204,1
0.290683,373,1887,5
0.324341,90,148,1
0.379532,88,97,1
0.224078,130,160,1
0.301258,106,107,1
0.277131,89,108,1
0.388333,57,479,8
0.248299,350,3418,9
0.059169,184,210,1
0.143333,4001,292510,73
0.302049,133,167,1
0.389931,123,139,1
0.155,4001,298355,74
0.103918,941,45119,47
0.235499,296,675,2
0.295,488,5972,12
0.178333,4001,313053,78
0.282767,1464,151644,103
0.057697,103,202,1
0.201667,330,3166,9
0.074141,541,17638,32
0.280956,108,115,1
0.155,125,1850,14
0.076024,541,13591,25
0.377506,82,91,1
0.20976,98,113,1
0.213333,303,6341,20
0.329251,85,104,1
0.30192,71,92,1
0.155,4001,258213,64
0.22824,239,4232,17
0.213333,59,104,1
0.052033,75,87,1
0.201433,816,5507,6
0.27589,107,114,1
0.108333,887,57450,64
0.3806,380,1106,2
0.258593,2272,129733,57
0.19,228,2306,10
0.298193,68,126,1
0.109157,560,995,1
0.109797,485,1106,2
0.108333,487,4891,10
0.341667,3024,156073,51
0.376667,63,545,8
0.360655,77,99,1
0.145903,58,83,1
0.143333,4001,323113,80
0.236667,1172,24820,21
0.166667,4001,261434,65
0.116108,133,502,3
0.392796,116,201,1
0.131667,75,1104,14
0.201667,1859,96093,51
0.282738,98,203,2
0.073333,30,429,14
0.108333,1116,67235,60
0.352753,97,113,1
0.321135,125,388,3
0.063805,302,8865,29
0.388333,62,476,7
0.117286,462,11294,24
0.302831,81,98,1
0.314006,70,85,1
0.26,2559,88932,34
0.19,4001,272780,68
0.138136,1104,24352,22
0.16119,691,21385,30
0.248333,927,10157,10
0.075258,122,152,1
0.321299,307,698,2
0.276096,92,94,1
0.284458,647,13707,21
0.08532,209,335,1
0.341667,579,2448,4
0.354462,149,554,3
0.256085,91,96,1
0.061667,826,36592,44
0.155,4001,255511,63
0.210265,84,93,1
0.346969,86,98,1
0.376243,97,106,1
0.306667,307,3484,11
0.295,1323,28762,21
0.105614,90,98,1
0.299177,111,417,3
0.29738,101,161,1
0.265152,79,92,1
0.064288,90,96,1
0.155,4001,285394,71
0.376938,89,96,1
0.124111,161,203,1
0.19,161,2078,12
0.167101,149,185,1
0.318333,2854,154185,54
0.225,4001,247510,61
0.330652,119,410,3
0.166667,4001,271733,67
0.179026,126,152,1
0.251834,248,697,2
0.248333,3919,197089,50
0.158475,4001,257236,64
0.061601,601,23405,38
0.198888,78,211,2
0.213333,1209,49330,40
0.27408,109,519,4
0.16592,81,104,1
0.05,434,25054,57
0.073762,541,41779,77
0.096767,541,26582,49
0.320491,87,98,1
0.29343,117,161,1
0.141735,111,126,1
0.287176,350,901,2
0.176402,4001,270261,67
0.166667,1591,40231,25
0.238111,120,146,1
0.171775,87,113,1
0.397443,1051,56905,54
0.086683,258,3756,14
0.353333,64,115,1
0.053327,543,140977,259
0.07462,200,834,4
0.087207,709,17283,24
0.227028,4001,342244,85
0.209903,91,93,1
0.130846,517,24333,47
0.232165,179,212,1
0.073333,683,44062,64
0.106502,137,260,1
0.178333,4001,436346,109
0.190305,105,139,1
0.361752,237,862,3
0.166667,4001,263459,65
0.061163,220,298,1
0.397759,509,14877,29
0.138117,1085,65748,60
0.085,626,51067,81
0.271488,107,117,1
0.17993,136,152,1
0.248333,62,498,8
0.079078,187,500,2
0.288802,101,107,1
0.271667,4001,266192,66
0.387931,904,50275,55
0.184454,125,152,1
0.166667,4001,272648,68
0.166667,2932,54722,18
0.155,4001,271663,67
0.052634,97,242,2
0.259637,87,97,1
0.114098,644,8724,13
0.318333,62,419,6
0.178333,3636,199138,54
0.166119,4001,275301,68
0.182306,87,98,1
0.349752,128,318,2
0.366199,182,256,1
0.216864,345,1714,4
0.085832,210,519,2
0.073333,484,51849,107
0.356729,90,108,1
0.066869,323,4442,13
0.239132,80,143,1
0.064774,386,2174,5
0.322504,74,104,1
0.062821,81,88,1
0.166667,4001,271578,67
0.21713,94,107,1
0.328194,90,107,1
0.320471,96,105,1
0.318333,748,15438,20
0.163842,68,96,1
0.242879,80,97,1
0.215876,105,109,1
0.166667,4001,362953,90
0.318333,1187,59593,50
0.19,2273,146329,64
0.090616,100,145,1
0.126893,61,131,2
0.303285,257,2658,10
0.201667,799,18777,23
0.352611,97,99,1
0.178333,587,7079,12
0.340139,85,97,1
0.242308,95,106,1
0.096667,1063,82901,77
0.090612,786,29663,37
0.381054,167,366,2
0.322013,100,101,1
0.083469,301,1510,5
0.114417,314,3646,11
0.108333,663,48888,73
0.11284,186,1069,5
0.307072,270,629,2
0.306667,62,473,7
0.084494,90,97,1
0.080723,129,153,1
0.352165,93,110,1
0.05,618,12775,20
0.152984,428,2780,6
0.363355,81,139,1
0.162088,4001,359682,89
0.293522,82,89,1
0.213333,66,88,1
0.195999,126,161,1
0.178333,4001,269316,67
0.167159,138,174,1
0.236667,3040,196785,64
0.225,59,522,8
0.178333,2509,56828,22
0.098035,542,7511,13
0.108333,1030,45792,44
0.236722,99,103,1
0.287248,2735,250618,91
0.082911,117,137,1
0.191428,215,421,1
0.155,4001,287896,71
0.283333,2312,119852,51
0.102697,582,45144,77
0.108333,483,12832,26
0.225,1535,35127,22
0.26368,93,101,1
0.306667,255,3133,12
0.225975,511,5311,10
0.178333,4001,324149,81
0.16356,310,760,2
0.069303,274,1258,4
0.085,969,21322,22
0.141678,220,300,1
0.120895,265,503,1
0.25516,124,268,2
0.353333,53,290,5
0.283333,1329,49018,36
0.166648,237,350,1
0.131667,369,23856,64
0.210848,909,15293,16
0.196419,109,164,1
0.225,514,10794,21
0.297296,58,88,1
0.176022,126,151,1
0.085,221,6643,30
0.3677,391,3684,9
0.122028,414,21524,51
0.128475,548,24879,45
0.239949,4001,446805,111
0.343245,198,248,1
0.196495,358,1390,3
0.178333,4001,290424,72
0.341049,92,113,1
0.11745,96,162,1
0.178333,110,1137,10
0.06762,158,278,1
0.147902,1100,29530,26
0.130283,123,148,1
0.096667,621,13562,21
0.190702,291,628,2
0.19901,160,248,1
0.373565,221,2003,9
0.26,2672,90761,33
0.167512,197,458,2
0.096667,116,1389,11
0.34085,98,155,1
0.070433,558,10660,19
0.19,4001,258533,64
0.087441,545,28016,51
0.097524,294,8379,28
0.166667,4001,342765,85
0.331694,103,260,2
0.085062,298,790,2
0.155,4001,297802,74
0.393413,100,101,1
0.36635,100,101,1
0.239625,166,560,3
0.369558,1471,61895,42
0.110278,367,1920,5
0.103379,211,5123,24
0.390172,145,291,2
0.12,342,41127,120
0.138041,93,107,1
0.305414,68,88,1
0.26,754,13221,17
0.32241,90,158,1
0.328775,118,153,1
0.143333,4001,255950,63
0.073333,1028,60357,58
0.271667,71,200,2
0.160455,248,1756,7
0.110413,162,1399,8
0.187478,132,332,2
0.225,840,16006,19
0.385432,82,89,1
0.332682,82,92,1
0.201667,611,8957,14
0.280598,102,201,1
0.178333,4001,260101,65
0.113066,923,30123,32
0.143333,4001,251315,62
0.356944,88,89,1
0.29876,77,86,1
0.388333,65,566,8
0.293218,90,95,1
0.136837,296,8704,29
0.256976,613,6364,10
0.05,310,11616,37
0.224867,100,239,2
0.264981,242,567,2
0.155,684,30240,44
0.338509,128,158,1
0.225127,86,89,1
0.363047,101,112,1
0.143333,4001,380956,95
0.312357,147,161,1
0.355936,93,104,1
0.155,101,5899,58
0.295,1122,16051,14
0.291038,94,102,1
0.33,248,5915,23
0.135961,543,87559,161
0.078968,79,107,1
0.359979,1639,56953,34
0.091058,546,1212,2
0.213333,1094,29838,27
0.279565,268,1053,3
0.38597,78,98,1
0.213333,344,2665,7
0.139615,830,53803,64
0.301129,134,378,2
0.386026,151,221,1
0.237933,1037,8897,8
0.152672,4001,297506,74
0.165958,899,78427,87
0.290512,976,25337,25
0.284529,3347,240672,71
0.162185,4001,261605,65
0.306667,2388,116259,48
0.155,3494,220626,63
0.086279,96,255,2
0.145496,4001,277065,69
0.318333,1879,98111,52
0.22832,256,903,3
0.155,4001,273440,68
0.33,2624,72440,27
0.113283,137,836,6
0.306667,710,7965,11
0.383029,399,1686,4
0.236667,4001,244540,61
0.216426,71,98,1
0.27085,83,89,1
0.295367,2400,122144,50
0.12,339,3914,11
0.052354,101,150,1
0.205261,171,248,1
0.178333,4001,245923,61
0.131667,1074,73023,67
0.379388,174,299,1
0.207466,620,17640,28
0.318333,159,1459,9
0.089324,95,98,1
0.339917,91,96,1
0.295,3790,318669,84
0.290475,292,2544,8
0.182952,281,378,1
0.340076,223,495,2
0.244328,4001,270359,67
0.178333,1281,59059,46
0.269292,91,107,1
0.337693,91,208,2
0.108333,686,50423,73
0.126239,142,156,1
0.108333,1029,65499,63
0.189407,126,448,3
0.131667,62,166,2
0.386255,83,98,1
0.245623,94,104,1
0.06335,71,82,1
0.061667,344,11490,33
0.123396,583,51866,88
0.072895,84,100,1
0.161207,69,93,1
0.296261,84,109,1
0.249953,96,296,3
0.178333,4001,250464,62
0.131667,1030,29227,28
0.108032,144,431,2
0.103211,126,178,1
0.108333,830,33314,40
0.271383,495,2981,6
0.295,3550,186103,52
0.225,897,13699,15
0.201667,2085,38028,18
0.094619,84,100,1
0.258923,80,86,1
0.108952,125,142,1
0.115427,78,92,1
0.295,490,6695,13
0.144036,252,768,3
0.367064,310,526,1
0.225,4001,235298,58
0.133575,542,97309,179
0.387799,213,829,3
0.281806,100,106,1
0.073333,916,60157,65
0.340242,1637,236106,144
0.191361,105,108,1
0.248333,59,484,8
0.075661,693,40762,58
0.062672,96,109,1
0.19,4001,258446,64
0.096667,1229,84192,68
0.36844,805,31437,39
0.11414,98,103,1
0.12,1029,80676,78
0.330894,123,587,4
0.236667,4001,276708,69
0.075502,125,310,2
0.146268,399,11071,27
0.251285,83,196,2
0.131667,674,11117,16
0.387882,98,103,1
0.143333,4001,240065,60
0.182815,1025,38393,37
0.238145,96,115,1
0.109134,289,707,2
0.10804,503,8805,17
0.096667,572,11048,19
0.257703,89,103,1
0.319015,90,104,1
0.283333,4001,260754,65
0.278944,99,207,2
0.107848,98,99,1
0.178333,4001,459243,114
0.125101,143,166,1
0.130886,1085,67210,61
0.073333,1058,67764,64
0.139278,791,34559,43
0.19,4001,237060,59
0.323884,276,537,1
0.146813,511,23263,45
0.339146,171,372,2
0.382819,123,138,1
0.26872,4001,310433,77
0.151882,366,639,1
0.211492,190,223,1
0.341667,328,4058,12
0.312164,129,148,1
0.166667,4001,255824,63
0.176428,95,102,1
0.335567,97,101,1
0.155,4001,262383,65
0.198015,176,374,2
0.243478,605,4705,7
0.228504,877,8306,9
0.102989,84,102,1
0.119588,542,43142,79
0.341132,1217,41046,33
0.104357,583,19701,33
0.20758,556,1981,3
0.178333,50,94,1
0.199137,266,1381,5
0.295,4001,250635,62
0.388204,123,205,1
0.313659,329,1235,3
0.19,4001,300480,75
0.382799,64,86,1
0.106062,583,32315,55
0.143333,4001,311180,77
0.05,1030,52126,50
0.310999,152,379,2
0.353333,60,478,7
0.084948,597,3960,6
0.268771,526,2385,4
0.143333,4001,241333,60
0.306667,1054,19065,18
0.335024,125,155,1
0.385446,90,141,1
0.295,152,1105,7
0.2784,91,92,1
0.241412,102,112,1
0.168138,78,88,1
0.096667,773,50034,64
0.256333,541,2745,5
0.254392,335,1391,4
0.188378,125,141,1
0.058816,144,183,1
0.388333,1344,34522,25
0.367993,98,154,1
0.166667,462,3207,6
0.33,1546,56643,36
0.255413,118,143,1
0.08535,110,253,2
0.143333,1437,96103,66
0.199248,102,104,1
0.201667,4001,251790,62
0.236667,1536,29542,19
0.210676,355,763,2
0.155,4001,280547,70
0.108333,1037,75950,73
0.30729,1677,91776,54
0.225,4001,257414,64
0.39697,85,88,1
0.257012,202,416,2
0.358824,78,93,1
0.155847,214,378,1
0.25966,88,103,1
0.381653,127,170,1
0.081724,301,464,1
0.368491,292,6568,22
0.127038,1085,20858,19
0.05,780,35673,45
0.054938,296,855,2
0.201667,4001,296765,74
0.12,1123,34308,30
0.318378,54,82,1
0.178333,4001,272791,68
0.218406,500,2185,4
0.089605,594,6139,10
0.05,723,26118,36
0.106268,797,3995,5
0.166667,4001,266085,66
0.393202,183,297,1
0.179453,328,920,2
0.279736,96,100,1
0.061667,866,37248,43
0.150616,387,7901,20
0.399164,3392,185212,54
0.237141,4001,280071,70
0.178333,4001,288717,72
0.269831,111,112,1
0.155,4001,280565,70
0.369539,98,110,1
0.269185,125,189,1
0.131667,827,85992,103
0.24634,1051,25874,24
0.178333,4001,299005,74
0.283333,1067,30493,28
0.357691,57,101,1
0.062545,82,145,1
0.05,427,28019,65
0.291405,53,70,1
0.318333,58,138,2
0.14928,139,733,5
0.087565,1085,13000,11
0.330398,59,73,1
0.19,1430,22560,15
0.19126,102,112,1
0.192332,154,223,1
0.19,1323,22033,16
0.301911,166,220,1
0.143333,4001,299189,74
0.178333,1422,11483,8
0.316065,108,215,1
0.056171,542,45910,84
0.225,784,15244,19
0.367015,63,69,1
0.102605,1085,36521,33
0.155,544,8282,15
0.359894,101,102,1
0.072561,100,102,1
0.225,288,7855,27
0.074844,541,50751,93
0.06059,487,29557,60
0.051099,598,28199,47
0.284107,92,164,1
0.306667,268,5808,21
0.156576,136,205,1
0.062465,123,238,1
0.344249,95,96,1
0.247901,185,691,3
0.378211,72,89,1
0.096667,485,48345,99
0.209024,112,198,1
0.198802,192,226,1
0.230131,88,97,1
0.087401,106,117,1
0.332205,108,110,1
0.143333,4001,278428,69
0.380617,104,107,1
0.085,971,32175,33
0.129604,451,16005,35
0.070709,222,13563,61
0.096667,147,2186,14
0.178333,4001,299089,74
0.30553,71,81,1
0.146469,552,7718,13
0.295,320,4176,13
0.271214,102,108,1
0.225,4001,301032,75
0.109798,198,1046,5
0.202667,228,2171,9
0.202903,292,1273,4
0.106229,542,151708,279
0.244195,66,81,1
0.277017,4001,454540,113
0.291825,127,158,1
0.14371,109,113,1
0.131667,1228,20692,16
0.33,3943,246151,62
0.168242,4001,327393,81
0.391674,121,445,3
0.325111,153,455,2
0.211906,179,1149,6
0.131667,4001,261634,65
0.396968,89,90,1
0.225576,266,2227,8
0.170579,346,3192,9
0.22014,98,113,1
0.306667,2387,146488,61
0.301785,1227,97544,79
0.318333,1178,53653,45
0.332468,87,113,1
0.093542,563,40397,71
0.26,377,10575,28
0.283074,408,3893,9
0.091829,541,24283,44
0.19,4001,369348,92
0.144718,90,102,1
0.171412,1086,135410,124
0.233124,98,109,1
0.108333,883,58403,66
0.143333,2512,151575,60
0.201667,78,234,3
0.144104,84,94,1
0.251007,258,812,3
0.203074,184,421,2
0.33,2847,156300,54
0.271667,4001,272345,68
0.322343,97,106,1
0.219319,130,240,1
0.242116,148,177,1
0.316225,508,12788,25
0.182089,580,31892,54
0.239809,172,247,1
0.380131,147,374,2
0.245213,81,92,1
0.070768,85,115,1
0.178333,382,7231,18
0.155269,95,106,1
0.198257,206,255,1
0.351397,73,91,1
0.397393,361,2248,6
0.1068,534,31035,58
0.375219,101,102,1
0.376667,244,2845,11
0.367693,85,104,1
0.388776,148,156,1
0.178333,4001,283293,70
0.054823,102,519,5
0.08137,308,620,2
0.234647,103,136,1
0.073333,916,44083,48
0.081833,417,16846,40
0.155407,4001,270373,67
0.08307,264,2844,10
0.350443,96,98,1
0.167433,206,252,1
0.19,1254,31173,24
0.391113,88,113,1
0.143333,4001,278479,69
0.388797,86,155,1
0.321511,350,2641,7
0.289006,97,98,1
0.295,696,12633,18
0.306667,1740,76134,43
0.09617,97,98,1
0.295,594,14435,24
0.068348,83,94,1
0.274773,95,300,3
0.31285,87,101,1
0.201667,3897,209240,53
0.198094,4001,225955,56
0.096667,1008,58827,58
0.056595,547,42879,78
0.258837,2714,226668,83
0.162129,122,201,1
0.171555,4001,263941,65
0.202897,986,12299,12
0.378715,135,147,1
0.295,299,4126,13
0.148153,366,1361,3
0.095462,435,542,1
0.11322,588,29203,49
0.166667,4001,266350,66
0.26,1613,69131,42
0.178333,4001,265453,66
0.131667,1032,63917,61
0.392181,97,100,1
0.143333,4001,298308,74
0.250347,144,155,1
0.169633,453,2342,5
0.247836,131,359,2
0.213333,397,6943,17
0.098589,97,99,1
0.108333,609,9455,15
0.126,49,53,1
0.327785,88,144,1
0.170922,104,107,1
0.211331,95,100,1
0.324935,107,118,1
0.085,54,411,7
0.232187,124,257,2
0.280809,114,173,1
0.349789,82,105,1
0.114554,335,4484,13
0.061667,342,42587,124
0.131667,79,198,2
0.376839,77,97,1
0.213333,2860,159246,55
0.155,4001,259730,64
0.084802,542,37499,69
0.114354,542,7574,13
0.236667,4001,260761,65
0.310308,80,101,1
0.075663,548,24471,44
0.215773,101,149,1
0.277517,1469,23360,15
0.144929,267,976,3
0.319874,81,94,1
0.05386,563,28883,51
0.116368,326,463,1
0.131667,290,7056,24
0.213333,1685,108929,64
0.19,4001,286475,71
0.081887,183,202,1
0.33,3916,279344,71
0.061667,1127,66810,59
0.376687,75,100,1
0.108333,927,66944,72
0.381164,73,90,1
0.252106,4001,291109,72
0.167693,86,105,1
0.364114,89,95,1
0.085,685,37146,54
0.248333,1709,87488,51
0.107818,221,261,1
0.19,63,475,7
0.111077,243,1597,6
0.166289,76,106,1
0.166667,4001,277896,69
0.085,1371,63720,46
0.209957,789,16345,20
0.290904,794,29638,37
0.236667,938,49344,52
0.225,3013,124805,41
0.353333,61,508,8
0.143333,1419,59670,42
0.300783,84,86,1
0.179378,106,133,1
0.061667,771,47555,61
0.207541,149,267,1
0.053572,334,8812,26
0.073333,571,57711,101
0.057179,542,37098,68
0.24333,98,150,1
0.243664,364,765,2
0.100914,114,156,1
0.230943,2094,250682,119
0.201904,93,119,1
0.248333,863,26747,30
0.157101,119,155,1
0.194909,92,106,1
0.271667,241,4925,20
0.208341,369,497,1
0.155,4001,252546,63
0.179512,143,1734,12
0.158262,278,760,2
0.36805,112,235,2
0.188587,4001,365071,91
0.08855,591,47442,80
0.120149,96,105,1
0.186353,140,193,1
0.270134,147,676,4
0.079851,100,102,1
0.222279,76,92,1
0.248333,210,2524,12
0.082173,437,20592,47
0.110336,125,217,1
0.127822,542,18432,34
0.180723,4001,296479,74
0.361817,96,104,1
0.303377,87,93,1
0.286662,91,103,1
0.073333,761,60655,79
0.103173,76,101,1
0.256301,107,134,1
0.085,109,1401,12
0.356186,217,473,2
0.128388,94,113,1
0.353333,189,3433,18
