evolution rate,length lived,species population time,population
0.26,63,222,3
0.151512,96,165,1
0.209962,76,87,1
0.05,170,3179,18
0.178333,3537,162289,45
0.155,575,14765,25
0.156775,130,253,1
0.381738,120,153,1
0.211032,4001,253207,63
0.137445,495,23293,47
0.155,4001,264792,66
0.056239,416,20713,49
0.096452,90,91,1
0.166667,4001,282938,70
0.295,2289,87637,38
0.267585,2873,114918,39
0.318333,996,30269,30
0.254797,210,392,1
0.124394,67,97,1
0.376667,295,2571,8
0.117527,95,97,1
0.134447,61,77,1
0.201107,82,106,1
0.225,529,7690,14
0.225593,115,152,1
0.355006,82,98,1
0.305722,2918,158564,54
0.281906,95,98,1
0.056567,315,2204,6
0.061667,239,6050,25
0.060173,416,1094,2
0.244218,432,1961,4
0.277121,100,134,1
0.201191,322,989,3
0.143333,4001,271952,67
0.35963,72,91,1
0.200722,142,513,3
0.33,2011,64659,32
0.225,4001,221057,55
0.147996,95,362,3
0.381613,94,97,1
0.19,4001,283145,70
0.362581,103,105,1
0.271667,104,956,9
0.061667,1114,54547,48
0.225756,66,84,1
0.386485,102,107,1
0.355406,110,249,2
0.240007,197,402,2
0.115998,185,249,1
0.19,4001,295512,73
0.273968,406,1344,3
0.257784,138,151,1
0.30012,80,194,2
0.143333,618,13003,21
0.359064,98,151,1
0.056251,382,5090,13
0.155,4001,294479,73
0.248175,474,5368,11
0.271338,91,100,1
0.178333,4001,228345,57
0.369395,705,36259,51
0.091681,416,7084,17
0.162951,85,99,1
0.200299,4001,263263,65
0.130129,433,27387,63
0.240411,227,450,1
0.382771,161,387,2
0.271667,106,1036,9
0.27292,146,215,1
0.123871,79,117,1
0.143333,4001,310772,77
0.388333,1357,87063,64
0.078499,589,20542,34
0.19,4001,302063,75
0.318333,1026,50108,48
0.125919,140,228,1
0.271925,119,135,1
0.261349,154,321,2
0.224029,76,95,1
0.302071,93,109,1
0.306667,374,5535,14
0.058011,88,104,1
0.254547,124,196,1
0.353333,110,1290,11
0.126122,254,8842,34
0.201667,2673,151774,56
0.28938,4001,250316,62
0.341667,78,102,1
0.081188,85,86,1
0.33815,93,103,1
0.143333,4001,292642,73
0.080873,366,15926,43
0.23999,83,94,1
0.155,320,3032,9
0.298374,160,408,2
0.280873,102,107,1
0.353333,252,1150,4
0.074269,97,108,1
0.132646,162,302,1
0.14805,180,555,3
0.068125,108,155,1
0.302839,189,380,2
0.05,429,16578,38
0.362435,112,116,1
0.236667,597,43642,73
0.343216,187,295,1
0.360883,78,153,1
0.388333,337,8579,25
0.328996,538,23016,42
0.342132,1475,62677,42
0.225,4001,259754,64
0.221663,91,114,1
0.371031,153,189,1
0.252054,133,217,1
0.166667,65,673,10
0.178863,126,185,1
0.155,4001,269193,67
0.209257,163,239,1
0.19,4001,299971,74
0.284199,424,4666,11
0.295097,153,393,2
0.388333,3625,196072,54
0.306667,758,22940,30
0.331792,83,96,1
0.269569,95,101,1
0.248333,4001,247146,61
0.306667,1094,16492,15
0.150279,746,4255,5
0.076823,240,279,1
0.264761,134,309,2
0.249581,99,152,1
0.155,3870,221877,57
0.131667,2536,186863,73
0.145169,416,2239,5
0.306875,81,94,1
0.349508,105,258,2
0.23927,84,133,1
0.388333,253,2817,11
0.351732,181,1050,5
0.343995,98,107,1
0.178333,4001,266749,66
0.302214,70,133,1
0.323459,106,225,2
0.329668,59,105,1
0.271667,467,4169,8
0.177135,471,1734,3
0.213333,958,52189,54
0.063044,146,158,1
0.135366,97,158,1
0.388333,66,537,8
0.318333,1078,28818,26
0.258178,773,13822,17
0.225,4001,287051,71
0.159639,124,152,1
0.059621,99,156,1
0.365,4001,276041,68
0.378675,147,301,2
0.269286,54,56,1
0.089542,105,254,2
0.074957,416,133272,320
0.351804,385,4171,10
0.288496,422,3751,8
0.151677,194,234,1
0.365,739,15225,20
0.072782,93,95,1
0.076021,180,299,1
0.228137,80,102,1
0.143333,4001,284060,70
0.376899,203,1098,5
0.118357,212,348,1
0.225,4001,284755,71
0.184475,269,1796,6
0.334872,104,173,1
0.283333,4001,282274,70
0.225,1230,31707,25
0.178333,53,126,2
0.351187,118,201,1
0.328224,235,914,3
0.105856,93,100,1
0.271667,643,12135,18
0.225,2457,120684,49
0.155,4001,292761,73
0.186533,113,145,1
0.107611,138,152,1
0.142999,4001,285903,71
0.263964,486,2552,5
0.102363,492,4480,9
0.185912,201,1053,5
0.248333,1078,20733,19
0.361866,72,96,1
0.166667,4001,264910,66
0.395286,394,3419,8
0.290002,2126,47867,22
0.17623,4001,272109,68
0.283333,1932,106063,54
0.276159,93,150,1
0.073333,749,46559,62
0.369164,94,151,1
0.143333,4001,261759,65
0.15613,263,540,2
0.08305,213,344,1
0.341667,1504,56250,37
0.221123,268,533,1
0.248333,4001,300889,75
0.089782,127,275,2
0.100957,103,107,1
0.271667,509,11279,22
0.26,2001,57221,28
0.098333,240,967,4
0.26,70,664,9
0.308102,168,242,1
0.220078,1688,52336,31
0.109315,106,111,1
0.137082,340,1071,3
0.291098,184,297,1
0.248333,607,6140,10
0.154785,132,256,1
0.143333,4001,235598,58
0.243866,194,2597,13
0.32498,105,112,1
0.19,4001,294879,73
0.19,4001,290851,72
0.201667,1552,21228,13
0.356685,175,221,1
0.061667,82,1329,16
0.30411,87,103,1
0.05178,375,8100,21
0.154775,374,7537,20
0.067437,129,347,2
0.348546,97,100,1
0.363883,203,403,1
0.213333,4001,262629,65
0.30667,84,102,1
0.137966,267,1257,4
0.166667,261,1699,6
0.143333,1996,133734,67
0.350034,74,99,1
0.166667,64,668,10
0.197934,400,4811,12
0.13182,95,98,1
0.215739,89,99,1
0.072769,217,2376,10
0.309896,99,111,1
0.19,4001,270880,67
0.0649,406,14911,36
0.306541,94,97,1
0.22786,388,1497,3
0.061667,394,14467,36
0.376667,1901,93133,48
0.388333,3042,170922,56
0.099948,187,1665,8
0.264409,4001,245980,61
0.349473,221,1256,5
0.178333,4001,291492,72
0.275702,234,759,3
0.390196,213,379,1
0.343497,85,104,1
0.139869,126,156,1
0.143333,4001,248871,62
0.385251,112,140,1
0.283333,60,133,2
0.30234,641,19520,30
0.206438,105,141,1
0.357339,84,98,1
0.236667,222,3477,15
0.166667,1476,81927,55
0.39592,92,133,1
0.155,4001,252248,63
0.358478,117,245,2
0.363468,149,1060,7
0.363729,151,192,1
0.236667,843,6064,7
0.283333,1953,93165,47
0.289404,400,1739,4
0.155,4001,303792,75
0.131667,1094,111506,101
0.38292,85,110,1
0.155,4001,298920,74
0.083348,99,105,1
0.213333,4001,275667,68
0.351675,124,132,1
0.274877,157,336,2
0.090175,604,26575,43
0.108333,767,35977,46
0.257785,81,86,1
0.205815,200,290,1
0.125237,93,96,1
0.131667,1003,70173,69
0.171628,82,87,1
0.104453,127,153,1
0.271667,245,5078,20
0.371408,132,140,1
0.171692,665,10780,16
0.248333,254,6714,26
0.151382,165,327,1
0.355831,77,146,1
0.394538,103,105,1
0.389322,116,419,3
0.152529,95,98,1
0.278314,160,218,1
0.143333,4001,294454,73
0.1974,108,162,1
0.383367,151,261,1
0.236667,4001,280922,70
0.295,1200,33422,27
0.365549,104,158,1
0.178333,4001,239948,59
0.305081,918,24502,26
0.166667,4001,280264,70
0.068355,158,2655,16
0.208259,87,92,1
0.378385,300,3176,10
0.313139,72,92,1
0.056134,259,430,1
0.245161,86,100,1
0.155,1459,75661,51
0.050016,103,104,1
0.166667,4001,247629,61
0.069857,412,4715,11
0.140015,1092,49364,45
0.262721,4001,257170,64
0.139926,154,246,1
0.226087,2411,97069,40
0.155,4001,258681,64
0.272623,176,306,1
0.081494,477,4300,9
0.143333,4001,287362,71
0.141503,677,5801,8
0.068651,79,103,1
0.143333,4001,290764,72
0.306667,1091,23546,21
0.347496,86,93,1
0.277742,79,102,1
0.248333,264,1442,5
0.216347,109,270,2
0.230181,88,97,1
0.365,123,1472,11
0.197254,345,3525,10
0.195459,69,86,1
0.155,4001,287474,71
0.236667,1889,54252,28
0.213333,3428,168669,49
0.073333,516,48213,93
0.328864,85,102,1
0.111876,449,21446,47
0.295,756,14837,19
0.283333,1880,115921,61
0.301364,68,69,1
0.365,203,1876,9
0.24695,187,407,2
0.333882,130,165,1
0.160046,88,149,1
0.283333,312,5594,17
0.095136,235,458,1
0.26,64,151,2
0.123968,704,80220,113
0.124559,426,28650,67
0.151131,107,159,1
0.225,750,8080,10
0.269298,125,178,1
0.248333,4001,283178,70
0.34031,329,23485,71
0.35673,91,92,1
0.374282,120,133,1
0.263384,150,386,2
0.354029,194,247,1
0.131667,2253,186656,82
0.264454,84,97,1
0.131667,337,28275,83
0.295,1588,129533,81
0.347635,168,240,1
0.221931,4001,290304,72
0.173423,83,125,1
0.220058,74,95,1
0.19,4001,270336,67
0.239669,119,135,1
0.266147,143,201,1
0.131667,71,733,10
0.248333,1758,59302,33
0.346821,106,114,1
0.346796,83,109,1
0.12953,269,9465,35
0.333463,51,69,1
0.388238,126,206,1
0.178333,225,2035,9
0.326385,133,427,3
0.236667,311,5036,16
0.26984,146,568,3
0.370173,139,215,1
0.204375,4001,336984,84
0.073333,1003,23163,23
0.160025,103,114,1
0.361492,96,100,1
0.26,1006,16117,16
0.345833,81,95,1
0.19,4001,272661,68
0.225,1512,63943,42
0.121169,95,114,1
0.061667,676,16123,23
0.253584,489,1099,2
0.092781,95,101,1
0.12,225,3131,13
0.153699,119,150,1
0.076919,93,221,2
0.178333,4001,248543,62
0.328461,326,1895,5
0.146973,410,606,1
0.305511,2833,160917,56
0.248333,815,17816,21
0.393159,115,308,2
0.200516,94,210,2
0.318333,122,1028,8
0.302481,134,256,1
0.155,4001,289683,72
0.321646,88,101,1
0.161544,2611,81017,31
0.110564,101,107,1
0.271667,98,550,5
0.26,1471,46887,31
0.173115,129,230,1
0.085,298,13163,44
0.060211,178,665,3
0.399633,111,156,1
0.166667,4001,349906,87
0.184908,573,13922,24
0.375005,126,142,1
0.248333,1973,33820,17
0.130058,133,149,1
0.178333,64,159,2
0.271579,176,237,1
0.286726,180,940,5
0.372343,183,291,1
0.12,596,31870,53
0.285681,1249,64828,51
0.117058,416,2056,4
0.213333,120,1030,8
0.219312,113,194,1
0.386532,164,210,1
0.207968,107,112,1
0.271667,58,147,2
0.240497,464,2157,4
0.050496,137,152,1
0.161823,83,95,1
0.16046,129,203,1
0.122666,785,2922,3
0.26,60,451,7
0.094745,415,14743,35
0.182046,313,1430,4
0.145755,995,49255,49
0.127781,96,109,1
0.070071,186,1570,8
0.273269,121,155,1
0.306667,966,8837,9
0.114553,422,6588,15
0.149349,140,154,1
0.262487,553,7933,14
0.074729,161,199,1
0.166667,4001,271621,67
0.275135,98,146,1
0.282083,326,1978,6
0.143333,4001,381363,95
0.238364,229,664,2
0.155,4001,276369,69
0.329233,219,901,4
0.155,4001,245872,61
0.069754,94,156,1
0.201667,4001,296100,74
0.111196,94,105,1
0.367573,87,94,1
0.098996,446,9940,22
0.119778,97,158,1
0.225,4001,242247,60
0.283768,90,98,1
0.143333,4001,299381,74
0.07211,95,194,2
0.166667,4001,276286,69
0.295,1593,69292,43
0.286185,92,101,1
0.178333,4001,238228,59
0.197148,250,1252,5
0.176084,726,20507,28
0.135945,416,7818,18
0.05,1037,61614,59
0.264134,79,98,1
0.26,223,1893,8
0.261419,96,98,1
0.216287,144,194,1
0.166667,4001,280502,70
0.271667,1031,38096,36
0.102015,78,92,1
0.213333,4001,284177,71
0.134104,415,33711,81
0.306849,1864,89337,47
0.332142,102,106,1
0.085,1003,48548,48
0.175905,76,91,1
0.374806,101,213,2
0.242919,1146,49015,42
0.129802,150,193,1
0.085,322,36293,112
0.09864,88,101,1
0.120366,252,304,1
0.193469,126,254,2
0.177654,401,8064,20
0.37775,1415,59015,41
0.155579,810,26756,33
0.247869,1801,88607,49
0.388333,715,26873,37
0.288806,326,2321,7
0.344546,97,141,1
0.38138,2496,137646,55
0.097715,380,9410,24
0.321918,718,11769,16
0.222574,915,13079,14
0.155762,182,737,4
0.33,115,783,6
0.138642,873,13823,15
0.169992,88,96,1
0.33,247,1306,5
0.33609,115,157,1
0.166667,4001,281160,70
0.26,2675,142496,53
0.213333,4001,274738,68
0.131667,1092,23517,21
0.131403,104,741,7
0.166667,4001,245696,61
0.376667,1368,59409,43
0.053797,966,3114,3
0.286245,79,91,1
0.250361,97,158,1
0.088779,560,3525,6
0.096667,765,16716,21
0.215644,327,1877,5
0.143333,4001,272532,68
0.174153,373,5819,15
0.214367,77,106,1
0.283333,87,738,8
0.277707,80,102,1
0.19,4001,279653,69
0.126715,169,195,1
0.103823,453,3285,7
0.333868,92,96,1
0.372918,131,250,1
0.398296,133,193,1
0.362092,96,145,1
0.365,222,2251,10
0.248333,1735,34593,19
0.178333,4001,237268,59
0.265033,81,108,1
0.084037,119,142,1
0.103095,203,243,1
0.119401,862,40546,47
0.143333,4001,266108,66
0.353333,1700,86255,50
0.06453,93,100,1
0.155,505,3327,6
0.102173,136,148,1
0.178333,4001,261800,65
0.155,64,182,2
0.214874,141,196,1
0.111162,361,6566,18
0.305085,78,86,1
0.091969,269,1336,4
0.087927,329,2454,7
0.271667,92,616,6
0.074133,511,13824,27
0.262702,365,4524,12
0.201128,75,92,1
0.338491,145,151,1
0.34935,82,158,1
0.371986,91,93,1
0.122004,138,187,1
0.125103,416,26020,62
0.204753,84,107,1
0.283333,60,696,11
0.065553,112,116,1
0.155,4001,263066,65
0.122617,416,22980,55
0.261097,130,212,1
0.388333,4001,252655,63
0.11791,77,89,1
0.33,2730,139747,51
0.318333,4001,216517,54
0.12,1090,52745,48
0.273502,78,87,1
0.155,4001,280490,70
0.283635,332,7247,21
0.361571,133,154,1
0.303996,2107,118666,56
0.203963,4001,360351,90
0.127616,320,2916,9
0.108333,337,8671,25
0.282529,86,91,1
0.133545,1797,95890,53
0.088648,241,2443,10
0.108333,506,42687,84
0.369568,95,103,1
0.360952,128,270,2
0.143333,4001,260670,65
0.213333,2253,81612,36
0.138783,107,114,1
0.096667,427,13962,32
0.304917,948,23993,25
0.08926,174,382,2
0.248333,326,2686,8
0.298035,97,151,1
0.201463,120,195,1
0.178333,4001,276184,69
0.118594,84,88,1
0.264449,85,99,1
0.178333,4001,268983,67
0.201667,1351,55917,41
0.076894,495,18441,37
0.178333,4001,215168,53
0.054357,96,101,1
0.331193,80,85,1
0.201667,245,1285,5
0.368888,95,107,1
0.140895,2084,163431,78
0.166667,4001,326111,81
0.397656,686,42137,61
0.235324,91,98,1
0.217904,207,609,2
0.05,586,34234,58
0.3955,85,248,2
0.155,4001,269135,67
0.096679,417,183631,440
0.120876,213,964,4
0.143333,4001,497589,124
0.26,1868,81019,43
0.085811,340,1190,3
0.155,4001,247708,61
0.17558,374,1291,3
0.30871,215,466,2
0.178333,4001,267235,66
0.085625,97,102,1
0.107072,91,99,1
0.376667,66,737,11
0.22684,151,200,1
0.361766,144,212,1
0.313331,544,4257,7
0.108333,765,11848,15
0.213333,1851,49647,26
0.102707,91,154,1
0.166667,4001,285403,71
0.248333,88,237,2
0.216996,92,98,1
0.057709,87,106,1
0.07866,165,564,3
0.316874,47,49,1
0.263271,172,568,3
0.131667,337,48863,144
0.232183,833,24559,29
0.311094,4001,246368,61
0.172522,86,139,1
0.399077,194,839,4
0.193463,95,104,1
0.155,566,8726,15
0.210693,104,555,5
0.143333,4001,260689,65
0.365,1199,23111,19
0.287261,77,95,1
0.294659,98,142,1
0.248333,832,10436,12
0.264363,143,297,2
0.306236,93,103,1
0.143333,343,931,2
0.361755,97,105,1
0.393141,122,207,1
0.178333,4001,296531,74
0.192914,109,262,2
0.120428,416,14315,34
0.241214,177,310,1
0.248333,815,15068,18
0.166667,4001,273893,68
0.107969,258,2492,9
0.361366,77,98,1
0.240441,96,101,1
0.143333,74,1138,15
0.26,2072,68214,32
0.074119,416,19900,47
0.096667,571,7151,12
0.192797,99,159,1
0.065879,265,596,2
0.066837,416,10127,24
0.110091,95,104,1
0.131667,312,3299,10
0.21071,87,113,1
0.309051,93,104,1
0.178333,4001,293791,73
0.26,1116,36947,33
0.374371,90,142,1
0.155,4001,255873,63
0.225,1432,36427,25
0.102041,315,9393,29
0.341667,98,638,6
0.076391,416,16755,40
0.256526,833,41733,50
0.216488,129,249,1
0.225,880,22849,25
0.291745,100,305,3
0.201667,4001,261610,65
0.090609,361,20101,55
0.385123,461,2372,5
0.36734,80,98,1
0.085842,317,726,2
0.115018,56,59,1
0.121236,92,99,1
0.061667,608,19511,32
0.201667,2050,112957,55
0.274165,124,251,2
0.201667,57,426,7
0.19,1194,17548,14
0.178333,3631,126723,34
0.388427,81,87,1
0.068112,477,27555,57
0.365,61,584,9
0.344148,1121,13711,12
0.399739,681,7426,10
0.263501,4001,277002,69
0.11271,501,32086,64
0.093854,99,148,1
0.213333,1234,77374,62
0.194762,590,2136,3
0.290913,101,114,1
0.201667,1694,32335,19
0.081274,273,842,3
0.166667,4001,317960,79
0.112512,376,1565,4
0.157765,155,436,2
0.318333,62,140,2
0.115336,288,879,3
0.268116,111,432,3
0.344748,152,285,1
0.118395,300,1313,4
0.188348,4001,533453,133
0.178333,4001,256709,64
0.085539,94,107,1
0.201667,4001,338319,84
0.071987,318,1088,3
0.073442,84,94,1
0.108333,687,36339,52
0.168063,102,127,1
0.10437,100,105,1
0.143333,4001,291292,72
0.280831,66,93,1
0.375482,95,105,1
0.162004,101,104,1
0.108333,777,32060,41
0.120603,413,3620,8
0.225,4001,259443,64
0.330735,145,158,1
0.260015,25,41,1
0.05,698,11414,16
0.343076,185,653,3
0.09149,200,1801,9
0.225,4001,259326,64
0.378432,1250,28529,22
0.35967,85,137,1
0.143333,4001,252802,63
0.173782,315,1729,5
0.143333,4001,354456,88
0.262117,411,8964,21
0.277433,170,267,1
0.252769,104,106,1
0.13708,121,144,1
0.283333,1753,81106,46
0.16604,147,359,2
0.213333,4001,268542,67
0.166667,1155,157807,136
0.307365,2135,175449,82
0.259542,107,157,1
0.202241,80,91,1
0.232988,760,41210,54
0.255625,94,100,1
0.072444,107,158,1
0.236667,703,16485,23
0.39153,61,72,1
0.060748,143,647,4
0.201667,276,1262,4
0.075247,239,3599,15
0.050181,277,723,2
0.344386,509,9078,17
0.283333,1873,75492,40
0.311383,95,100,1
0.388333,288,1743,6
0.131068,462,23622,51
0.123948,89,98,1
0.219371,209,513,2
0.361691,402,1936,4
0.152693,80,94,1
0.157149,793,7994,10
0.373915,141,361,2
0.248333,226,4678,20
0.166923,144,170,1
0.357016,1714,214259,125
0.325623,2064,88650,42
0.227891,306,817,2
0.05099,416,3003,7
0.19,4001,242045,60
0.065932,343,5995,17
0.387834,109,141,1
0.096667,777,64690,83
0.258618,498,3402,6
0.18308,104,107,1
0.351685,129,138,1
0.314279,128,148,1
0.16532,370,15444,41
0.376087,2593,237595,91
0.341667,78,197,2
0.237254,78,102,1
0.100128,416,37556,90
0.078026,162,2849,17
0.146681,1680,52884,31
0.349804,1667,53463,32
0.147469,1748,78624,44
0.239298,4001,257797,64
0.220252,131,144,1
0.155,4001,264538,66
0.073081,315,4149,13
0.050476,440,1423,3
0.201667,4001,267096,66
0.393307,128,154,1
0.25225,53,58,1
0.248333,4001,282197,70
0.385649,94,105,1
0.201667,4001,262613,65
0.341667,1912,83034,43
0.311505,500,9157,18
0.308864,145,1186,8
0.166667,1679,21123,12
0.370434,102,105,1
0.26,155,946,6
0.262617,77,89,1
0.274462,91,111,1
0.178333,4001,291440,72
0.293108,328,2301,7
0.250418,90,142,1
0.277312,70,80,1
0.061667,93,1094,11
0.383688,98,238,2
0.388333,82,619,7
0.333733,146,195,1
0.23956,100,104,1
0.362737,74,148,2
0.389391,84,94,1
0.388333,104,718,6
0.334326,648,19846,30
0.338509,946,14197,15
0.259375,137,330,2
0.160031,150,335,2
0.149478,171,445,2
0.061535,986,43856,44
0.376667,401,15648,39
0.281401,89,103,1
0.072126,315,2670,8
0.295,3865,227327,58
0.175096,93,141,1
0.250261,3041,218117,71
0.108333,450,22201,49
0.240344,303,1304,4
0.327352,105,163,1
0.295,64,651,10
0.243872,439,6085,13
0.155,4001,296304,74
0.295,1017,35244,34
0.197383,98,248,2
0.155,4001,296028,73
0.213374,277,581,2
0.155,4001,317272,79
0.360639,236,715,3
0.370757,139,247,1
0.265134,110,193,1
0.213333,905,17655,19
0.097017,101,107,1
0.38422,87,97,1
0.073333,630,47368,75
0.160668,123,145,1
0.080514,417,2547,6
0.377571,655,6896,10
0.264033,91,149,1
0.216888,79,102,1
0.341765,1107,60657,54
0.166562,299,557,1
0.061667,493,38347,77
0.382257,83,158,1
0.139087,313,1323,4
0.33,282,4309,15
0.373907,945,21830,23
0.118505,91,100,1
0.248333,63,424,6
0.057182,413,17639,42
0.341667,67,200,2
0.362993,73,83,1
0.283346,85,108,1
0.363758,89,102,1
0.247305,402,2450,6
0.08042,414,20140,48
0.141447,154,728,4
0.385013,90,103,1
0.290629,48,58,1
0.236667,4001,287278,71
0.120375,445,2100,4
0.065512,367,8321,22
0.085835,85,91,1
0.143187,4001,269590,67
0.056642,416,15594,37
0.148469,101,106,1
0.33,1424,63008,44
0.136916,132,160,1
0.352818,94,110,1
0.380593,83,198,2
0.081006,199,2153,10
0.213333,4001,279619,69
0.26,1146,34629,30
0.258799,104,111,1
0.131667,1514,95225,62
0.217243,86,89,1
0.213333,4001,287672,71
0.166667,4001,285805,71
0.077186,92,136,1
0.365256,255,663,2
0.225,348,4007,11
0.39368,133,146,1
0.300503,85,103,1
0.19,4001,251128,62
0.368058,916,17388,18
0.348554,86,106,1
0.056068,93,100,1
0.106253,103,112,1
0.33991,90,150,1
0.19,279,3324,11
0.222136,602,22330,37
0.177021,899,22912,25
0.186597,4001,282785,70
0.09268,417,101389,243
0.201562,217,5116,23
0.346269,704,29809,42
0.3438,2824,183549,64
0.144802,930,15437,16
0.229843,245,1099,4
0.065803,360,2402,6
0.091864,109,155,1
0.346161,95,101,1
0.18058,125,266,2
0.166667,314,4595,14
0.155,2591,174283,67
0.271667,4001,235451,58
0.353333,1458,37823,25
0.085117,236,1614,6
0.143333,4001,283393,70
0.130733,284,4443,15
0.156063,131,151,1
0.280229,712,17146,24
0.131667,1013,80849,79
0.340307,102,157,1
0.131667,765,50059,65
0.358757,619,15603,25
0.370458,113,121,1
0.201667,442,4623,10
0.176692,78,79,1
0.16327,164,200,1
0.376667,62,494,7
0.185959,165,564,3
0.36207,87,93,1
0.102897,415,27324,65
0.061586,330,7905,23
0.072245,83,94,1
0.143333,908,18582,20
0.178333,3109,215757,69
0.201667,121,1692,13
0.398731,80,92,1
0.155,4001,254484,63
0.388333,49,86,1
0.338716,85,101,1
0.120663,293,1833,6
0.143333,4001,276866,69
0.114616,448,128725,287
0.356046,100,110,1
0.285722,96,99,1
0.371831,4001,239805,59
0.114023,131,138,1
0.14002,85,96,1
0.310508,279,557,1
0.096667,754,17076,22
0.103674,272,1312,4
0.187178,133,146,1
0.143333,4001,305327,76
0.394283,104,112,1
0.181175,402,971,2
0.143333,4001,291030,72
0.143333,1092,52723,48
0.138298,90,91,1
0.206836,219,391,1
0.236667,176,962,5
0.200864,90,105,1
0.166667,64,518,8
0.193175,100,113,1
0.274098,99,117,1
0.225207,120,164,1
0.295,236,2377,10
0.298129,83,92,1
0.155,2812,154975,55
0.261768,90,100,1
0.36362,92,106,1
0.188318,94,104,1
0.347778,2705,177984,65
0.365,434,6279,14
0.052639,457,75572,165
0.283904,159,173,1
0.365,108,224,2
0.236667,2536,98385,38
0.155,4001,278350,69
0.207103,306,736,2
0.076402,95,114,1
0.131667,1193,57389,48
0.165961,81,95,1
0.085,272,1230,4
0.332013,84,91,1
0.280151,160,335,2
0.166667,4001,235945,58
0.353124,153,223,1
0.26173,167,610,3
0.126316,114,115,1
0.155218,4001,332853,83
0.295666,117,150,1
0.143333,4001,281453,70
0.178333,4001,247437,61
0.288723,107,116,1
0.235658,92,106,1
0.155,4001,268268,67
0.254388,90,92,1
0.102007,123,198,1
0.070022,286,1577,5
0.073333,844,82337,97
0.165153,4001,288482,72
0.166667,4001,274440,68
0.126004,95,152,1
0.24065,104,113,1
0.178333,4001,261037,65
0.129746,243,3125,12
0.192664,54,59,1
0.182188,79,92,1
0.201667,543,11199,20
0.094649,132,253,1
0.056669,548,1637,2
0.178333,4001,259880,64
0.306429,251,5595,22
0.139752,360,1893,5
0.088918,95,96,1
0.233014,4001,291296,72
0.309528,100,154,1
0.324056,77,111,1
0.367401,121,312,2
0.064648,92,144,1
0.141059,782,15724,20
0.19,4001,250218,62
0.347934,147,333,2
0.350584,74,94,1
0.166667,4001,253638,63
0.353333,60,199,3
0.336464,77,148,1
0.19,4001,297407,74
0.330034,88,101,1
0.146154,277,2534,9
0.357525,79,93,1
0.094542,228,3465,15
0.222207,422,1465,3
0.336453,4001,253877,63
0.164376,465,17603,37
0.355409,83,108,1
0.266556,91,155,1
0.359307,333,4928,14
0.2433,4001,234350,58
0.19,1633,49230,30
0.166667,4001,288673,72
0.201667,1192,53056,44
0.383471,143,317,2
0.19,4001,207240,51
0.264565,469,9921,21
0.355943,398,1059,2
0.160659,140,202,1
0.365453,104,161,1
0.118551,445,20438,45
0.131667,131,2315,17
0.067803,257,6918,26
0.164986,4001,434228,108
0.306667,1141,23570,20
0.29615,131,203,1
0.364511,91,111,1
0.354261,92,108,1
0.254415,110,111,1
0.233154,81,103,1
0.245436,107,109,1
0.175897,70,97,1
0.06863,301,526,1
0.091407,416,3025,7
0.32602,174,195,1
0.361126,185,757,4
0.126424,66,82,1
0.330541,190,221,1
0.228813,77,158,2
0.23789,74,77,1
0.351718,665,45300,68
0.266565,873,31945,36
0.161332,67,83,1
0.127044,249,307,1
0.215844,4001,273425,68
0.219991,179,640,3
0.318504,424,3481,8
0.139664,465,1676,3
0.295,485,5041,10
0.181983,78,116,1
0.087519,159,232,1
0.318333,98,524,5
0.23675,216,1458,6
0.166667,4001,286930,71
0.338475,698,16544,23
0.10166,341,2611,7
0.11546,327,648,1
0.361261,415,10992,26
0.146824,1461,78221,53
0.255725,86,149,1
0.311928,2571,124030,48
0.085,333,3130,9
0.080669,219,584,2
0.265633,148,219,1
0.073333,536,40589,75
0.330499,371,1445,3
0.156716,178,367,2
0.260576,95,101,1
0.26,197,2483,12
0.110753,126,240,1
0.06376,363,11417,31
0.080044,703,18077,25
0.271667,1092,161247,147
0.191594,4001,359042,89
0.366197,108,201,1
0.263012,101,108,1
0.08523,106,108,1
0.201667,2779,167577,60
0.213333,4001,247786,61
0.155,4001,299692,74
0.318333,1166,98612,84
0.059281,608,24765,40
0.201667,4001,297320,74
0.096667,56,96,1
0.320198,736,21105,28
0.279968,109,247,2
0.371927,486,8552,17
0.304583,3262,181517,55
0.299093,268,1405,5
0.161836,44,45,1
0.271483,166,300,1
0.131667,315,6473,20
0.367369,80,96,1
0.167589,131,149,1
0.308393,177,683,3
0.166362,969,13751,14
0.201667,370,1154,3
0.154877,89,100,1
0.238939,383,1086,2
0.245249,201,896,4
0.108333,599,7890,13
0.398459,69,92,1
0.112391,867,21984,25
0.26,618,13444,21
0.051029,80,188,2
0.188267,544,1828,3
0.213333,520,9705,18
0.308758,524,10341,19
0.191792,89,96,1
0.131667,79,1111,14
0.060771,363,2255,6
0.318333,2337,107469,45
0.362317,90,205,2
0.355364,155,787,5
0.076418,217,241,1
0.166667,4001,311638,77
0.164996,615,4058,6
0.061667,362,3467,9
0.203511,118,287,2
0.126379,80,102,1
0.155,4001,280930,70
0.353333,1234,32142,26
0.149407,789,16637,21
0.178333,4001,301080,75
0.143333,2368,165037,69
0.335144,239,2760,11
0.05,452,39103,86
0.287539,130,257,1
0.37822,134,412,3
0.38074,118,200,1
0.376863,96,102,1
0.20025,88,101,1
0.085,336,4757,14
0.166547,85,92,1
0.166667,4001,259050,64
0.16716,89,99,1
0.221505,126,542,4
0.09034,280,6302,22
0.243315,4001,365721,91
0.062523,413,197254,477
0.393039,73,102,1
0.368323,92,109,1
0.103204,416,1525,3
0.109679,129,149,1
0.208167,106,157,1
0.155,4001,328148,82
0.143333,1205,107730,89
0.235676,142,256,1
0.397012,67,92,1
0.393403,116,624,5
0.187413,92,106,1
0.19454,205,460,2
0.178333,496,8828,17
0.159372,502,1818,3
0.136832,180,305,1
0.143333,4001,309717,77
0.061667,1257,101400,80
0.168148,81,99,1
0.200421,4001,267928,66
0.347868,98,115,1
0.363112,91,104,1
0.318333,167,1163,6
0.070345,322,9644,29
0.394312,109,427,3
0.198184,875,20426,23
0.350171,184,686,3
0.283333,58,142,2
0.058673,445,31910,71
0.07081,444,12813,28
0.318333,375,6698,17
0.123029,88,116,1
0.07407,83,100,1
0.376667,225,1643,7
0.194511,693,9138,13
0.101136,120,195,1
0.297159,2837,98180,34
0.25083,4001,290587,72
0.059681,416,22994,55
0.306667,2052,103357,50
0.223155,97,105,1
0.378767,81,90,1
0.131667,585,17036,29
0.354516,94,99,1
0.220027,166,195,1
0.166667,4001,265795,66
0.143333,1470,81430,55
0.217289,96,98,1
0.277815,322,987,3
0.388333,65,453,6
0.194066,350,6174,17
0.151749,545,2801,5
0.310338,103,112,1
0.096667,398,32681,82
0.248333,1787,27394,15
0.178333,4001,273709,68
0.206977,79,108,1
0.143333,4001,294001,73
0.311867,133,243,1
0.268812,90,99,1
0.225,4001,257552,64
0.366373,129,139,1
0.054569,105,351,3
0.225,4001,269939,67
0.131667,1074,85295,79
0.37104,140,208,1
0.264444,169,179,1
0.318333,169,1270,7
0.38491,167,311,1
0.122914,304,11528,37
0.093367,286,2305,8
0.283333,910,15550,17
0.325805,107,161,1
0.363401,138,146,1
0.152912,182,324,1
0.182322,833,21495,25
0.388333,945,20158,21
0.178912,1068,42085,39
0.271667,4001,240430,60
0.359106,103,115,1
0.10052,68,70,1
0.328776,389,1520,3
0.261648,154,170,1
0.252547,103,113,1
0.155,3850,252374,65
0.376667,1323,79346,59
0.093362,416,23570,56
0.09293,815,36411,44
0.34318,282,902,3
0.078545,96,99,1
0.143333,4001,301082,75
0.283333,1355,33134,24
0.053872,193,313,1
0.366831,93,97,1
0.141978,97,101,1
0.353333,380,5607,14
0.230951,85,100,1
0.153506,126,185,1
0.12,303,2825,9
0.266807,134,326,2
0.317001,81,88,1
0.225,4001,233614,58
0.360957,389,9501,24
0.109987,258,1936,7
0.209703,78,83,1
0.175983,87,92,1
0.201667,886,16123,18
0.259434,199,553,2
0.166667,4001,229152,57
0.156122,85,97,1
0.193682,279,1417,5
0.182163,4001,448949,112
0.271667,2411,72949,30
0.125277,100,227,2
0.12,754,46253,61
0.36363,72,85,1
0.365,90,289,3
0.131667,1252,102983,82
0.227893,264,1206,4
0.297678,353,1666,4
0.230638,152,246,1
0.319428,231,557,2
0.330418,83,150,1
0.201667,231,2991,12
0.067501,137,257,1
0.19,4001,393499,98
0.318333,1186,48190,40
0.18054,89,109,1
0.371206,88,154,1
0.365,447,9791,21
0.268009,90,107,1
0.121276,202,2567,12
0.166667,4001,292826,73
0.257344,92,100,1
0.276969,166,244,1
0.155928,247,339,1
0.063141,433,20235,46
0.186025,58,59,1
0.261651,92,153,1
0.272058,104,288,2
0.143333,59,359,6
0.143937,93,100,1
0.225,4001,287001,71
0.218355,241,321,1
0.250873,102,111,1
0.07365,69,92,1
0.236667,1079,16431,15
0.282213,85,97,1
0.067815,49,65,1
0.271667,881,14643,16
0.211652,158,175,1
0.11968,781,33333,42
0.155,4001,259699,64
0.140361,87,104,1
0.147355,230,539,2
0.102788,442,23716,53
0.128782,416,7903,18
0.109294,356,8916,25
0.368614,167,330,1
0.096667,406,36219,89
0.131759,184,265,1
0.242236,1653,50256,30
0.207639,4001,274820,68
0.174442,96,97,1
0.166667,4001,246680,61
0.236945,99,163,1
0.314601,237,3072,12
0.050065,124,210,1
0.250109,474,11125,23
0.170472,143,630,4
0.192513,169,237,1
0.213209,4001,265402,66
0.088145,93,98,1
0.055857,843,33512,39
0.273779,85,102,1
0.143333,1861,72292,38
0.10504,76,99,1
0.155,4001,279798,69
0.143333,2591,109614,42
0.178333,4001,220738,55
0.102535,175,661,3
0.057718,155,179,1
0.155,4001,298031,74
0.24897,934,17980,19
0.261767,185,929,5
0.143333,1019,61061,59
0.249123,487,2083,4
0.299283,84,97,1
0.131667,1182,70648,59
0.142804,416,15250,36
0.326209,285,1095,3
0.341667,697,11194,16
0.056336,89,103,1
0.143333,4001,288284,72
0.10096,443,21386,48
0.273368,66,83,1
0.166667,4001,286988,71
0.353461,64,84,1
0.175759,97,103,1
0.13202,457,12383,27
0.178333,636,17884,28
0.373324,71,89,1
0.259755,242,1064,4
0.365,67,140,2
0.310986,80,180,2
0.085305,465,4030,8
0.368675,110,156,1
0.155,1087,22746,20
0.337902,77,93,1
0.375319,341,1176,3
0.205715,349,903,2
0.295,2007,100539,50
0.257064,51,84,1
0.236667,364,3079,8
0.241962,91,97,1
0.235204,134,278,2
0.248333,737,13039,17
0.139759,383,7565,19
0.083614,377,500,1
0.147824,102,111,1
0.265217,88,103,1
0.057569,118,138,1
0.201667,64,568,8
0.08896,92,139,1
0.26995,93,97,1
0.271667,3643,210593,57
0.131667,767,44238,57
0.294844,1308,66389,50
0.39839,86,138,1
0.061667,126,1693,13
0.201667,1215,29141,23
0.357667,88,92,1
0.255769,72,89,1
0.295,420,4771,11
0.157867,78,102,1
0.227993,117,131,1
0.071023,85,101,1
0.345205,161,526,3
0.250613,144,160,1
0.381853,118,322,2
0.278303,408,4338,10
0.109175,86,151,1
0.383887,171,291,1
0.225,225,2598,11
0.375275,103,106,1
0.31686,1582,191386,120
0.306923,132,142,1
0.12,507,10610,20
0.225,2198,101164,46
0.053346,71,92,1
0.248333,973,29006,29
0.213333,2069,70310,33
0.132068,94,97,1
0.085,189,2726,14
0.201667,4001,228166,57
0.271667,1037,21839,21
0.131205,95,103,1
0.166667,331,3143,9
0.351393,193,513,2
0.325417,93,114,1
0.349022,71,85,1
0.32788,79,93,1
0.096667,609,26790,43
0.226786,87,137,1
0.15945,80,108,1
0.295,254,3270,12
0.271667,1764,38363,21
0.236813,76,100,1
0.225,4001,241999,60
0.06567,88,147,1
0.070919,361,2255,6
0.379171,1921,82295,42
0.346267,69,142,2
0.275042,131,574,4
0.157145,101,152,1
0.389068,52,88,1
0.067374,468,9675,20
0.097383,170,237,1
0.306667,347,7347,21
0.349676,67,87,1
0.220982,174,205,1
0.213333,4001,267139,66
0.11699,832,51422,61
0.262393,2239,153136,68
0.318299,43,46,1
0.360556,4001,229627,57
0.093875,416,21682,52
0.143126,110,112,1
0.142317,416,587,1
0.318333,86,1017,11
0.348545,103,105,1
0.181822,280,352,1
0.248333,4001,292409,73
0.248333,1229,20604,16
0.126412,93,247,2
0.388333,102,450,4
0.193392,369,3403,9
0.102164,416,22168,53
0.335385,98,110,1
0.05,427,37274,87
0.086087,403,6057,15
0.166667,57,182,3
0.113084,416,2188,5
0.143333,4001,286369,71
0.211324,132,142,1
0.271667,2606,133581,51
0.116382,660,6816,10
0.236667,166,959,5
0.263351,86,144,1
0.198004,68,98,1
0.127209,285,401,1
0.149327,133,699,5
0.098205,565,4853,8
0.318333,272,2035,7
0.33,2099,26070,12
0.236667,4001,292126,73
0.05347,537,6840,12
0.142368,86,101,1
0.078026,87,112,1
0.341667,65,533,8
0.108868,416,6844,16
0.052001,409,20786,50
0.381899,209,446,2
0.27773,174,222,1
0.051412,416,7938,19
0.08379,297,715,2
0.143333,1072,11522,10
0.379491,92,98,1
0.164917,171,465,2
0.341505,107,138,1
0.221548,241,757,3
0.205084,206,368,1
0.313197,98,203,2
0.324276,87,98,1
0.120498,415,15097,36
0.344965,512,2857,5
0.268431,1339,108985,81
0.220009,2927,165438,56
0.096667,765,38484,50
0.367952,114,139,1
0.154886,93,149,1
0.05,517,31029,60
0.330477,1042,103073,98
0.162513,155,212,1
0.364803,95,110,1
0.125421,120,150,1
0.100097,220,3365,15
0.272435,612,6550,10
0.271667,890,9348,10
0.153027,796,10594,13
0.143333,4001,249487,62
0.355058,88,236,2
0.221504,88,103,1
0.178333,4001,268709,67
0.073333,1093,69376,63
0.072029,94,116,1
0.192159,135,159,1
0.085,603,45900,76
0.213333,4001,268450,67
0.335888,91,102,1
0.380364,104,138,1
0.376667,307,2169,7
0.196386,1252,63483,50
0.149515,76,90,1
0.33,65,631,9
0.315015,82,103,1
0.366404,111,116,1
0.158641,165,215,1
0.213333,374,8491,22
0.269655,87,90,1
0.247932,212,514,2
0.157093,536,889,1
0.26,1047,8698,8
0.319355,109,114,1
0.178333,4001,264095,66
0.248333,1048,35647,34
0.065345,82,85,1
0.297119,133,250,1
0.073333,324,37887,116
0.250548,283,1342,4
0.212478,133,198,1
0.067445,227,266,1
0.271667,237,3181,13
0.248333,1419,17774,12
0.159037,169,1335,7
0.201667,4001,265665,66
0.340309,93,112,1
0.090645,270,3078,11
0.213333,4001,284128,71
0.142355,83,101,1
0.213333,50,85,1
0.103148,415,8559,20
0.335701,99,100,1
0.236667,305,5179,16
0.101969,504,35057,69
0.386165,102,115,1
0.30313,3833,201702,52
0.163001,4001,279706,69
0.203586,139,160,1
0.288245,95,96,1
0.237374,202,386,1
0.216207,129,199,1
0.336996,89,91,1
0.342674,95,108,1
0.131667,61,824,13
0.153675,118,201,1
0.250613,289,518,1
0.33,371,8212,22
0.275466,87,89,1
0.340201,99,100,1
0.178333,4001,282912,70
0.265863,102,277,2
0.399021,150,395,2
0.21538,4001,254134,63
0.218097,88,99,1
0.178333,4001,288252,72
0.075242,83,105,1
0.270651,2860,187752,65
0.312597,83,102,1
0.067176,47,98,2
0.386987,97,113,1
0.134442,407,11047,27
0.312679,440,600,1
0.143333,4001,263191,65
0.063486,81,90,1
0.237745,130,279,2
0.080909,416,9910,23
0.05,460,18923,41
0.152926,97,139,1
0.166667,4001,276329,69
0.275204,107,110,1
0.213805,87,113,1
0.193965,64,83,1
0.26,318,3276,10
0.378623,182,370,2
0.359574,81,89,1
0.363289,103,123,1
0.303926,93,102,1
0.178333,4001,282685,70
0.327109,193,1124,5
0.153618,160,235,1
0.269083,109,116,1
0.32833,106,149,1
0.126467,386,15011,38
0.112449,187,447,2
0.372746,4001,255370,63
0.244646,149,270,1
0.172336,164,245,1
0.155,4001,279888,69
0.08568,488,17997,36
0.08236,832,29619,35
0.06867,711,24578,34
0.333262,1520,38183,25
0.151357,137,1381,10
0.240472,146,427,2
0.356832,73,89,1
0.127741,163,503,3
0.29662,93,105,1
0.096667,286,7349,25
0.205065,785,39935,50
0.375486,1193,40361,33
0.069218,236,9427,39
0.297964,86,100,1
0.318333,62,418,6
0.175523,169,358,2
0.286928,97,99,1
0.236709,89,153,1
0.388423,145,453,3
0.115061,786,19299,24
0.38907,74,100,1
0.131667,1078,131782,122
0.388468,1515,51432,33
0.166976,76,84,1
0.236667,1446,28614,19
0.268716,357,3405,9
0.178333,4001,298493,74
0.341667,76,91,1
0.283507,366,9823,26
0.353333,3623,173692,47
0.259678,94,100,1
0.11366,166,349,2
0.373059,95,106,1
0.170333,4001,491714,122
0.134353,412,1270,3
0.2285,146,252,1
0.166667,4001,296587,74
0.329726,73,92,1
0.188324,88,157,1
0.053868,147,693,4
0.295,376,2545,6
0.192877,92,100,1
0.12334,93,115,1
0.318333,114,976,8
0.300902,97,99,1
0.113334,416,7009,16
0.227384,40,45,1
0.35336,97,165,1
0.328479,250,528,2
0.068071,317,1986,6
0.178333,429,2645,6
0.175402,74,89,1
0.15107,171,261,1
0.143333,3932,280339,71
0.320602,77,80,1
0.24275,90,103,1
0.155,4001,279860,69
0.163976,91,93,1
0.270083,257,944,3
0.086714,287,3302,11
0.155,2771,125780,45
0.163981,147,244,1
0.169623,131,482,3
0.073681,226,3662,16
0.083195,391,1319,3
0.225,247,3519,14
0.164128,97,100,1
0.229474,95,149,1
0.211969,184,197,1
0.072036,74,106,1
0.270367,96,299,3
0.301569,75,79,1
0.068477,606,12438,20
0.201667,62,459,7
0.295,1114,30941,27
0.354451,91,101,1
0.341667,72,615,8
0.306667,2084,134098,64
0.202194,604,10146,16
0.268247,4001,264235,66
0.104833,417,70372,168
0.134719,317,7850,24
0.356324,766,19534,25
0.315552,99,108,1
0.236667,1049,24560,23
0.080097,100,110,1
0.143333,4001,316846,79
0.190009,91,156,1
0.271667,4001,267675,66
0.320856,1376,62503,45
0.119832,61,102,1
0.090169,106,109,1
0.388333,66,622,9
0.12895,416,9050,21
0.201667,3528,242655,68
0.064603,88,89,1
0.349027,4001,228688,57
0.103298,189,2587,13
0.357439,225,426,1
0.389502,87,113,1
0.108333,164,4130,25
0.176407,94,96,1
0.248333,4001,206673,51
0.204836,90,192,2
0.155,4001,268920,67
0.246504,133,157,1
0.085,446,46206,103
0.225,1597,84383,52
0.210654,1617,91477,56
0.055241,105,113,1
0.107841,119,136,1
0.257864,81,87,1
0.103464,178,386,2
0.143333,4001,309420,77
0.295,73,246,3
0.24633,565,21464,37
0.24754,228,280,1
0.245745,110,243,2
0.293587,196,368,1
0.286833,191,462,2
0.338226,116,180,1
0.12,756,32315,42
0.276244,771,20755,26
0.303572,446,5680,12
0.248333,60,363,6
0.308285,86,105,1
0.155,721,51737,71
0.062494,300,2785,9
0.283622,142,161,1
0.271667,4001,262174,65
0.084412,99,114,1
0.38246,80,124,1
0.246757,86,98,1
0.201667,231,2124,9
0.157163,86,88,1
0.337036,109,201,1
0.306667,3565,246161,69
0.396297,267,3115,11
0.339955,149,281,1
0.225,4001,285651,71
0.376667,1043,43106,41
0.327765,87,89,1
0.201667,4001,274472,68
0.24365,95,155,1
0.145001,83,94,1
0.303829,87,211,2
0.374238,116,154,1
0.310221,82,92,1
0.394508,161,534,3
0.398511,119,151,1
0.341566,70,81,1
0.140494,181,214,1
0.388574,36,41,1
0.278668,91,93,1
0.213333,352,2763,7
0.071774,319,3427,10
0.199252,80,86,1
0.131667,476,3998,8
0.166163,123,432,3
0.215102,116,488,4
0.198946,73,97,1
0.312869,267,1444,5
0.33,277,2154,7
0.312844,100,158,1
0.107009,151,240,1
0.143938,155,499,3
0.052677,102,108,1
0.068603,90,103,1
0.110124,86,110,1
0.319631,165,505,3
0.296296,497,6975,14
0.196361,904,15956,17
0.053587,193,207,1
0.318333,520,4582,8
0.062123,591,1169,1
0.101797,71,94,1
0.108333,724,38174,52
0.35436,720,17085,23
0.240536,1478,18591,12
0.166667,1902,77519,40
0.110431,779,34212,43
0.155,4001,285128,71
0.248333,2523,111265,44
0.155,4001,260048,64
0.182793,125,362,2
0.067449,109,113,1
0.096297,128,468,3
0.33,903,48729,53
0.249159,833,5208,6
0.302366,121,198,1
0.392499,219,616,2
0.099139,81,89,1
0.390765,135,156,1
0.155,255,3010,11
0.256496,92,102,1
0.39282,253,699,2
0.164496,143,376,2
0.236667,570,9409,16
0.360756,92,98,1
0.39309,2100,148538,70
0.277395,538,1680,3
0.39099,92,100,1
0.295,62,340,5
0.174764,402,3770,9
0.155,4001,244439,61
0.284651,96,215,2
0.073333,51,93,1
0.396831,76,101,1
0.155122,190,394,2
0.205741,261,1790,6
0.358009,88,99,1
0.088028,416,1774,4
0.172655,141,207,1
0.365,63,394,6
0.341667,1173,49045,41
0.360082,89,115,1
0.295619,90,110,1
0.225,768,27424,35
0.241447,85,87,1
0.197406,192,262,1
0.073333,677,23651,34
0.19,2656,55939,21
0.057648,103,113,1
0.358964,416,2784,6
0.365417,98,155,1
0.084419,416,29863,71
0.215409,4001,462888,115
0.141284,708,6483,9
0.098458,692,5219,7
0.118075,416,3031,7
0.315434,137,267,1
0.123767,342,2222,6
0.33,922,16952,18
0.119454,96,188,1
0.236667,3159,136650,43
0.05,161,5806,36
0.097945,372,2823,7
0.078874,378,12973,34
0.166667,4001,285639,71
0.38637,348,737,2
0.252296,81,105,1
0.155,4001,238405,59
0.115107,461,4778,10
0.139255,426,675,1
0.065698,427,7790,18
0.214467,522,11658,22
0.316217,58,62,1
0.143333,292,1783,6
0.131667,2184,131648,60
0.166667,4001,440892,110
0.131667,1519,96858,63
0.22378,2203,43347,19
0.251427,102,107,1
0.369831,1572,70734,44
0.22564,102,113,1
0.283333,60,367,6
0.117038,416,17503,42
0.112484,242,387,1
0.052925,975,5590,5
0.143333,2253,165833,73
0.215964,77,82,1
0.143333,1588,78952,49
0.07914,444,19043,42
0.178333,4001,243239,60
0.367037,166,339,2
0.120517,522,6881,13
0.201667,2202,55219,25
0.166667,4001,281808,70
0.38075,97,146,1
0.172739,163,203,1
0.353333,93,680,7
0.396379,133,160,1
0.326089,81,83,1
0.273093,75,107,1
0.271667,809,8025,9
0.332207,78,95,1
0.271718,80,101,1
0.33,296,4046,13
0.10721,373,6884,18
0.107805,640,18958,29
0.166667,666,12738,19
0.108191,209,250,1
0.112454,510,18083,35
0.388333,195,2307,11
0.306667,1327,19558,14
0.176077,384,3030,7
0.257116,74,100,1
0.376667,62,90,1
0.21186,158,218,1
0.343775,201,314,1
0.214516,148,243,1
0.346748,736,25264,34
0.300748,3075,269203,87
0.354424,71,90,1
0.053031,196,252,1
0.318333,970,16150,16
0.168173,83,103,1
0.317515,177,271,1
0.341667,247,3532,14
0.343041,226,2331,10
0.329154,224,878,3
0.154456,38,47,1
0.074125,416,6033,14
0.133981,367,3303,9
0.200457,119,138,1
0.211216,343,3655,10
0.14691,181,302,1
0.357001,210,611,2
0.380856,76,91,1
0.124992,183,295,1
0.388333,361,4331,11
0.062296,451,27660,61
0.313756,1372,37827,27
0.353333,62,394,6
0.267422,155,292,1
0.141833,1857,90842,48
0.35272,97,104,1
0.201667,477,8793,18
0.283333,1616,43489,26
0.236667,3026,143379,47
0.248333,66,602,9
0.140352,197,1475,7
0.137,510,16606,32
0.166667,4001,295312,73
0.237881,84,93,1
0.103051,268,3618,13
0.094674,349,1418,4
0.20569,57,87,1
0.061551,86,156,1
0.236667,2261,107966,47
0.143333,4001,272856,68
0.110394,416,37153,89
0.155,4001,296694,74
0.24368,96,141,1
0.22671,137,150,1
0.201667,4001,272372,68
0.200379,90,215,2
0.202175,129,210,1
0.091847,104,106,1
0.0626,119,137,1
0.178333,4001,260601,65
0.155,4001,299097,74
0.152274,136,144,1
0.392349,97,104,1
0.155,4001,292672,73
0.213333,1400,34253,24
0.155,4001,275164,68
0.091801,415,132597,319
0.290662,86,107,1
0.386038,4001,387913,96
0.213333,1002,31296,31
0.083715,204,817,4
0.090652,169,452,2
0.085,676,14515,21
0.120709,99,113,1
0.087985,428,17127,40
0.33,325,4020,12
0.062515,416,34427,82
0.182678,2501,74144,29
0.294286,432,1544,3
0.242379,80,98,1
0.178333,4001,311453,77
0.069373,100,219,2
0.068248,100,243,2
0.072143,493,18260,37
0.295,876,6151,7
0.106351,93,149,1
0.166667,4001,287100,71
0.367815,95,160,1
0.308356,80,91,1
0.248856,90,104,1
0.273551,82,141,1
0.311871,91,93,1
0.305974,86,113,1
0.225,116,1016,8
0.201667,3319,91768,27
0.283333,443,7104,16
0.211586,99,104,1
0.248333,4001,290625,72
0.359895,83,85,1
0.066272,97,104,1
0.19,4001,264774,66
0.090199,165,348,2
0.111766,416,13854,33
0.234856,124,141,1
0.365,701,19359,27
0.258532,166,200,1
0.249376,679,19447,28
0.181816,181,428,2
0.148845,90,94,1
0.271667,430,3281,7
0.143333,1451,91103,62
0.166667,4001,272622,68
0.368854,202,615,3
0.218497,151,353,2
0.19,4001,247357,61
0.143333,1372,61368,44
0.288316,91,99,1
0.096667,707,54262,76
0.207483,207,966,4
0.168682,1174,8781,7
0.236667,187,1310,7
0.318333,1273,31301,24
0.285444,137,187,1
0.372912,79,93,1
0.19,561,14572,25
0.357843,273,1357,4
0.079229,325,3664,11
0.155,139,1469,10
0.201521,104,111,1
0.269767,82,139,1
0.201667,4001,293241,73
0.237119,198,294,1
0.064511,107,140,1
0.071362,277,316,1
0.198383,4001,269841,67
0.156956,112,119,1
0.233117,151,289,1
0.097184,200,477,2
0.306667,523,9430,18
0.124321,108,231,2
0.309087,99,103,1
0.213333,4001,283120,70
0.297849,97,108,1
0.166667,4001,308124,77
0.237717,314,5352,17
0.07238,200,273,1
0.306667,4001,256448,64
0.245908,119,765,6
0.272264,79,97,1
0.061667,804,52128,64
0.186637,70,94,1
0.391538,88,146,1
0.085,556,43468,78
0.195118,85,86,1
0.101356,94,98,1
0.085,113,1330,11
0.240644,106,113,1
0.236667,3235,165381,51
0.295,247,3058,12
0.337652,167,448,2
0.155,4001,274232,68
0.250223,106,111,1
0.276933,159,176,1
0.291384,75,88,1
0.083344,518,3264,6
0.155,3245,196371,60
0.358578,94,105,1
0.055289,185,493,2
0.144583,94,253,2
0.332597,74,96,1
0.12,606,55762,92
0.373453,87,98,1
0.155,4001,293035,73
0.37168,990,195441,197
0.123186,416,20121,48
0.296949,4001,220393,55
0.131667,1001,17415,17
0.391908,92,97,1
0.061667,479,13723,28
0.131667,69,128,1
0.380298,144,165,1
0.376889,82,89,1
0.243818,105,168,1
0.178333,579,17044,29
0.068293,589,23536,39
0.346372,201,1018,5
0.248333,4001,224691,56
0.311146,132,255,1
0.147073,75,129,1
0.246839,4001,469517,117
0.100697,530,32863,62
0.248333,115,1917,16
0.382169,138,200,1
0.191159,136,199,1
0.201667,534,4358,8
0.373982,49,52,1
0.318333,4001,277723,69
0.237817,93,112,1
0.324413,95,101,1
0.264658,94,158,1
0.236667,2250,59857,26
0.178333,4001,250084,62
0.248333,2454,119227,48
0.201667,4001,299467,74
0.053111,122,195,1
0.225,4001,273336,68
0.201667,1681,80292,47
0.159724,194,221,1
0.143333,4001,278540,69
0.387589,215,303,1
0.398452,80,81,1
0.376667,4001,309812,77
0.122859,441,37141,84
0.130398,240,521,2
0.201667,4001,305608,76
0.091053,234,298,1
0.093982,136,151,1
0.339087,224,554,2
0.309799,91,99,1
0.204992,64,85,1
0.155,4001,289315,72
0.383076,134,160,1
0.186429,106,112,1
0.186164,141,149,1
0.213333,521,5939,11
0.088865,503,15213,30
0.097645,96,308,3
0.155,4001,280393,70
0.19,1092,18525,16
0.170546,139,199,1
0.155,4001,307865,76
0.106938,92,96,1
0.132937,602,2757,4
0.201667,4001,291965,72
0.170665,180,248,1
0.359048,392,4467,11
0.08942,121,180,1
0.207663,585,4137,7
0.343845,4001,290981,72
0.221221,86,103,1
0.158633,87,97,1
0.17748,62,73,1
0.112328,398,8470,21
0.261525,99,197,1
0.283921,843,20660,24
0.213333,903,20603,22
0.295666,117,196,1
0.143333,4001,264691,66
0.273423,439,1782,4
0.19,4001,303294,75
0.33115,364,2017,5
0.326058,104,115,1
0.12,596,39157,65
0.104423,82,141,1
0.143751,180,233,1
0.346476,90,91,1
0.371495,128,315,2
0.072765,416,27091,65
0.177886,129,142,1
0.249284,4001,351813,87
0.204988,70,90,1
0.205891,749,15547,20
0.394501,102,105,1
0.216456,137,147,1
0.178333,67,103,1
0.065868,415,16222,39
0.137695,114,545,4
0.201667,4001,243350,60
0.332768,126,193,1
0.107875,205,1840,8
0.341533,67,82,1
0.338836,167,437,2
0.309655,729,28386,38
0.128676,656,5988,9
0.279712,180,348,1
0.321579,147,295,2
0.311719,134,153,1
0.376177,208,417,2
0.081148,367,1562,4
0.125019,134,2105,15
0.06834,170,5539,32
0.335706,179,721,4
0.099533,415,26242,63
0.154302,4001,303403,75
0.111019,229,254,1
0.263098,134,145,1
0.26,1325,40927,30
0.189548,72,134,1
0.26,418,5027,12
0.180641,598,4104,6
0.143333,3007,221820,73
0.271667,63,494,7
0.178333,4001,299118,74
0.262402,153,160,1
0.336974,174,657,3
0.341667,104,563,5
0.385946,83,100,1
0.175871,71,108,1
0.272777,108,118,1
0.155,4001,382265,95
0.258588,79,96,1
0.061667,268,33814,126
0.39424,90,93,1
0.170683,93,95,1
0.155,4001,384206,96
0.304095,659,14910,22
0.251055,159,184,1
0.355872,3407,159904,46
0.171203,131,336,2
0.344427,120,208,1
0.26,4001,272960,68
0.190428,106,109,1
0.382358,132,250,1
0.059843,540,1367,2
0.131667,944,163711,173
0.339625,87,100,1
0.127287,262,899,3
0.05,584,15015,25
0.305817,92,133,1
0.102757,184,413,2
0.328177,76,92,1
0.215133,4001,281345,70
0.190791,104,106,1
0.166667,4001,274912,68
0.148918,347,4339,12
0.117679,82,92,1
0.126452,321,7006,21
0.248333,318,4942,15
0.361621,84,99,1
0.332153,69,93,1
0.178333,4001,253898,63
0.365,1572,19124,12
0.327101,80,83,1
0.096667,432,44464,102
0.255404,95,99,1
0.143333,519,17234,33
0.233639,108,217,2
0.081066,284,871,3
0.155,4001,318869,79
0.151309,252,1072,4
0.205188,165,199,1
0.09313,28,39,1
0.392753,1677,77120,45
0.331361,91,148,1
0.093921,631,25255,40
0.178333,4001,270091,67
0.309599,141,549,3
0.248333,63,149,2
0.345466,238,676,2
0.065664,132,244,1
0.386797,97,106,1
0.061667,587,53822,91
0.067077,88,93,1
0.124959,113,150,1
0.166667,102,874,8
0.056282,292,17397,59
0.325118,176,344,1
0.349783,138,396,2
0.201667,822,6622,8
0.351632,117,142,1
0.385968,191,497,2
0.388333,60,556,9
0.101619,421,16451,39
0.166667,4001,274211,68
0.239721,342,535,1
0.324707,76,90,1
0.201828,111,132,1
0.219458,74,147,1
0.054651,416,19315,46
0.193298,4001,277751,69
0.357979,79,105,1
0.175084,87,98,1
0.058928,91,97,1
0.143333,62,671,10
0.147622,973,24354,25
0.377756,84,94,1
0.365,4001,360592,90
0.166007,90,99,1
0.33198,93,101,1
0.271667,62,631,10
0.230419,444,3241,7
0.306697,94,157,1
0.236667,4001,286793,71
0.359986,92,146,1
0.167582,134,148,1
0.087471,568,2536,4
0.281351,132,303,2
0.108808,416,21279,51
0.131667,1847,75055,40
0.205308,320,877,2
0.240072,495,8252,16
0.199422,120,325,2
0.265817,90,92,1
0.188709,585,5912,10
0.131667,2185,154899,70
0.080001,156,170,1
0.166667,645,7469,11
0.084599,416,1567,3
0.213333,4001,250858,62
0.295,1374,18316,13
0.241585,599,8285,13
0.242837,418,4016,9
0.318333,3278,143195,43
0.131667,297,5301,17
0.294945,399,943,2
0.24923,136,181,1
0.155,4001,275865,68
0.320798,156,163,1
0.344016,113,251,2
0.155,4001,292442,73
0.133498,105,109,1
0.070758,252,1313,5
0.264062,95,107,1
0.271667,806,18424,22
0.144046,1845,39859,21
0.148385,141,580,4
0.19,2750,149625,54
0.207218,144,189,1
0.166667,796,16941,21
0.132109,527,11422,21
0.252307,90,167,1
0.061667,122,10722,87
0.19,1591,22571,14
0.211013,94,110,1
0.155,4001,300709,75
0.219735,79,97,1
0.38597,220,1083,4
0.166667,4001,270960,67
0.201901,253,549,2
0.11385,366,10095,27
0.356713,208,517,2
0.201667,1827,48214,26
0.102123,416,6514,15
0.318333,53,97,1
0.159932,107,108,1
0.225,2760,202062,73
0.233586,104,213,2
0.197295,4001,235657,58
0.296537,97,104,1
0.143333,4001,297548,74
0.385651,98,100,1
0.14356,97,117,1
0.073333,522,15619,29
0.368131,258,1308,5
0.226682,132,161,1
0.179722,125,140,1
0.061667,1108,72714,65
0.214974,755,13863,18
0.379978,2913,122603,42
0.180642,4001,284015,70
0.255674,321,16931,52
0.120971,150,203,1
0.133696,117,256,2
0.166667,86,1023,11
0.179856,104,113,1
0.111452,47,60,1
0.345189,1580,69992,44
0.236667,310,3195,10
0.111358,833,17650,21
0.313148,149,284,1
0.155,4001,279257,69
0.262597,236,540,2
0.213333,2390,129886,54
0.077225,133,209,1
0.283333,984,12713,12
0.109601,96,105,1
0.217847,88,96,1
0.095361,296,988,3
0.1239,212,577,2
0.053421,44,70,1
0.118611,416,173202,416
0.131667,2063,265935,128
0.398236,76,97,1
0.059649,277,380,1
0.193622,461,1850,4
0.26615,499,3659,7
0.155,4001,265056,66
0.19,4001,294858,73
0.204613,101,104,1
0.306667,309,2850,9
0.37226,70,108,1
0.225,770,10004,12
0.122663,285,935,3
0.178333,4001,270819,67
0.112073,415,30265,72
0.079345,349,7384,21
0.208813,77,109,1
0.341667,99,864,8
0.136877,161,190,1
0.201667,2813,131992,46
0.166667,4001,232529,58
0.163064,73,78,1
0.352548,67,103,1
0.281195,599,1376,2
0.085,687,47772,69
0.108003,617,34024,55
0.181993,331,1968,5
0.283333,103,519,5
0.343823,220,723,3
0.114161,305,1528,5
0.376228,85,138,1
0.073308,120,159,1
0.143333,4001,277290,69
0.166667,4001,295397,73
0.213333,1069,16878,15
0.178333,2593,22746,8
0.303909,186,284,1
0.085,698,25849,37
0.166667,1901,46732,24
0.068203,416,15899,38
0.178333,867,10663,12
0.065866,465,4260,9
0.155,405,11081,27
0.236667,1559,27133,17
0.308972,90,91,1
0.213333,145,2036,14
0.23444,190,454,2
0.134324,1667,104620,62
0.365,59,137,2
0.166667,4001,287968,71
0.157562,851,62543,73
0.201667,4001,312562,78
0.347233,82,100,1
0.065689,610,22141,36
0.178333,4001,282899,70
0.08301,86,116,1
0.223169,84,93,1
0.225,4001,280909,70
0.398622,162,728,4
0.241131,1424,28562,20
0.109135,269,503,1
0.194943,2406,135425,56
0.303211,139,250,1
0.176036,4001,270539,67
0.350791,98,99,1
0.318333,64,577,9
0.074772,604,2355,3
0.13717,87,97,1
0.155,4001,281907,70
0.352064,138,144,1
0.231668,69,80,1
0.348925,120,185,1
0.178333,512,3415,6
0.092737,86,145,1
0.341667,185,4652,25
0.139084,71,97,1
0.276445,85,102,1
0.155698,95,104,1
0.23166,96,111,1
0.061733,511,31147,60
0.174677,75,99,1
0.073333,295,7894,26
0.06378,97,99,1
0.178333,4001,284858,71
0.179848,601,4293,7
0.12158,689,5688,8
0.086566,321,412,1
0.306667,381,3379,8
0.226933,159,218,1
0.347852,195,225,1
0.211483,99,154,1
0.331045,457,4519,9
0.300477,2897,163311,56
0.288822,84,93,1
0.073333,324,8405,25
0.398162,104,118,1
0.351542,149,947,6
0.155,4001,265835,66
0.143333,1327,130894,98
0.234869,66,94,1
0.338335,148,209,1
0.058654,199,313,1
0.178333,4001,279533,69
0.079283,255,367,1
0.213208,91,100,1
0.283333,515,10115,19
0.35224,91,103,1
0.146025,326,654,2
0.376667,111,839,7
0.348672,488,2229,4
0.25028,54,65,1
0.166667,4001,287533,71
0.298587,174,591,3
0.184607,2856,159462,55
0.159002,4001,324387,81
0.127476,94,97,1
0.130761,352,1376,3
0.328728,152,202,1
0.11067,81,182,2
0.201667,359,4445,12
0.077993,274,3097,11
0.353811,92,189,2
0.136268,589,36633,62
0.178333,4001,275229,68
0.10383,88,98,1
0.121376,143,162,1
0.341667,60,311,5
0.107201,416,13680,32
0.067064,227,602,2
0.281052,1892,98348,51
0.073333,152,2629,17
0.155,64,188,2
0.284171,94,99,1
0.128743,453,27203,60
0.194978,207,597,2
0.318333,290,4701,16
0.086342,358,15270,42
0.267186,96,108,1
0.365,706,20975,29
0.393864,134,304,2
0.209698,99,155,1
0.166667,4001,239428,59
0.064666,98,104,1
0.241926,511,12994,25
0.166667,114,1357,11
0.347757,88,150,1
0.343274,2190,173744,79
0.318169,4001,197625,49
0.166252,502,8146,16
0.091402,89,128,1
0.185614,85,87,1
0.213333,2396,40972,17
0.248333,3527,144050,40
0.155,2148,123104,57
0.255204,162,258,1
0.213333,453,5905,13
0.093561,87,203,2
0.061995,102,109,1
0.166667,4001,251899,62
0.39932,219,1432,6
0.084659,461,9564,20
0.054492,223,2990,13
0.131667,570,27998,49
0.3545,604,12321,20
0.310396,1357,39290,28
0.096667,739,47232,63
0.3947,92,111,1
0.22464,81,102,1
0.270955,4001,332804,83
0.054686,257,2364,9
0.092422,202,235,1
0.261597,116,198,1
0.33,390,4201,10
0.148766,109,146,1
0.355716,539,6508,12
0.057636,554,3475,6
0.26,67,507,7
0.213333,1786,60569,33
0.166667,4001,272999,68
0.218109,210,397,1
0.24062,316,959,3
0.183904,476,18013,37
0.343213,403,1880,4
0.197048,85,103,1
0.12,765,49331,64
0.317227,332,2269,6
0.275099,161,370,2
0.050006,930,29284,31
0.331293,197,1095,5
0.331222,133,189,1
0.3727,95,162,1
0.097178,86,189,2
0.086892,74,86,1
0.081627,246,774,3
0.196595,242,460,1
0.316402,212,366,1
0.374614,82,86,1
0.295,4001,319207,79
0.201667,3672,186285,50
0.33,775,25920,33
0.245927,92,93,1
0.201667,4001,258856,64
0.268131,153,206,1
0.135776,98,106,1
0.164842,332,1385,4
0.372324,518,10562,20
0.249339,1374,62081,45
0.100846,373,860,2
0.32489,109,246,2
0.185894,95,145,1
0.271667,3476,171232,49
0.225,84,203,2
0.166497,578,3553,6
0.139485,92,110,1
0.225,119,1031,8
0.26,2174,78885,36
0.077784,130,154,1
0.096667,756,62869,83
0.339658,448,6590,14
0.130595,235,2146,9
0.358212,4001,271612,67
0.224921,674,12917,19
0.08274,308,588,1
0.395959,131,313,2
0.155,1086,42882,39
0.28252,116,582,5
0.202381,327,3022,9
0.236667,231,1992,8
0.341356,58,84,1
0.294531,72,81,1
0.236667,310,2964,9
0.226909,1250,13661,10
0.081514,110,185,1
0.108333,843,54998,65
0.11257,169,790,4
0.204502,430,1570,3
0.248333,1434,65665,45
0.147802,886,17661,19
0.201667,4001,250447,62
0.291227,83,99,1
0.37578,79,141,1
0.178333,4001,237022,59
0.376638,95,232,2
0.359081,303,4031,13
0.381199,2560,169007,66
0.321874,68,75,1
0.271667,372,2653,7
0.077876,96,98,1
0.396149,98,189,1
0.19,296,2351,7
0.203912,1012,26207,25
0.150039,80,100,1
0.248333,640,10011,15
0.131667,2628,127137,48
0.143333,4001,230536,57
0.238852,75,146,1
0.058013,81,91,1
0.19,208,1033,4
0.304654,120,138,1
0.111347,238,11910,50
0.378474,93,98,1
0.319295,239,415,1
0.201667,113,1013,8
0.130215,450,22284,49
0.271667,4001,256533,64
0.06122,90,111,1
0.311671,612,4453,7
0.0852,77,87,1
0.231292,88,95,1
0.343091,143,210,1
0.201667,4001,269235,67
0.068357,338,5459,16
0.205748,343,857,2
0.387376,91,148,1
0.32721,366,6812,18
0.216996,95,144,1
0.248333,4001,329848,82
0.336829,87,100,1
0.271667,4001,291840,72
0.305162,90,96,1
0.166667,4001,294736,73
0.371119,73,95,1
0.143333,4001,291610,72
0.155355,113,187,1
0.372997,92,255,2
0.166667,4001,266055,66
0.327838,86,93,1
0.295682,98,99,1
0.315783,1005,34604,34
0.096667,824,35501,43
0.33589,197,536,2
0.209369,148,319,2
0.326521,161,169,1
0.143333,993,58595,59
0.38729,184,468,2
0.244314,708,3636,5
0.19,65,239,3
0.25962,57,72,1
0.252192,92,99,1
0.12,587,43817,74
0.204439,708,11567,16
0.386862,77,95,1
0.05,339,8645,25
0.320497,86,88,1
0.213333,975,10926,11
0.302074,89,91,1
0.236667,4001,271480,67
0.140185,219,340,1
0.259164,152,342,2
0.143333,4001,269288,67
0.136889,96,99,1
0.19,4001,269722,67
0.361335,124,256,2
0.364363,109,137,1
0.215543,99,101,1
0.185494,121,127,1
0.262137,221,692,3
0.143333,4001,327267,81
0.225,1215,26045,21
0.132394,135,255,1
0.201667,4001,247723,61
0.26,1680,39798,23
0.246718,179,655,3
0.178333,4001,267072,66
0.158999,97,99,1
0.148484,178,651,3
0.273223,89,111,1
0.201667,589,5068,8
0.133733,354,1792,5
0.249294,566,11234,19
0.077064,463,7977,17
0.23922,253,1063,4
0.132902,127,171,1
0.107508,77,89,1
0.155,4001,308115,77
0.192987,100,165,1
0.207799,268,741,2
0.31812,102,197,1
0.225,853,12730,14
0.274901,564,4484,7
0.31538,1282,36615,28
0.26,371,12651,34
0.223653,835,34658,41
0.296809,126,306,2
0.155,4001,271684,67
0.178333,4001,281750,70
0.297426,85,98,1
0.306667,2482,107593,43
0.236667,4001,248379,62
0.292557,561,4343,7
0.388431,1816,86688,47
0.296347,132,288,2
0.362332,103,112,1
0.188314,388,2572,6
0.391354,170,452,2
0.131667,884,28839,32
0.314012,84,150,1
0.101846,174,408,2
0.155,277,1398,5
0.232037,88,98,1
0.303854,114,199,1
0.301011,124,175,1
0.318333,811,11654,14
0.08049,250,1430,5
0.143333,4001,288588,72
0.213333,1170,61771,52
0.147131,547,5803,10
0.178333,4001,259789,64
0.269137,90,92,1
0.345523,70,80,1
0.240178,388,1188,3
0.225,625,13884,22
0.135389,95,96,1
0.328867,114,205,1
0.18567,633,20963,33
0.26,2549,122216,47
0.337903,144,293,2
0.300901,85,187,2
0.061892,208,1438,6
0.082032,104,119,1
0.201667,57,92,1
0.354401,159,337,2
0.325236,2308,114105,49
0.178333,4001,260001,64
0.282282,931,31843,34
0.273592,126,143,1
0.232145,210,817,3
0.085889,417,61128,146
0.152805,84,101,1
0.327728,81,88,1
0.242212,266,1417,5
0.199804,144,532,3
0.362839,93,96,1
0.155,4001,281082,70
0.055617,153,170,1
0.177377,111,207,1
0.240722,109,218,2
0.283333,157,1563,9
0.342173,77,100,1
0.213333,4001,290527,72
0.306967,68,89,1
0.201667,1004,23727,23
0.221324,92,110,1
0.155,4001,294518,73
0.261852,220,368,1
0.213333,4001,275571,68
0.19,4001,298226,74
0.248333,1057,13868,13
0.074689,317,8906,28
0.31899,111,112,1
0.201667,2844,123904,43
0.213333,4001,326109,81
0.248333,1371,36888,26
0.114965,460,9827,21
0.120741,307,9210,30
0.328292,70,96,1
0.121958,858,39598,46
0.326093,930,38028,40
0.388333,571,3274,5
0.09705,201,359,1
0.315915,355,3535,9
0.26,723,21769,30
0.178002,125,137,1
0.143333,4001,262055,65
0.251565,174,360,2
0.345214,402,3600,8
0.083272,173,7366,42
0.354087,265,971,3
0.378189,82,377,4
0.229392,135,141,1
0.306667,280,1543,5
0.250495,853,11036,12
0.398947,93,145,1
0.143333,4001,214709,53
0.306667,1064,22968,21
0.142231,84,89,1
0.236667,834,14158,16
0.156787,2492,42429,17
0.143333,707,37718,53
0.075159,222,4754,21
0.25846,254,3043,11
0.155,4001,266284,66
0.0509,416,2163,5
0.369238,448,1999,4
0.213333,4001,282543,70
0.170851,91,101,1
0.278104,93,94,1
0.376667,64,528,8
0.152381,148,656,4
0.155,2498,168954,67
0.166667,4001,258049,64
0.077448,693,28398,40
0.148745,129,196,1
0.061667,301,13418,44
0.203887,89,103,1
0.201685,75,84,1
0.213769,766,7760,10
0.166667,126,984,7
0.213333,1578,51274,32
0.175339,91,100,1
0.082219,517,29532,57
0.187911,86,91,1
0.09371,35,68,1
0.222706,2969,202198,68
0.295568,4001,277315,69
0.26,74,144,1
0.248333,1202,46418,38
0.355027,86,97,1
0.270527,86,107,1
0.359643,148,485,3
0.361644,116,198,1
0.271667,1118,13387,11
0.180637,221,368,1
0.096544,280,1048,3
0.353333,290,2809,9
0.24293,369,2036,5
0.152856,341,6053,17
0.155,4001,251552,62
0.12,1094,61123,55
0.083334,94,217,2
0.13513,375,3319,8
0.374104,91,100,1
0.083633,80,86,1
0.306667,4001,269620,67
0.19,2197,56261,25
0.125535,96,99,1
0.389298,94,96,1
0.269586,75,82,1
0.08175,235,5183,22
0.19,564,9900,17
0.148272,95,97,1
0.113011,346,6037,17
0.085,688,30157,43
0.323659,95,106,1
0.143333,4001,276888,69
0.353333,1229,35510,28
0.125306,71,90,1
0.291022,149,202,1
0.112079,90,100,1
0.131667,113,1187,10
0.271667,1195,50858,42
0.341806,94,99,1
0.062092,302,2084,6
0.232267,79,111,1
0.128484,583,9140,15
0.05,699,14226,20
0.198187,75,84,1
0.110831,416,21906,52
0.112187,102,104,1
0.109942,125,138,1
0.214234,251,352,1
0.166667,4001,287799,71
0.19,1193,28473,23
0.309801,99,149,1
0.166667,4001,271710,67
0.248883,125,203,1
0.341667,497,4113,8
0.098275,268,573,2
0.213333,4001,261930,65
0.178333,4001,276192,69
0.225,1720,71690,41
0.201667,4001,246431,61
0.248333,1585,35917,22
0.19,4001,266344,66
0.311379,98,104,1
0.199088,126,167,1
0.198345,95,102,1
0.105719,416,1744,4
0.213333,3566,344656,96
0.33,58,494,8
0.236816,93,96,1
0.159289,95,109,1
0.398585,75,111,1
0.3963,309,3631,11
0.06271,495,23837,48
0.089394,362,11775,32
0.335134,176,302,1
0.243574,120,236,1
0.288945,62,98,1
0.120987,416,18548,44
0.347569,82,100,1
0.248333,4001,243079,60
0.077762,215,268,1
0.308608,433,2140,4
0.186859,4001,251174,62
0.236667,1461,70200,48
0.161724,105,109,1
0.177002,97,98,1
0.166667,73,106,1
0.220269,72,85,1
0.16714,74,83,1
0.370884,114,199,1
0.194828,124,771,6
0.109894,342,4083,11
0.155754,279,494,1
0.247781,150,537,3
0.245552,95,103,1
0.224482,219,362,1
0.201667,1172,31284,26
0.19,3538,165627,46
0.295,559,25124,44
0.061322,471,24721,52
0.262075,246,1676,6
0.212006,4001,275663,68
0.140732,162,195,1
0.098112,75,98,1
0.05138,115,150,1
0.201667,742,15098,20
0.052417,626,6406,10
0.312071,251,399,1
0.225,68,761,11
0.242831,127,229,1
0.164845,422,1659,3
0.092807,418,5460,13
0.338779,112,133,1
0.114589,417,65930,158
0.394738,114,207,1
0.357418,136,413,3
0.062482,321,5232,16
0.085637,612,27679,45
0.135977,113,202,1
0.158763,89,91,1
0.178333,422,8070,19
0.234182,85,112,1
0.236457,107,324,3
0.155,4001,240384,60
0.125885,213,301,1
0.278382,65,83,1
0.227603,582,7218,12
0.209607,472,34748,73
0.366635,1686,187022,110
0.103911,77,93,1
0.285824,115,187,1
0.36501,849,21406,25
0.061084,563,25989,46
0.368475,492,6417,13
0.242879,98,116,1
0.213333,1525,45946,30
0.286065,122,170,1
0.12,681,56938,83
0.182919,86,98,1
0.183374,100,108,1
0.199122,131,199,1
0.165772,4001,282730,70
0.380429,67,82,1
0.23824,140,164,1
0.258975,84,86,1
0.236421,75,95,1
0.155,4001,278627,69
0.365428,104,111,1
0.191144,92,99,1
0.231525,103,169,1
0.099057,415,29431,70
0.346916,244,1767,7
0.313646,556,3770,6
0.225,226,3455,15
0.393232,70,83,1
0.232082,1202,40807,33
0.166667,4001,262686,65
0.205128,104,112,1
0.354721,90,100,1
0.33,64,570,8
0.103325,417,176733,423
0.290633,63,66,1
0.238759,89,103,1
0.26,63,374,5
0.30613,89,159,1
0.361846,84,96,1
0.084502,416,63170,151
0.153788,233,2066,8
0.181138,115,230,2
0.337432,87,237,2
0.389121,132,240,1
0.166667,4001,321894,80
0.052596,317,4443,14
0.261862,191,352,1
0.131278,163,784,4
0.099122,178,330,1
0.26,1420,40932,28
0.069665,98,313,3
0.295,57,95,1
0.122289,544,3868,7
0.270281,2332,123259,52
0.130736,416,24187,58
0.365,844,18686,22
0.112154,151,296,1
0.201667,4001,251548,62
0.069937,305,12815,42
0.111145,91,100,1
0.058536,144,160,1
0.381486,4001,250623,62
0.221509,794,25418,32
0.073615,233,1010,4
0.085835,416,21592,51
0.19,955,12740,13
0.350266,60,98,1
0.283333,1147,36577,31
0.276578,174,229,1
0.178333,4001,260323,65
0.29863,95,115,1
0.145185,101,203,2
0.155,4001,309213,77
0.201391,181,449,2
0.351821,1075,62643,58
0.051537,323,2039,6
0.248333,621,10218,16
0.276093,50,90,1
0.222559,91,107,1
0.190268,76,84,1
0.257427,97,99,1
0.307144,117,151,1
0.073333,747,42350,56
0.319362,139,201,1
0.172766,99,102,1
0.341667,101,853,8
0.12384,372,12720,34
0.380757,1824,71206,39
0.070878,416,22281,53
0.111421,90,137,1
0.155,4001,311588,77
0.250616,147,214,1
0.194812,586,16176,27
0.236667,96,942,9
0.213333,1843,40089,21
0.275491,79,94,1
0.05,337,22345,66
0.15461,88,95,1
0.164819,133,146,1
0.19,4001,262888,65
0.076564,227,280,1
0.16876,177,194,1
0.223821,433,1339,3
0.123518,92,110,1
0.077846,85,106,1
0.26,355,1519,4
0.284923,159,357,2
0.393847,958,61497,64
0.143333,3763,287173,76
0.103786,85,90,1
0.282853,4001,340859,85
0.36116,85,99,1
0.201667,4001,271956,67
0.368211,158,791,5
0.141538,74,96,1
0.166667,4001,304872,76
0.17643,123,202,1
0.090662,370,12308,33
0.095816,100,201,2
0.311764,82,119,1
0.349551,93,147,1
0.080675,247,565,2
0.295,1517,74116,48
0.059584,416,19267,46
0.333695,82,105,1
0.236667,1256,159527,127
0.215106,154,191,1
0.211385,227,291,1
0.306021,295,2023,6
0.260137,122,316,2
0.193629,89,102,1
0.294905,213,254,1
0.087773,423,892,2
0.271667,1960,83290,42
0.344482,140,206,1
0.05,44,1084,24
0.201667,61,100,1
0.185449,654,26550,40
0.086527,197,265,1
0.178333,4001,281575,70
0.367534,98,150,1
0.19,2951,127569,43
0.178333,4001,247170,61
0.354791,234,459,1
0.185549,464,1776,3
0.370454,200,391,1
0.14599,966,51944,53
0.076751,65,173,2
0.33,680,12053,17
0.225,1699,63285,37
0.200262,67,106,1
0.306667,381,3966,10
0.133108,416,15999,38
0.236568,130,321,2
0.201667,4001,290237,72
0.091459,221,1343,6
0.155,4001,296235,74
0.131667,1184,78826,66
0.26,4001,266520,66
0.338812,97,104,1
0.133159,154,329,2
0.256542,124,140,1
0.318333,3507,184716,52
0.050843,69,92,1
0.31627,82,137,1
0.26,94,916,9
0.201667,1154,23015,19
0.337443,94,108,1
0.155,4001,248122,62
0.195126,80,97,1
0.076512,422,20883,49
0.107369,234,750,3
0.376667,177,1665,9
0.252165,434,2431,5
0.333112,137,160,1
0.150107,302,1454,4
0.348052,114,243,2
0.273165,84,95,1
0.209721,89,106,1
0.131667,890,43838,49
0.093475,108,678,6
0.054268,88,101,1
0.201667,62,376,6
0.198616,222,262,1
0.083085,253,728,2
0.201667,190,1137,5
0.274677,79,94,1
0.229363,133,158,1
0.155,4001,245069,61
0.104247,467,18848,40
0.122868,324,3317,10
0.394596,99,109,1
0.083722,368,4754,12
0.237877,80,86,1
0.155,4001,365551,91
0.059671,371,9771,26
0.121574,415,127303,306
0.314196,103,169,1
0.195675,410,1115,2
0.174799,461,7781,16
0.073333,579,11826,20
0.056731,189,293,1
0.201667,4001,268867,67
0.29726,140,260,1
0.111347,184,1001,5
0.281436,245,509,2
0.12,676,57270,84
0.234421,298,7431,24
0.224433,293,1596,5
0.365,689,13749,19
0.381829,117,199,1
0.26,4001,266841,66
0.341667,1501,39921,26
0.201667,4001,277426,69
0.143333,1184,39380,33
0.23534,439,2366,5
0.133668,347,11823,34
0.32039,174,1193,6
0.341667,88,191,2
0.097785,133,151,1
0.216209,278,948,3
0.318333,164,2525,15
0.225,1421,30254,21
0.073717,399,6470,16
0.248333,3923,243284,62
0.327752,177,441,2
0.128142,824,21073,25
0.368028,1250,63408,50
0.294472,687,7089,10
0.318479,2833,172400,60
0.25075,1303,37948,29
0.277945,4001,270705,67
0.050451,141,210,1
0.0912,591,26235,44
0.166667,4001,300764,75
0.30345,130,302,2
0.223517,168,198,1
0.131667,506,33005,65
0.060116,484,17571,36
0.210961,431,5706,13
0.05,73,923,12
0.202237,74,89,1
0.166667,4001,292908,73
0.263428,176,205,1
0.295,2553,143552,56
0.118694,98,104,1
0.385749,237,1285,5
0.136294,872,45566,52
0.376667,103,614,5
0.061667,1182,63460,53
0.07273,165,319,1
0.364187,245,643,2
0.132691,89,90,1
0.343907,176,286,1
0.065015,101,157,1
0.297478,235,428,1
0.33,157,1890,12
0.076423,479,31596,65
0.093575,274,795,2
0.287653,86,100,1
0.366396,129,313,2
0.243068,122,221,1
0.372523,99,108,1
0.106224,46,72,1
0.19,3716,97847,26
0.19,1146,24109,21
0.36556,99,153,1
0.063517,164,259,1
0.341667,692,10642,15
0.090812,326,10699,32
0.36585,83,97,1
0.236667,4001,271991,67
0.213333,1837,47325,25
0.196615,301,1120,3
0.225,266,4216,15
0.303341,90,119,1
0.365,287,2694,9
0.166667,4001,292819,73
0.341001,436,5121,11
0.158308,225,471,2
0.353333,4001,246467,61
0.324993,93,101,1
0.265421,92,150,1
0.318333,115,642,5
0.283333,3838,177274,46
0.155,4001,253898,63
0.124643,107,111,1
0.371185,129,259,2
0.100719,355,2402,6
0.122753,364,3654,10
0.069897,416,13109,31
0.283333,96,916,9
0.150619,120,189,1
0.116775,93,101,1
0.326329,93,108,1
0.085,320,5218,16
0.145678,84,152,1
0.362275,110,139,1
0.155,4001,284250,71
0.29524,87,115,1
0.282512,59,61,1
0.213333,4001,304336,76
0.29817,195,1198,6
0.365,69,142,2
0.279716,88,91,1
0.312452,95,101,1
0.155,1032,18665,18
0.328286,283,1625,5
0.265048,149,180,1
0.306667,257,2902,11
0.083146,107,146,1
0.276319,352,683,1
0.143333,4001,282865,70
0.362796,255,1294,5
0.130655,145,161,1
0.098368,372,9677,26
0.225,301,1516,5
0.057611,91,101,1
0.155,3466,218166,62
0.296576,123,149,1
0.103373,100,103,1
0.346027,86,96,1
0.178333,318,4325,13
0.143838,72,95,1
0.193671,187,378,2
0.353333,100,870,8
0.166667,4001,287987,71
0.342295,60,99,1
0.249227,98,157,1
0.318333,57,334,5
0.109412,82,88,1
0.18439,108,113,1
0.166667,4001,281338,70
0.245906,618,5032,8
0.116962,103,106,1
0.306667,271,1956,7
0.312698,75,86,1
0.192612,251,790,3
0.155,4001,289756,72
0.119017,91,117,1
0.213333,4001,251722,62
0.364184,92,104,1
0.152085,154,221,1
0.073333,407,15233,37
0.096071,544,24609,45
0.200133,417,1434,3
0.178333,4001,289140,72
0.396732,540,5573,10
0.338356,110,145,1
0.074803,92,106,1
0.201667,463,4072,8
0.28169,181,453,2
0.088502,468,21471,45
0.11581,504,2690,5
0.245441,599,12671,21
0.132992,416,15645,37
0.183141,410,1080,2
0.261657,4001,232523,58
0.2498,362,2443,6
0.145845,140,208,1
0.28131,86,87,1
0.291484,4001,250552,62
0.077896,416,21537,51
0.351792,127,213,1
0.19,4001,265046,66
0.235949,83,91,1
0.342813,297,3895,13
0.184335,218,263,1
0.22779,101,170,1
0.113679,209,1502,7
0.162067,94,98,1
0.057007,416,5560,13
0.248333,179,2907,16
0.224355,188,470,2
0.153452,61,89,1
0.19,4001,324385,81
0.248333,1950,24421,12
0.284068,169,198,1
0.155,4001,263319,65
0.248625,519,4298,8
0.225933,68,92,1
0.312004,35,36,1
0.19,1102,24810,22
0.143333,2770,190605,68
0.155,4001,276752,69
0.33007,80,97,1
0.073297,339,16593,48
0.218911,74,88,1
0.284493,92,146,1
0.267032,102,158,1
0.101873,96,98,1
0.166667,4001,292873,73
0.19,1181,23614,19
0.171839,103,114,1
0.143333,4001,270257,67
0.201996,94,108,1
0.278596,106,218,2
0.166667,4001,304019,75
0.119613,99,101,1
0.27108,893,30272,33
0.166667,4001,403123,100
0.304238,563,4000,7
0.318432,114,187,1
0.131667,397,3611,9
0.263103,92,102,1
0.341667,3067,188575,61
0.236667,67,644,9
0.247758,88,145,1
0.353333,68,107,1
0.321076,86,99,1
0.116475,102,110,1
0.151028,683,26598,38
0.300051,1351,53598,39
0.248333,571,5561,9
0.342589,180,265,1
0.166667,4001,293974,73
0.293627,94,107,1
0.21699,598,14546,24
0.394006,1021,45965,45
0.316241,74,90,1
0.150233,366,1715,4
0.324277,153,287,1
0.152055,99,118,1
0.074018,105,175,1
0.377299,93,155,1
0.060785,547,12088,22
0.283333,400,10963,27
0.103693,77,143,1
0.376667,2590,140715,54
0.14787,86,93,1
0.131667,1091,46265,42
0.095201,85,97,1
0.387549,120,241,2
0.295,355,6060,17
0.26,1440,37193,25
0.262362,113,155,1
0.155,4001,257293,64
0.271667,3603,149052,41
0.131667,717,41989,58
0.299159,87,164,1
0.344621,97,161,1
0.213333,4001,256868,64
0.344699,223,386,1
0.320298,4001,332093,83
0.188866,81,102,1
0.234563,256,554,2
0.392543,145,609,4
0.268908,2801,169895,60
0.188769,4001,396604,99
0.224445,100,110,1
0.295461,99,199,2
0.073408,634,7208,11
0.390723,716,29498,41
0.345676,128,247,1
0.317602,92,98,1
0.108333,978,8626,8
0.252494,149,177,1
0.05471,146,162,1
0.341667,230,1729,7
0.091215,392,6357,16
0.288112,101,104,1
0.178333,4001,254530,63
0.335315,114,198,1
0.184325,112,116,1
0.084639,468,1317,2
0.271667,1228,41074,33
0.279563,144,265,1
0.155,4001,286116,71
0.201667,1126,19532,17
0.236667,2354,40189,17
0.347326,65,87,1
0.160095,308,1492,4
0.390413,233,2627,11
0.209301,191,240,1
0.33,4001,231084,57
0.392512,88,100,1
0.35665,151,292,1
0.129812,118,132,1
0.283333,606,14123,23
0.266663,92,93,1
0.178333,4001,266788,66
0.242105,78,88,1
0.361499,121,164,1
0.3282,93,168,1
0.318333,759,17071,22
0.261256,326,1592,4
0.233117,98,107,1
0.166667,4001,280846,70
0.307832,170,334,1
0.143333,4001,291772,72
0.254102,101,190,1
0.356417,76,86,1
0.198553,1195,35569,29
0.306667,1034,9870,9
0.111502,317,513,1
0.236667,4001,279311,69
0.375029,106,128,1
0.295,105,641,6
0.066708,314,15419,49
0.05077,592,3125,5
0.306667,624,11392,18
0.292967,94,112,1
0.215641,72,92,1
0.252388,73,97,1
0.053704,132,402,3
0.126167,588,10291,17
0.248333,334,5970,17
0.19,1899,83619,44
0.144986,495,4359,8
0.155,67,884,13
0.076213,459,29339,63
0.106017,381,10598,27
0.27825,4001,252641,63
0.178333,4001,321836,80
0.306667,1171,35879,30
0.202337,84,93,1
0.155,4001,260782,65
0.052939,97,144,1
0.39499,74,107,1
0.346214,228,613,2
0.225,706,7638,10
0.267181,71,100,1
0.104552,124,153,1
0.388333,112,1154,10
0.136802,414,8919,21
0.124624,416,10523,25
0.329644,167,571,3
0.299472,82,99,1
0.290271,104,106,1
0.341362,94,112,1
0.341667,1002,28227,28
0.178333,4001,235412,58
0.073333,1171,31308,26
0.133668,84,102,1
0.213333,4001,254881,63
0.306667,1282,77815,60
0.313761,97,100,1
0.306667,116,1380,11
0.054388,154,1809,11
0.059518,137,751,5
0.271667,612,16993,27
0.26148,129,203,1
0.051796,102,148,1
0.341667,363,12672,34
0.166667,1364,24777,18
0.177549,293,883,3
0.213333,4001,232967,58
0.225,1182,20557,17
0.258891,296,2238,7
0.155,4001,277401,69
0.319136,87,96,1
0.329055,98,165,1
0.235857,195,269,1
0.108333,269,28636,106
0.399471,180,925,5
0.283214,80,113,1
0.317624,95,105,1
0.160503,4001,348170,87
0.092619,283,361,1
0.301183,517,3029,5
0.273299,693,5636,8
0.096667,289,8787,30
0.248333,2126,103763,48
0.059709,96,102,1
0.26,751,13885,18
0.277909,129,209,1
0.143333,4001,284323,71
0.315448,78,98,1
0.244681,1259,20253,16
0.198134,108,110,1
0.354204,63,74,1
0.358464,86,146,1
0.143333,3594,245666,68
0.096667,844,30893,36
0.365,2344,131458,56
0.381343,99,141,1
0.347673,86,106,1
0.05,584,30867,52
0.345264,88,99,1
0.215808,77,82,1
0.096667,171,2967,17
0.236667,1818,85252,46
0.203146,81,95,1
0.143333,4001,269971,67
0.228912,70,81,1
0.21486,92,98,1
0.133256,454,7874,17
0.33,338,2641,7
0.33,58,144,2
0.388822,701,22917,32
0.266439,1802,95599,53
0.236667,58,470,8
0.13133,237,5578,23
0.246385,52,63,1
0.178333,4001,380345,95
0.260876,636,8567,13
0.322376,88,102,1
0.143333,4001,272519,68
0.368256,190,251,1
0.199088,254,896,3
0.207955,126,208,1
0.295,1041,51375,49
0.388112,74,146,1
0.126566,290,404,1
0.240544,200,883,4
0.063345,82,93,1
0.274671,71,88,1
0.341667,62,551,8
0.067966,329,2897,8
0.129002,570,18108,31
0.229076,95,99,1
0.197275,635,4363,6
0.085858,536,2312,4
0.113972,344,452,1
0.332347,90,92,1
0.250674,73,84,1
0.225,788,37615,47
0.155,3754,242771,64
0.103614,93,215,2
0.320443,742,17165,23
0.225,4001,231826,57
0.156409,590,4512,7
0.388333,3402,181197,53
0.20501,144,160,1
0.24632,415,9433,22
0.079233,313,5047,16
0.342754,113,157,1
0.225,1109,24437,22
0.368051,71,104,1
0.284533,96,179,1
0.266214,192,214,1
0.166667,4001,257666,64
0.221535,138,155,1
0.143333,4001,273439,68
0.119861,77,90,1
0.096913,84,91,1
0.061667,1206,44729,37
0.08618,322,2898,9
0.114993,520,24143,46
0.130212,92,153,1
0.126492,144,668,4
0.121805,770,32515,42
0.300959,98,104,1
0.225,422,9256,21
0.178333,4001,297002,74
0.32642,53,69,1
0.348039,1466,45193,30
0.324068,2384,92290,38
0.144806,75,77,1
0.325556,154,362,2
0.201667,4001,270067,67
0.380565,72,241,3
0.225202,228,260,1
0.143333,4001,296360,74
0.309496,93,100,1
0.293295,93,159,1
0.374845,91,92,1
0.372192,493,11904,24
0.358627,1523,100034,65
0.319438,110,176,1
0.263375,91,152,1
0.236667,1327,23860,17
0.166667,3100,208563,67
0.271667,105,1052,10
0.073477,298,739,2
0.107644,416,11181,26
0.087993,218,323,1
0.266486,134,148,1
0.130833,89,152,1
0.248333,675,25257,37
0.305362,99,149,1
0.141369,275,605,2
0.061667,10,65,6
0.175627,105,169,1
0.1221,144,2913,20
0.143333,61,102,1
0.125423,365,2799,7
0.099522,510,7032,13
0.204314,4001,391436,97
0.082831,106,130,1
0.143333,3921,305415,77
0.121417,833,36179,43
0.334206,162,313,1
0.143333,4001,268214,67
0.093129,416,8168,19
0.19,4001,252915,63
0.383997,110,140,1
0.391841,100,148,1
0.273123,463,4129,8
0.306667,294,6902,23
0.191665,579,5919,10
0.197791,437,28938,66
0.055329,93,101,1
0.083186,142,154,1
0.093682,416,9311,22
0.339182,84,102,1
0.102852,377,1122,2
0.350254,119,271,2
0.246588,138,185,1
0.283333,227,1335,5
0.215432,84,94,1
0.252981,140,146,1
0.12,119,1171,9
0.368031,72,105,1
0.3641,142,253,1
0.05,71,1141,16
0.248333,1157,62145,53
0.067278,430,6054,14
0.155,4001,326662,81
0.126472,144,423,2
0.253682,89,98,1
0.143333,4001,310206,77
0.26,1127,13112,11
0.143333,4001,244803,61
0.205423,209,1074,5
0.132912,833,48111,57
0.379939,165,191,1
0.05,200,2774,13
0.238342,99,149,1
0.225,2514,156705,62
0.19,4001,287446,71
0.225,1138,45412,39
0.317209,511,2571,5
0.143333,4001,274840,68
0.323442,83,359,4
0.312301,131,209,1
0.143333,4001,285510,71
0.291599,254,855,3
0.247152,159,216,1
0.201667,4001,250686,62
0.16248,395,8527,21
0.265825,99,204,2
0.234381,1474,79684,54
0.187969,344,1234,3
0.213333,424,5913,13
0.322262,90,115,1
0.061967,518,32421,62
0.061667,85,1437,16
0.075245,417,37617,90
0.157252,91,100,1
0.358337,4001,257487,64
0.051148,218,248,1
0.166667,4001,271369,67
0.341667,1414,39488,27
0.058189,196,260,1
0.085822,180,211,1
0.225,4001,290637,72
0.112418,416,155906,374
0.242195,166,307,1
0.263352,95,114,1
0.300985,95,112,1
0.354229,886,25091,28
0.230176,93,142,1
0.182652,91,103,1
0.222968,87,97,1
0.153877,100,107,1
0.353333,57,85,1
0.396419,130,150,1
0.131813,272,3383,12
0.346851,72,94,1
0.178333,3949,143486,36
0.206287,170,188,1
0.362848,96,98,1
0.19,4001,293624,73
0.058794,416,1905,4
0.275006,98,165,1
0.271667,603,5669,9
0.070107,383,12909,33
0.124204,416,1754,4
0.19,189,1819,9
0.131667,1680,195718,116
0.273911,81,96,1
0.156016,201,709,3
0.108333,755,9010,11
0.351552,93,94,1
0.155,4001,258123,64
0.318333,1522,60346,39
0.092937,143,165,1
0.066128,642,32994,51
0.338451,189,594,3
0.347886,89,96,1
0.094236,305,5207,17
0.186346,369,724,1
0.223161,874,17395,19
0.187775,161,353,2
0.318333,298,5144,17
0.148127,83,106,1
0.289222,137,354,2
0.096667,404,20136,49
0.383286,206,803,3
0.319813,93,95,1
0.271667,63,640,10
0.277318,256,580,2
0.389534,146,265,1
0.155,4001,267649,66
0.19284,230,1502,6
0.091515,119,182,1
0.061667,595,43034,72
0.374962,86,108,1
0.283333,4001,315741,78
0.111483,132,144,1
0.201667,369,2470,6
0.185084,93,208,2
0.281546,137,189,1
0.166667,4001,295527,73
0.132024,111,135,1
0.301435,203,531,2
0.099243,335,1212,3
0.225,947,47073,49
0.063947,178,260,1
0.181244,271,564,2
0.108333,606,37897,62
0.388488,426,2872,6
0.062071,429,9547,22
0.283333,108,796,7
0.298376,93,104,1
0.339711,115,262,2
0.121815,318,7314,23
0.218963,76,99,1
0.395315,50,56,1
0.241902,1031,22731,22
0.073333,755,46746,61
0.12866,96,156,1
0.276495,2042,93331,45
0.318333,224,1800,8
0.324543,1093,89136,81
0.242034,89,91,1
0.234283,80,184,2
0.131667,584,45356,77
0.192468,159,338,2
0.161854,30,34,1
0.073333,117,1402,11
0.062698,358,21619,60
0.235129,649,13196,20
0.323283,2034,130064,63
0.295,361,3066,8
0.135133,179,250,1
0.269178,95,154,1
0.26,4001,257072,64
0.131667,1172,192605,164
0.268426,100,161,1
0.155,66,245,3
0.131667,1252,74267,59
0.167356,98,99,1
0.284789,166,397,2
0.295,226,1452,6
0.166667,2260,82370,36
0.218929,616,1861,3
0.324555,88,95,1
0.220026,135,159,1
0.27319,100,154,1
0.26,173,1918,11
0.384068,140,205,1
0.222089,85,143,1
0.164709,324,1333,4
0.363212,172,533,3
0.263928,4001,329506,82
0.068678,114,211,1
0.143333,2253,180970,80
0.302037,68,91,1
0.05,1171,75129,64
0.29717,54,66,1
0.374708,69,97,1
0.085,923,56020,60
0.271993,133,144,1
0.30584,102,147,1
0.163671,99,102,1
0.085,584,33161,56
0.264163,90,109,1
0.33,3197,172800,54
0.05,235,10056,42
0.095637,167,455,2
0.0518,301,12327,40
0.176163,148,175,1
0.096022,126,157,1
0.143333,3841,273160,71
0.283333,862,14726,17
0.177737,300,588,1
0.372664,146,158,1
0.096667,426,50934,119
0.178197,128,140,1
0.248333,4001,284059,70
0.330841,103,111,1
0.295,174,1647,9
0.12318,413,232153,562
0.294855,101,103,1
0.149647,3511,446710,127
0.178333,96,984,10
0.323114,502,12963,25
0.099649,416,1987,4
0.333966,4001,204209,51
0.294588,404,3629,8
0.398283,92,105,1
0.230309,135,143,1
0.213333,1588,115208,72
0.067602,81,156,1
0.33,473,8810,18
0.125704,291,808,2
0.302348,115,153,1
0.155,4001,250755,62
0.222412,88,192,2
0.155,4001,291771,72
0.397788,91,141,1
0.130392,253,676,2
0.19,70,702,10
0.253425,174,964,5
0.313879,138,239,1
0.33688,105,112,1
0.318333,542,9144,16
0.178333,1599,37384,23
0.155,4001,272922,68
0.088226,96,104,1
0.348329,112,241,2
0.178038,111,141,1
0.073333,686,51733,75
0.201667,1823,45765,25
0.393807,151,333,2
0.353333,149,1403,9
0.16361,407,7659,18
0.304907,215,373,1
0.184613,4001,230867,57
0.383489,151,230,1
0.377401,87,94,1
0.341667,681,25565,37
0.325009,80,92,1
0.216994,301,556,1
0.12,153,2226,14
0.051465,450,85443,189
0.341667,70,183,2
0.075058,416,24531,58
0.372085,98,111,1
0.166667,4001,329554,82
0.208979,166,196,1
0.374494,206,519,2
0.143333,4001,291098,72
0.123865,93,97,1
0.054362,789,30772,39
0.236667,275,2309,8
0.107218,478,22997,48
0.19,4001,265986,66
0.143333,1511,101182,66
0.183839,79,85,1
0.217028,112,246,2
0.376362,168,697,4
0.202912,18,19,1
0.073052,98,101,1
0.166667,492,6381,12
0.149179,155,342,2
0.180747,286,4314,15
0.201667,4001,276986,69
0.092441,398,6577,16
0.305954,187,790,4
0.320294,118,220,1
0.283333,62,589,9
0.388046,88,110,1
0.19,4001,261644,65
0.098451,152,310,2
0.271667,2352,111161,47
0.141768,2298,112066,48
0.073333,924,33584,36
0.350278,119,205,1
0.131667,109,1871,17
0.143333,4001,281862,70
0.077975,831,120480,144
0.384896,143,426,2
0.375128,90,97,1
0.236667,65,505,7
0.289196,97,210,2
0.166667,4001,290287,72
0.388974,98,103,1
0.081335,453,18763,41
0.295,420,3043,7
0.168691,509,2658,5
0.378037,213,858,4
0.201667,620,10640,17
0.29443,232,477,2
0.180173,93,107,1
0.265148,384,2200,5
0.378313,744,25238,33
0.392375,90,106,1
0.33,561,7831,13
0.349221,75,91,1
0.149425,2804,209293,74
0.131667,372,10022,26
0.081919,416,35233,84
0.183984,91,101,1
0.097554,314,11041,35
0.06778,464,7120,15
0.306667,2514,88979,35
0.23105,94,136,1
0.336159,89,94,1
0.124908,131,737,5
0.337352,78,94,1
0.25896,82,162,1
0.170956,148,293,1
0.052034,92,95,1
0.222409,4001,430827,107
0.155,1013,21347,21
0.335446,96,98,1
0.262512,109,159,1
0.21776,94,221,2
0.236667,333,4648,13
0.088998,265,16476,62
0.355518,783,18841,24
0.201667,4001,240096,60
0.130866,86,94,1
0.26,4001,283778,70
0.379882,81,88,1
0.143333,326,7202,22
0.26038,109,110,1
0.19,3053,182975,59
0.318333,72,270,3
0.264054,288,673,2
0.371731,2740,126983,46
0.108333,153,6031,39
0.104622,310,3142,10
0.143333,4001,293795,73
0.386923,323,1329,4
0.08915,416,3858,9
0.096667,312,3889,12
0.225608,81,127,1
0.149207,95,105,1
0.306667,258,3352,12
0.201667,2257,41488,18
0.300745,81,90,1
0.34571,119,192,1
0.283333,4001,280799,70
0.120856,118,316,2
0.201667,4001,290961,72
0.273904,100,197,1
0.328615,101,246,2
0.19,4001,318215,79
0.327387,125,199,1
0.308773,94,112,1
0.178333,4001,273257,68
0.109384,412,2475,6
0.136535,86,100,1
0.239223,183,834,4
0.236667,1685,84868,50
0.104761,134,362,2
0.26,233,2875,12
0.119381,79,96,1
0.225,4001,268346,67
0.197607,120,341,2
0.074735,230,286,1
0.202365,134,169,1
0.236667,1352,20231,14
0.090149,416,8266,19
0.201667,4001,264704,66
0.192146,92,96,1
0.29381,92,108,1
0.155,4001,271681,67
0.38581,93,104,1
0.19,4001,293067,73
0.33,1044,41200,39
0.225,4001,259949,64
0.213333,1214,36898,30
0.110158,126,225,1
0.327155,90,107,1
0.248333,322,5368,16
0.103158,415,22777,54
0.372579,96,99,1
0.221255,88,99,1
0.137466,600,3236,5
0.08353,366,1741,4
0.19,2137,63242,29
0.366429,90,93,1
0.33,164,3871,23
0.273315,319,592,1
0.263627,123,350,2
0.310944,96,106,1
0.068949,223,751,3
0.050946,105,106,1
0.143333,4001,290729,72
0.082492,416,22114,53
0.235324,84,99,1
0.248333,4001,382929,95
0.306667,1468,28162,19
0.147257,87,93,1
0.395172,108,111,1
0.178333,685,7863,11
0.201667,4001,260874,65
0.131667,1360,81808,60
0.064455,529,14051,26
0.090085,365,12641,34
0.192566,100,111,1
0.380296,106,159,1
0.34192,126,149,1
0.311403,348,1533,4
0.24419,134,150,1
0.12,616,29879,48
0.251777,91,107,1
0.061667,57,149,2
0.353634,264,3474,13
0.178333,4001,315610,78
0.120664,383,1394,3
0.26,4001,269150,67
0.376667,1040,19145,18
0.161382,104,113,1
0.122711,686,31241,45
0.381427,175,391,2
0.089051,379,636,1
0.338578,266,1121,4
0.295,4001,275477,68
0.100256,415,25977,62
0.092196,437,28592,65
0.128498,825,5976,7
0.267737,100,157,1
0.268576,183,208,1
0.158391,84,86,1
0.096667,598,7782,13
0.217648,119,146,1
0.284299,89,133,1
0.155,4001,269276,67
0.248655,101,112,1
0.241059,118,254,2
0.225131,93,96,1
0.108333,519,41790,80
0.375811,104,116,1
0.389398,93,155,1
0.184051,99,100,1
0.300575,227,542,2
0.219207,87,98,1
0.33628,442,4157,9
0.238033,91,95,1
0.236667,4001,286799,71
0.345047,122,296,2
0.189899,92,103,1
0.202927,129,150,1
0.085,778,17817,22
0.326096,85,101,1
0.152686,86,88,1
0.161507,611,10089,16
0.365,1065,40581,38
0.295,2669,116040,43
0.213333,4001,281153,70
0.35071,105,197,1
0.25218,80,107,1
0.166667,4001,303590,75
0.109906,203,257,1
0.205599,82,91,1
0.19,4001,282163,70
0.122246,87,100,1
0.079761,232,383,1
0.19,4001,292982,73
0.289395,146,269,1
0.384917,290,1074,3
0.201667,4001,265420,66
0.287049,94,146,1
0.22309,198,291,1
0.178333,4001,279722,69
0.131667,1181,60036,50
0.249554,100,116,1
0.166667,4001,309613,77
0.200429,317,2949,9
0.073265,310,1623,5
0.19,4001,267520,66
0.166861,1011,73988,73
0.213333,4001,307966,76
0.130869,416,2287,5
0.230239,102,110,1
0.278374,80,91,1
0.05957,441,20676,46
0.392816,359,1827,5
0.394118,74,107,1
0.246685,4001,365216,91
0.20823,101,197,1
0.143333,4001,274326,68
0.178422,92,103,1
0.213333,4001,258334,64
0.202139,379,1919,5
0.248333,2745,164197,59
0.069787,1097,9524,8
0.371811,99,103,1
0.122422,256,381,1
0.25858,67,89,1
0.131667,1262,26117,20
0.245432,217,409,1
0.143333,4001,266634,66
0.283333,75,285,3
0.394317,837,160733,192
0.353955,94,102,1
0.214619,67,80,1
0.284847,195,446,2
0.157867,89,104,1
0.120405,185,237,1
0.155,785,14975,19
0.10982,136,195,1
0.225,3974,172340,43
0.39416,81,92,1
0.15928,86,96,1
0.123916,520,18553,35
0.143333,565,6311,11
0.265937,78,99,1
0.169879,273,811,2
0.108333,458,56443,123
0.304943,286,606,2
0.092648,384,10436,27
0.155,4001,303357,75
0.387683,86,98,1
0.077246,291,4427,15
0.166667,4001,270369,67
0.099356,214,1565,7
0.219724,264,993,3
0.201667,4001,259987,64
0.298587,76,207,2
0.335172,117,243,2
0.21006,4001,288440,72
0.225702,179,264,1
0.050045,416,2458,5
0.155,4001,273216,68
0.138494,645,5442,8
0.057644,101,116,1
0.287007,96,106,1
0.085222,416,14470,34
0.232786,1552,13023,8
0.370523,154,711,4
0.138599,92,186,2
0.257848,68,97,1
0.224988,198,427,2
0.153409,506,4287,8
0.158949,595,5360,9
0.183849,4001,280790,70
0.359379,159,532,3
0.24269,77,95,1
0.146284,82,92,1
0.314041,99,105,1
0.26,2005,104461,52
0.314617,196,1127,5
0.19,483,7587,15
0.10614,76,87,1
0.205006,130,168,1
0.166667,4001,390729,97
0.072296,137,367,2
0.143333,4001,331945,82
0.19,1586,42803,26
0.237036,78,96,1
0.096667,596,36719,61
0.220931,259,477,1
0.166667,3149,212165,67
0.248333,153,900,5
0.375465,86,94,1
0.33,3716,221756,59
0.283333,1254,66632,53
0.201667,4001,261510,65
0.188349,58,62,1
0.3403,104,146,1
0.365133,115,167,1
0.15549,112,303,2
0.115691,514,28230,54
0.284301,514,17816,34
0.057508,84,97,1
0.12,549,6570,11
0.095786,165,207,1
0.204288,99,151,1
0.085,576,35143,61
0.367818,85,101,1
0.160179,169,210,1
0.12,79,1176,14
0.362964,155,250,1
0.147015,269,777,2
0.295,505,12065,23
0.374223,85,111,1
0.114678,128,152,1
0.271667,62,180,2
0.222812,218,645,2
0.103233,76,79,1
0.155,4001,259510,64
0.131667,1004,272206,271
0.227845,142,1252,8
0.285516,1284,29615,23
0.361041,3507,198881,56
0.113788,96,107,1
0.353333,161,1284,7
0.201667,1163,46030,39
0.160714,123,148,1
0.213333,4001,249044,62
0.343702,81,94,1
0.365,83,626,7
0.058541,125,146,1
0.199903,129,201,1
0.155,4001,346876,86
0.236667,1466,50570,34
0.143333,4001,256666,64
0.132621,415,5666,13
0.16655,129,262,2
0.211509,107,119,1
0.236667,341,3116,9
0.185956,173,253,1
0.289553,101,102,1
0.232192,87,104,1
0.085,753,13332,17
0.055023,102,149,1
0.378172,84,181,2
0.131667,922,39913,43
0.337247,479,17615,36
0.287532,794,14166,17
0.248298,4001,318837,79
0.131667,1419,54387,38
0.26266,78,81,1
0.320849,88,104,1
0.069656,416,106422,255
0.083521,428,17034,39
0.248333,4001,366931,91
0.387754,80,83,1
0.211445,179,436,2
0.19,3842,214458,55
0.195207,476,2683,5
0.112953,338,1797,5
0.07712,960,29374,30
0.178333,4001,442966,110
0.072505,715,19550,27
0.143301,438,27573,62
0.219006,225,607,2
0.154957,4001,282984,70
0.223548,416,2427,5
0.109625,407,13459,33
0.258685,78,94,1
0.163572,610,15218,24
0.067932,516,6373,12
0.148193,619,12892,20
0.143333,4001,267200,66
0.238527,165,304,1
0.054339,416,19112,45
0.209467,4001,346943,86
0.079992,235,2275,9
0.142062,94,112,1
0.166667,4001,276471,69
0.101924,175,206,1
0.308501,72,79,1
0.093948,191,2143,11
0.175717,365,1042,2
0.107593,145,392,2
0.267894,258,5224,20
0.254338,4001,332783,83
0.259001,53,88,1
0.104736,59,79,1
0.272338,85,98,1
0.096667,754,40906,54
0.123527,425,98252,231
0.223063,169,300,1
0.238543,4001,384713,96
0.13103,416,101160,243
0.389053,101,160,1
0.151754,129,161,1
0.178727,631,12106,19
0.172465,432,1553,3
0.074432,458,21295,46
0.236667,88,609,6
0.248333,70,215,3
0.274315,82,103,1
0.255484,90,102,1
0.366399,87,92,1
0.186838,581,29588,50
0.363509,240,306,1
0.352253,112,113,1
0.201667,533,14013,26
0.29918,1664,252702,151
0.31371,99,100,1
0.286211,4001,297952,74
0.376667,1033,29756,28
0.396564,373,2999,8
0.361475,101,114,1
0.318333,413,4722,11
0.248333,1759,30673,17
0.32444,103,154,1
0.388333,95,710,7
0.06659,250,849,3
0.201667,2902,175363,60
0.116718,274,2960,10
0.304224,99,116,1
0.108333,368,36648,99
0.213333,1619,57005,35
0.112794,104,118,1
0.155,4001,259387,64
0.19,1855,73253,39
0.150535,4001,257306,64
0.236667,3822,111345,29
0.189413,93,134,1
0.155,3234,159297,49
0.201667,381,8185,21
0.270395,348,740,2
0.284132,107,109,1
0.155,4001,269897,67
0.166667,4001,278831,69
0.319763,273,1503,5
0.213003,192,301,1
0.103821,416,2123,5
0.396588,303,1579,5
0.384694,4001,279114,69
0.3958,54,66,1
0.143333,2411,185602,76
0.178333,4001,257471,64
0.379906,100,106,1
0.143333,4001,283614,70
0.283333,1132,19475,17
0.202357,78,83,1
0.310725,411,12121,29
0.063732,193,615,3
0.246846,789,30152,38
0.26,373,4573,12
0.089081,253,9608,37
0.167831,90,96,1
0.318333,234,4095,17
0.263754,90,96,1
0.107738,109,114,1
0.145071,178,600,3
0.131621,245,381,1
0.197518,185,209,1
0.318333,3619,187678,51
0.073333,675,16345,24
0.111011,471,2970,6
0.176492,75,93,1
0.201667,99,203,2
0.206735,111,151,1
0.096126,362,2024,5
0.288409,80,150,1
0.248333,597,14953,25
0.129592,322,10306,32
0.229629,98,104,1
0.271667,4001,274989,68
0.175609,163,194,1
0.177035,397,673,1
0.19,4001,258504,64
0.265946,128,252,1
0.160043,113,161,1
0.075082,367,1093,2
0.245854,299,937,3
0.155,4001,251872,62
0.126413,416,19342,46
0.329071,168,254,1
0.19,4001,243914,60
0.201667,1024,25204,24
0.217773,107,114,1
0.143333,58,106,1
0.153991,390,14672,37
0.247095,336,896,2
0.140686,319,2219,6
0.353333,100,842,8
0.330708,238,2185,9
0.369821,266,791,2
0.260257,95,104,1
0.225,1607,38444,23
0.166667,4001,295279,73
0.367697,98,105,1
0.143333,3071,225513,73
0.166667,74,1042,14
0.195356,161,860,5
0.350833,1064,42104,39
0.361344,75,82,1
0.317011,151,289,1
0.188083,92,105,1
0.248333,598,17097,28
0.234726,85,110,1
0.143333,2713,150918,55
0.26599,211,247,1
0.371717,126,256,2
0.132744,416,4622,11
0.155,4001,275102,68
0.281644,129,207,1
0.30982,2567,156257,60
0.376667,64,628,9
0.213333,1092,44506,40
0.296594,288,1026,3
0.143333,4001,267556,66
0.113212,136,172,1
0.262252,873,9503,10
0.166667,4001,277225,69
0.094432,85,101,1
0.256817,131,208,1
0.353333,62,534,8
0.321962,439,7174,16
0.143333,2860,185404,64
0.278876,339,1016,2
0.336874,380,1312,3
0.061138,223,670,3
0.382336,175,249,1
0.131667,66,889,13
0.152043,653,5996,9
0.236667,4001,263936,65
0.293151,88,98,1
0.132959,345,15423,44
0.155,4001,308005,76
0.199147,1363,109377,80
0.139418,2207,152320,69
0.338087,174,359,2
0.296163,2699,129231,47
0.201667,1601,61726,38
0.14516,101,147,1
0.155,4001,268379,67
0.381286,337,4494,13
0.114973,99,105,1
0.377262,174,751,4
0.221704,4001,263277,65
0.265805,114,197,1
0.271892,162,270,1
0.206548,131,343,2
0.271667,230,2538,11
0.106316,499,8933,17
0.396179,967,41924,43
0.100744,190,4577,24
0.108333,472,3536,7
0.178333,4001,334901,83
0.243439,233,564,2
0.272825,182,557,3
0.19,4001,262756,65
0.370706,86,95,1
0.155,4001,294705,73
0.288162,142,244,1
0.143333,2987,175166,58
0.205043,73,86,1
0.260912,92,97,1
0.159432,84,87,1
0.152343,196,212,1
0.155,4001,281122,70
0.174463,73,79,1
0.366231,181,236,1
0.249677,66,87,1
0.248333,225,2266,10
0.357298,98,200,2
0.19,4001,293193,73
0.19,62,102,1
0.077442,834,256357,307
0.391291,155,188,1
0.226132,4001,275867,68
0.213333,1106,18060,16
0.244977,94,157,1
0.155,4001,288434,72
0.203837,89,100,1
0.306667,2808,169062,60
0.078135,75,84,1
0.235191,71,97,1
0.335988,78,89,1
0.159776,386,4407,11
0.131667,583,40643,69
0.303616,262,368,1
0.249201,62,89,1
0.178333,126,1516,12
0.062504,87,97,1
0.393797,96,301,3
0.167678,576,7574,13
0.166331,550,3152,5
0.155,2589,191376,73
0.160391,85,139,1
0.357854,77,110,1
0.379498,83,84,1
0.178333,4001,281879,70
0.249189,344,1504,4
0.248333,2991,129612,43
0.213333,4001,274160,68
0.321057,95,102,1
0.237396,81,98,1
0.232748,66,83,1
0.073333,763,34289,44
0.070995,85,86,1
0.188498,199,221,1
0.318333,758,16068,21
0.166667,1933,46104,23
0.27095,94,104,1
0.306667,71,682,9
0.209334,239,529,2
0.094552,416,36833,88
0.178333,4001,265567,66
0.242756,102,111,1
0.220479,83,91,1
0.19,60,554,9
0.385781,78,88,1
0.302858,597,8529,14
0.285609,305,4528,14
0.062672,250,775,3
0.34866,85,147,1
0.223596,442,12610,28
0.215971,144,225,1
0.216735,637,3367,5
0.085,674,25801,38
0.2946,1281,68096,53
0.272545,149,577,3
0.201667,4001,262899,65
0.166667,4001,272504,68
0.065841,99,101,1
0.159295,414,5437,13
0.157732,87,100,1
0.317481,126,158,1
0.248098,4001,279327,69
0.306667,1105,46143,41
0.087937,99,142,1
0.276746,74,92,1
0.096667,753,37379,49
0.149517,916,52683,57
0.210146,99,106,1
0.341667,60,372,6
0.283333,1205,50148,41
0.364706,92,96,1
0.369971,91,101,1
0.395097,102,104,1
0.148437,79,100,1
0.33802,77,95,1
0.306667,51,132,2
0.114513,416,34575,83
0.386454,88,99,1
0.203408,4001,272136,68
0.096667,1002,48296,48
0.114108,833,36916,44
0.061033,258,5762,22
0.143333,69,337,4
0.166667,4001,277895,69
0.266692,55,91,1
0.213333,4001,294392,73
0.113752,198,1120,5
0.198378,136,154,1
0.12719,416,1970,4
0.053566,187,1141,6
0.272296,81,87,1
0.11323,136,144,1
0.143598,164,184,1
0.118286,81,83,1
0.145658,299,747,2
0.101272,94,195,2
0.10012,84,109,1
0.180584,60,90,1
0.318831,85,105,1
0.295,359,6085,16
0.286669,209,869,4
0.340975,99,150,1
0.155253,4001,305583,76
0.252568,102,104,1
0.178333,4001,300804,75
0.347184,85,94,1
0.209098,93,144,1
0.143333,4001,242938,60
0.373281,90,95,1
0.164488,634,2921,4
0.054052,439,10762,24
0.201667,2342,197195,84
0.0815,80,95,1
0.248333,62,600,9
0.140426,110,172,1
0.184767,377,495,1
0.069809,204,1845,9
0.269424,260,4034,15
0.168915,722,22611,31
0.196261,113,246,2
0.377754,202,706,3
0.227734,91,160,1
0.068199,54,64,1
0.189942,132,165,1
0.270719,100,114,1
0.201667,450,5349,11
0.213333,1472,15334,10
0.199786,93,102,1
0.061165,87,98,1
0.271667,671,16317,24
0.26,2991,143932,48
0.19,4001,252562,63
0.3041,151,196,1
0.092321,315,3386,10
0.198149,136,340,2
0.213412,734,23953,32
0.206412,96,113,1
0.314838,205,590,2
0.19,4001,292705,73
0.209443,98,113,1
0.132637,439,19411,44
0.286633,132,258,1
0.291495,718,9898,13
0.325536,1774,90228,50
0.104285,277,4919,17
0.199522,380,10942,28
0.303864,130,217,1
0.178333,4001,274763,68
0.117161,284,11121,39
0.304784,226,949,4
0.238443,69,81,1
0.365,269,3248,12
0.306667,1666,50156,30
0.263763,97,102,1
0.38147,162,589,3
0.312798,79,104,1
0.143333,4001,309296,77
0.166197,77,85,1
0.308787,115,152,1
0.155,4001,341665,85
0.13653,416,5017,12
0.279032,109,162,1
0.299216,534,11624,21
0.096667,235,7988,33
0.338685,82,85,1
0.204,94,103,1
0.131667,62,105,1
0.237818,91,102,1
0.266041,398,9425,23
0.288491,164,286,1
0.19,601,15441,25
0.091494,89,104,1
0.196868,849,5267,6
0.271667,272,1691,6
0.11955,132,152,1
0.333943,82,237,2
0.121332,156,195,1
0.387037,99,108,1
0.336482,91,106,1
0.30322,170,200,1
0.061667,517,16837,32
0.172141,115,118,1
0.229716,98,108,1
0.252768,95,146,1
0.316377,416,4940,11
0.365885,1855,87111,46
0.213333,63,533,8
0.194928,294,1670,5
0.271679,93,153,1
0.16983,174,487,2
0.236667,365,4710,12
0.059186,416,26485,63
0.273967,218,565,2
0.155,4001,295802,73
0.320338,103,190,1
0.234878,238,337,1
0.201667,287,4459,15
0.357778,191,424,2
0.351714,160,266,1
0.350276,82,111,1
0.096667,595,35112,59
0.082792,132,147,1
0.177129,2084,100487,48
0.155,4001,272615,68
0.384341,105,295,2
0.360086,133,304,2
0.321293,490,8711,17
0.201667,338,5885,17
0.078904,453,7434,16
0.067528,445,1110,2
0.052964,271,705,2
0.213908,157,369,2
0.216995,171,457,2
0.19,4001,268159,67
0.124814,324,7743,23
0.26403,102,208,2
0.271667,61,334,5
0.201667,4001,292331,73
0.248333,1787,85284,47
0.16581,38,51,1
0.313405,142,146,1
0.353333,451,4750,10
0.342968,80,95,1
0.306667,202,1540,7
0.185324,833,17741,21
0.39737,168,435,2
0.061683,416,27837,66
0.147369,221,837,3
0.166984,87,96,1
0.399636,82,100,1
0.306667,95,497,5
0.065768,112,216,1
0.065858,324,1346,4
0.343241,95,98,1
0.225,346,1750,5
0.060958,100,101,1
0.088608,87,97,1
0.19,56,596,10
0.165054,177,252,1
0.163246,77,90,1
0.194593,3381,243818,72
0.206267,86,88,1
0.195059,230,1107,4
0.206397,4001,374648,93
0.242668,96,103,1
0.077091,524,6804,12
0.19,4001,275030,68
0.131667,1589,83659,52
0.218036,100,112,1
0.365964,814,33302,40
0.34733,176,236,1
0.175661,435,2227,5
0.063294,159,201,1
0.19,4001,273431,68
0.386532,92,112,1
0.137122,1665,218009,130
0.209955,209,295,1
0.216135,229,260,1
0.248333,66,131,1
0.191252,97,99,1
0.227825,167,349,2
0.271667,4001,296164,74
0.201667,1332,33013,24
0.352207,86,95,1
0.155,4001,293983,73
0.143333,1173,82100,69
0.160023,315,1035,3
0.380776,83,151,1
0.096667,508,32136,63
0.293552,110,263,2
0.353804,232,3206,13
0.298653,144,589,4
0.21553,3677,186837,50
0.236824,3445,191472,55
0.125908,1112,27322,24
0.271667,986,15262,15
0.090393,85,90,1
0.318333,3208,197745,61
0.376667,243,2028,8
0.213333,1412,59798,42
0.143333,2787,158450,56
0.364773,927,36082,38
0.085,871,36416,41
0.182002,286,484,1
0.280648,370,1679,4
0.05,206,9073,44
0.258417,82,92,1
0.218693,81,103,1
0.073333,333,7463,22
0.201667,3072,150762,49
0.248333,72,910,12
0.302559,346,804,2
0.104857,859,30565,35
0.283333,60,563,9
0.226018,251,833,3
0.360479,90,94,1
0.320222,69,74,1
0.085,367,7374,20
0.117408,546,8668,15
0.363407,126,187,1
0.271279,349,2078,5
0.117197,141,504,3
0.108586,475,1346,2
0.388653,124,144,1
0.283333,303,3265,10
0.230637,93,152,1
0.087046,445,30916,69
0.152884,45,63,1
0.128513,122,161,1
0.130464,281,542,1
0.225,1086,29122,26
0.248333,2781,143475,51
0.19,4001,264838,66
0.102816,413,136315,330
0.388032,85,98,1
0.313235,179,601,3
0.137391,127,401,3
0.383901,85,90,1
0.217415,160,301,1
0.105014,416,76784,184
0.295,920,8912,9
0.182843,89,150,1
0.304246,226,686,3
0.166667,523,10326,19
0.19688,590,36273,61
0.155,4001,252735,63
0.236637,98,105,1
0.222015,83,84,1
0.236667,607,11845,19
0.126041,346,6188,17
0.123371,211,453,2
0.05,56,1059,18
0.387799,125,153,1
0.244854,442,5700,12
0.271667,666,13009,19
0.236667,4001,295150,73
0.152181,149,298,2
0.191402,102,129,1
0.096667,563,14374,25
0.235103,1383,35212,25
0.248333,4001,304644,76
0.341596,127,154,1
0.263934,81,105,1
0.143333,4001,305538,76
0.123298,83,90,1
0.166667,4001,270789,67
0.23183,86,105,1
0.20591,102,158,1
0.26,63,157,2
0.236667,1906,33349,17
0.328201,186,836,4
0.271667,107,1200,11
0.385256,83,108,1
0.396115,195,331,1
0.096667,339,29222,86
0.091833,85,100,1
0.252617,108,114,1
0.310018,95,155,1
0.341136,151,183,1
0.176015,186,214,1
0.250743,68,80,1
0.056827,92,102,1
0.192268,77,79,1
0.180414,299,1616,5
0.259755,92,93,1
0.398123,149,288,1
0.11722,363,1895,5
0.271667,1555,51761,33
0.12013,111,112,1
0.248333,4001,255517,63
0.071463,362,18863,52
0.228744,81,85,1
0.090745,86,102,1
0.283333,466,10614,22
0.356949,74,106,1
0.303081,206,502,2
0.300345,131,216,1
0.336912,113,148,1
0.259451,94,105,1
0.114,97,159,1
0.365,331,5457,16
0.346832,102,117,1
0.155,344,10867,31
0.301942,161,206,1
0.104034,223,540,2
0.374751,85,152,1
0.353664,215,1287,5
0.155,4001,265347,66
0.283333,1239,52926,42
0.201667,4001,229829,57
0.056468,94,97,1
0.236667,377,3746,9
0.199676,222,250,1
0.143333,4001,267557,66
0.19,4001,274817,68
0.26,1160,67163,57
0.317869,452,3269,7
0.240163,132,154,1
0.096492,133,148,1
0.145259,1617,47328,29
0.308104,84,92,1
0.33,274,5049,18
0.10372,101,200,1
0.302121,80,136,1
0.178333,4001,295399,73
0.248687,107,114,1
0.376667,64,490,7
0.318333,1787,34737,19
0.241502,97,206,2
0.295,4001,255815,63
0.25979,356,6039,16
0.307823,116,127,1
0.274827,98,104,1
0.295,65,700,10
0.242086,97,153,1
0.252851,170,400,2
0.274201,93,116,1
0.19,1208,82017,67
0.136739,416,1286,3
0.178333,4001,361859,90
0.28408,97,98,1
0.19,4001,284314,71
0.070246,416,27957,67
0.150992,1198,42808,35
0.255418,282,1907,6
0.163747,98,101,1
0.166667,4001,282503,70
0.398922,69,101,1
0.247052,223,361,1
0.155,4001,287136,71
0.26445,92,146,1
0.115893,219,3936,17
0.357944,529,18544,35
0.201667,65,140,2
0.369827,86,99,1
0.079969,96,147,1
0.225,4001,283398,70
0.213333,1127,12390,10
0.268842,99,104,1
0.229122,216,307,1
0.166667,503,7315,14
0.241328,514,6368,12
0.143333,4001,288088,72
0.38081,92,106,1
0.158995,84,149,1
0.277415,104,175,1
0.33,3628,206734,56
0.27255,224,378,1
0.333091,79,89,1
0.282619,441,3473,7
0.388333,351,1867,5
0.106935,599,28953,48
0.39418,80,88,1
0.146202,98,109,1
0.219444,278,416,1
0.290724,74,89,1
0.271667,784,16976,21
0.203712,80,100,1
0.096375,231,1111,4
0.129614,101,245,2
0.309988,4001,259721,64
0.209665,415,8577,20
0.289324,87,100,1
0.158738,3335,198843,59
0.287645,141,147,1
0.353333,61,519,8
0.252404,95,102,1
0.211653,262,349,1
0.35512,70,82,1
0.143435,183,242,1
0.19061,259,387,1
0.166667,4001,328896,82
0.385011,91,105,1
0.157489,194,255,1
0.394371,95,111,1
0.080419,545,36978,67
0.143333,4001,330928,82
0.296527,118,250,2
0.337517,71,82,1
0.236667,4001,255922,63
0.269777,88,117,1
0.311621,44,50,1
0.19,549,11289,20
0.135235,71,81,1
0.178333,4001,270776,67
0.166667,4001,281438,70
0.14311,189,301,1
0.166667,4001,298787,74
0.126466,165,240,1
0.200116,97,104,1
0.155,4001,284125,71
0.113594,100,110,1
0.16502,78,92,1
0.084456,72,160,2
0.096667,697,9540,13
0.077777,376,1971,5
0.301298,98,120,1
0.376667,305,6328,20
0.390228,68,69,1
0.304088,89,111,1
0.213333,618,12455,20
0.236667,4001,257774,64
0.10904,78,81,1
0.134439,104,108,1
0.328833,81,92,1
0.213333,4001,302198,75
0.121485,155,460,2
0.335167,95,168,1
0.186381,85,92,1
0.081826,241,7424,30
0.167822,988,24826,25
0.106225,87,96,1
0.33,61,456,7
0.283333,74,289,3
0.388285,528,12947,24
0.369652,790,18814,23
0.328694,95,100,1
0.314172,4001,284478,71
0.103012,564,8635,15
0.35807,264,1069,4
0.258623,91,103,1
0.351326,138,580,4
0.201981,154,253,1
0.268153,332,937,2
0.061667,1065,26948,25
0.295143,248,999,4
0.319156,127,154,1
0.236667,395,7427,18
0.095258,350,450,1
0.19,3648,224944,61
0.283333,951,21800,22
0.320316,89,155,1
0.203784,92,196,2
0.146561,121,140,1
0.203356,99,115,1
0.118751,78,180,2
0.345209,90,105,1
0.249382,348,5795,16
0.05,659,45798,69
0.32292,195,734,3
0.260199,197,430,2
0.143333,4001,241559,60
0.053919,427,13728,32
0.178333,4001,260137,65
0.283603,158,317,2
0.247329,111,226,2
0.19,4001,254289,63
0.213384,97,112,1
0.295,3206,196082,61
0.155,256,4522,17
0.139762,65,78,1
0.074809,543,23949,44
0.376667,766,13104,17
0.252882,92,99,1
0.271667,3448,135628,39
0.201667,548,7225,13
0.378032,56,67,1
0.259741,118,272,2
0.164694,832,38463,46
0.07021,314,14826,47
0.09936,105,135,1
0.105385,251,6409,25
0.283333,97,824,8
0.204645,92,117,1
0.155,4001,293706,73
0.310997,87,99,1
0.216765,89,147,1
0.143333,1098,59806,54
0.163599,971,21464,22
0.236667,4001,277341,69
0.102776,605,14927,24
0.384419,149,174,1
0.328393,105,160,1
0.218641,78,106,1
0.076607,102,114,1
0.248333,234,2305,9
0.350062,89,92,1
0.312153,133,208,1
0.376667,239,3501,14
0.245553,102,103,1
0.213333,269,3919,14
0.073762,80,95,1
0.182681,164,411,2
0.144274,390,7210,18
0.236259,84,100,1
0.248333,4001,262851,65
0.148959,111,185,1
0.348159,119,159,1
0.365,3590,181628,50
0.108333,782,56142,71
0.155339,413,3422,8
0.099771,449,6798,15
0.137984,71,82,1
0.10234,171,340,1
0.290035,165,330,2
0.353333,66,105,1
0.155,4001,267338,66
0.068772,98,101,1
0.09566,639,17021,26
0.26,1367,64228,46
0.298462,100,105,1
0.172139,93,151,1
0.178333,912,9922,10
0.188307,78,89,1
0.273037,149,210,1
0.295,340,3369,9
0.166571,64,69,1
0.26112,62,79,1
0.353333,223,2720,12
0.341667,2471,116598,47
0.174076,4001,261881,65
0.374201,165,614,3
0.175103,81,120,1
0.166667,4001,243658,60
0.085,1171,75223,64
0.165554,101,105,1
0.393212,90,101,1
0.226327,174,201,1
0.090693,101,161,1
0.25471,137,157,1
0.159234,93,98,1
0.131667,657,45586,69
0.098537,135,145,1
0.341533,1077,15061,13
0.12,826,59721,72
0.222852,88,90,1
0.222408,176,210,1
0.269922,90,111,1
0.298645,94,141,1
0.209933,125,509,4
0.329139,504,5272,10
0.104152,416,21378,51
0.093939,133,197,1
0.179172,4001,336386,84
0.131667,1000,35906,35
0.210322,46,59,1
0.201667,4001,225392,56
0.306667,1042,21396,20
0.214887,210,429,2
0.134609,204,692,3
0.244854,62,93,1
0.325908,98,144,1
0.248971,68,83,1
0.201667,1564,15857,10
0.056584,184,384,2
0.178333,4001,278276,69
0.24503,243,408,1
0.19,4001,339268,84
0.297841,93,100,1
0.163307,87,103,1
0.166667,4001,292707,73
0.054805,83,102,1
0.391281,83,99,1
0.394568,100,159,1
0.236667,932,8787,9
0.056135,271,1015,3
0.202484,322,3797,11
0.055182,208,966,4
0.088402,68,78,1
0.166667,4001,306367,76
0.103003,87,115,1
0.207652,568,12072,21
0.120138,501,1361,2
0.26,505,14338,28
0.263474,128,158,1
0.134372,459,6419,13
0.364972,80,95,1
0.174773,334,518,1
0.267077,92,101,1
0.201667,1360,71637,52
0.166667,4001,255234,63
0.299406,282,509,1
0.178333,4001,289941,72
0.398155,93,102,1
0.127383,165,207,1
0.197048,147,1162,7
0.26,616,21546,34
0.184075,1006,28958,28
0.080557,299,1385,4
0.056582,58,61,1
0.131667,55,92,1
0.220363,531,7882,14
0.235073,110,167,1
0.33,4001,291880,72
0.129206,206,4975,24
0.26,4001,277880,69
0.090605,55,81,1
0.090536,95,107,1
0.061667,585,42686,72
0.290426,99,168,1
0.073333,586,31190,53
0.169187,296,604,2
0.273164,2881,163985,56
0.23741,242,590,2
0.37738,131,138,1
0.115761,108,280,2
0.178333,400,3414,8
0.20366,98,106,1
0.069242,356,18661,52
0.143333,4001,303111,75
0.248333,1162,32122,27
0.397007,146,159,1
0.073285,91,104,1
0.09324,80,99,1
0.241769,101,106,1
0.306667,249,1968,7
0.1472,105,111,1
0.071322,416,26424,63
0.155,4001,324228,81
0.37759,82,93,1
0.239624,158,195,1
0.213333,3509,217928,62
0.178333,611,4676,7
0.213333,2789,80605,28
0.166667,4001,273444,68
0.271667,1810,72417,40
0.133486,223,284,1
0.092523,93,157,1
0.12,73,959,13
0.286154,292,716,2
0.150791,105,157,1
0.05,679,46048,67
0.158326,1192,24093,20
0.097495,270,426,1
0.341667,65,239,3
0.31098,73,106,1
0.225,2421,110968,45
0.166667,4001,237262,59
0.379181,94,108,1
0.372996,97,161,1
0.155,4001,299089,74
0.111967,416,12709,30
0.059737,415,2310,5
0.32514,102,110,1
0.353333,572,10267,17
0.230644,83,106,1
0.368967,153,316,2
0.283333,941,15274,16
0.22515,88,95,1
0.166667,4001,299359,74
0.090706,229,747,3
0.143333,4001,288668,72
0.146221,104,196,1
0.155,4001,277778,69
0.318333,1574,32798,20
0.22713,153,340,2
0.248333,4001,273696,68
0.235999,96,103,1
0.254397,89,161,1
0.178333,4001,297687,74
0.283333,1232,24337,19
0.26,2396,92179,38
0.237757,908,11483,12
0.323335,82,93,1
0.19005,147,160,1
0.26389,121,723,5
0.166667,4001,285120,71
0.06844,423,14376,33
0.201667,2248,70795,31
0.178333,4001,266158,66
0.370821,109,139,1
0.050663,261,3139,12
0.190848,178,401,2
0.108333,60,93,1
0.354585,679,26217,38
0.110007,112,162,1
0.072342,42,56,1
0.073333,466,9043,19
0.183073,96,111,1
0.18919,149,591,3
0.18972,103,162,1
0.143333,4001,333594,83
0.359352,101,107,1
0.087893,156,290,1
0.123459,374,3786,10
0.203197,133,143,1
0.39851,86,104,1
0.282793,157,195,1
0.196823,59,77,1
0.233027,1313,42437,32
0.304779,97,301,3
0.248333,266,742,2
0.322725,89,144,1
0.115689,98,100,1
0.271667,3787,221982,58
0.291109,100,112,1
0.080132,190,337,1
0.225833,92,117,1
0.213333,1472,70816,48
0.155243,164,357,2
0.166667,4001,247122,61
0.223745,166,231,1
0.197988,101,107,1
0.231779,108,113,1
0.353333,862,11760,13
0.225,1891,94750,50
0.258011,1027,20955,20
0.236667,4001,244906,61
0.17859,89,92,1
0.324813,336,1200,3
0.225,721,8174,11
0.249487,99,152,1
0.20184,463,1917,4
0.093344,137,312,2
0.22186,77,104,1
0.141342,89,100,1
0.366841,172,1035,6
0.067651,108,109,1
0.341667,60,350,5
0.310528,83,91,1
0.394619,103,418,4
0.365897,617,5939,9
0.318333,102,563,5
0.225,3193,120782,37
0.178333,229,1215,5
0.258353,553,3159,5
0.141777,150,173,1
0.067731,88,94,1
0.201667,3054,81295,26
0.061667,61,502,8
0.31214,57,81,1
0.397033,82,96,1
0.302583,100,101,1
0.145341,111,338,3
0.204531,141,152,1
0.283684,84,95,1
0.246122,4001,299745,74
0.104729,87,120,1
0.272162,86,103,1
0.189371,159,362,2
0.236667,1171,27228,23
0.12525,96,274,2
0.131667,506,35692,70
0.354308,111,162,1
0.067727,204,247,1
0.302759,106,109,1
0.143333,4001,272119,68
0.29674,74,84,1
0.377919,1859,81132,43
0.222175,239,1138,4
0.267224,976,146756,150
0.193494,1854,155596,83
0.181998,102,107,1
0.19,63,668,10
0.16325,136,265,1
0.227095,546,6129,11
0.155,59,226,3
0.206685,82,104,1
0.091015,234,292,1
0.214929,64,83,1
0.098948,306,5478,17
0.19099,280,1418,5
0.065991,342,641,1
0.310077,209,294,1
0.383933,84,91,1
0.07237,135,155,1
0.131804,415,5648,13
0.061667,655,20182,30
0.067794,205,363,1
0.091526,204,786,3
0.178333,4001,317336,79
0.349776,105,107,1
0.055031,823,4019,4
0.151403,175,247,1
0.201667,678,16657,24
0.393454,84,97,1
0.178333,4001,276515,69
0.201453,87,101,1
0.374609,86,97,1
0.19,4001,288220,72
0.252152,308,1094,3
0.193199,169,446,2
0.236667,4001,285445,71
0.262456,170,186,1
0.346933,689,7943,11
0.288894,220,581,2
0.12,384,6237,16
0.349139,139,194,1
0.371551,1506,62776,41
0.230167,95,102,1
0.248333,1838,48115,26
0.178333,4001,260984,65
0.269444,92,160,1
0.096503,94,142,1
0.155,4001,294447,73
0.100835,199,550,2
0.205813,197,470,2
0.236667,4001,277752,69
0.104825,422,25603,60
0.276514,174,334,1
0.233293,109,500,4
0.143333,266,3497,13
0.323177,519,22457,43
0.305836,78,87,1
0.152746,626,9439,15
0.172136,4001,301379,75
0.096667,1002,68956,68
0.174293,124,1046,8
0.271667,3634,195372,53
0.184806,4001,228435,57
0.223834,89,105,1
0.247579,96,99,1
0.120593,153,200,1
0.183686,140,300,2
0.38212,101,117,1
0.206448,81,87,1
0.212106,348,7058,20
0.329089,88,97,1
0.248333,1733,75203,43
0.376426,151,280,1
0.131667,427,52501,122
0.220813,183,339,1
0.295,173,950,5
0.305711,258,587,2
0.375134,249,1230,4
0.19,4001,256569,64
0.326618,724,13651,18
0.339912,101,154,1
0.298891,122,306,2
0.108333,517,47618,92
0.395863,667,41293,61
0.392063,372,1057,2
0.155,548,5129,9
0.375724,92,109,1
0.125144,416,86913,208
0.298285,190,920,4
0.106393,479,22736,47
0.385967,1491,49364,33
0.108883,441,7781,17
0.061667,964,25883,26
0.28388,860,38908,45
0.117573,103,308,2
0.213333,4001,244119,61
0.363637,174,281,1
0.117133,249,290,1
0.23286,186,671,3
0.166667,600,7392,12
0.318636,124,207,1
0.12,82,323,3
0.23936,106,110,1
0.109535,92,141,1
0.347382,125,190,1
0.167381,131,265,2
0.293669,102,190,1
0.224655,815,6223,7
0.341667,58,553,9
0.05,1173,61504,52
0.312128,335,5921,17
0.118887,85,88,1
0.074257,522,14802,28
0.201667,791,11950,15
0.213967,69,109,1
0.213333,4001,257706,64
0.143333,2422,194596,80
0.385678,179,343,1
0.195111,142,258,1
0.32682,126,278,2
0.228559,75,87,1
0.225,1134,51747,45
0.197962,102,164,1
0.256944,82,110,1
0.05,844,72018,85
0.184697,44,47,1
0.159708,380,7400,19
0.178333,4001,320198,80
0.20708,74,92,1
0.150838,111,117,1
0.17451,127,432,3
0.153095,212,803,3
0.296901,307,1737,5
0.19,4001,292203,73
0.299206,110,114,1
0.344701,91,201,2
0.178333,3674,234124,63
0.109552,374,5219,13
0.175811,113,193,1
0.085076,547,13454,24
0.155,111,936,8
0.267861,248,1106,4
0.168132,204,393,1
0.13746,985,55748,56
0.353333,61,573,9
0.138944,88,138,1
0.324284,99,103,1
0.071011,84,92,1
0.33,541,4392,8
0.248333,1642,46616,28
0.128629,73,108,1
0.143333,4001,292135,73
0.241384,83,101,1
0.387072,98,107,1
0.159814,473,4920,10
0.321479,1113,33521,30
0.295,643,5247,8
0.160721,757,35212,46
0.324568,78,101,1
0.26,4001,284258,71
0.102767,114,333,2
0.135443,218,778,3
0.062351,408,10675,26
0.396328,165,673,4
0.07239,75,98,1
0.155,276,3994,14
0.247208,2068,81974,39
0.149129,4001,281111,70
0.285321,89,110,1
0.111039,80,81,1
0.178333,4001,266593,66
0.138886,80,103,1
0.174245,94,97,1
0.189389,125,161,1
0.283333,1717,64547,37
0.373367,77,93,1
0.225,4001,285575,71
0.143564,81,146,1
0.271667,261,1893,7
0.35269,93,106,1
0.236667,53,94,1
0.154807,1313,34319,26
0.247893,2114,110834,52
0.166667,4001,221608,55
0.354425,104,331,3
0.295,2255,126199,55
0.248333,3923,240079,61
0.19317,4001,276431,69
0.201667,1112,20183,18
0.387686,108,115,1
0.136206,214,652,3
0.305827,71,103,1
0.156111,337,1095,3
0.341667,211,4059,19
0.271667,1300,24767,19
0.166667,4001,303788,75
0.355483,192,556,2
0.125324,303,6351,20
0.33901,217,4435,20
0.302095,342,3906,11
0.3172,101,113,1
0.085,505,46061,91
0.2667,91,194,2
0.079882,361,715,1
0.155,4001,513987,128
0.093567,127,274,2
0.178333,4001,309725,77
0.209222,175,3238,18
0.110741,463,20871,45
0.166667,4001,273161,68
0.197172,160,249,1
0.103361,119,796,6
0.221866,232,773,3
0.0832,384,12957,33
0.262871,80,222,2
0.353794,96,117,1
0.231296,82,103,1
0.054995,153,169,1
0.178333,4001,275587,68
0.335407,97,222,2
0.306667,663,5731,8
0.373202,166,402,2
0.178333,4001,288406,72
0.116033,188,423,2
0.389388,1656,72625,43
0.052284,290,3754,12
0.108333,428,33608,78
0.094402,399,17136,42
0.323115,92,114,1
0.26,598,14543,24
0.19,1617,46957,29
0.284599,134,153,1
0.19,289,4205,14
0.098933,114,118,1
0.241493,74,87,1
0.283333,516,4489,8
0.115821,162,346,2
0.172325,391,2682,6
0.236667,4001,258961,64
0.372912,593,39065,65
0.211321,91,119,1
0.372107,87,100,1
0.167832,4001,429114,107
0.229503,84,188,2
0.380214,123,189,1
0.318333,169,2326,13
0.07344,51,61,1
0.225,4001,295390,73
0.141541,126,356,2
0.216072,284,907,3
0.143333,4001,274442,68
0.319443,50,51,1
0.394409,103,213,2
0.353333,3691,197187,53
0.109291,459,7260,15
0.31701,292,691,2
0.265577,278,676,2
0.236667,499,5973,11
0.173862,207,223,1
0.391837,2107,97561,46
0.178333,4001,242426,60
0.143333,57,139,2
0.385485,250,571,2
0.177056,97,143,1
0.213333,4001,267448,66
0.327372,75,92,1
0.283387,113,157,1
0.280528,145,153,1
0.178333,4001,417069,104
0.21993,106,154,1
0.178333,4001,293005,73
0.271,549,5756,10
0.118139,602,20790,34
0.14185,2917,276342,94
0.26,1592,65100,40
0.335783,96,153,1
0.201667,4001,295732,73
0.258259,66,71,1
0.178333,2473,129433,52
0.155,4001,308151,77
0.143333,1184,80764,68
0.156857,82,100,1
0.28606,127,143,1
0.318333,360,6549,18
0.178561,150,308,2
0.143333,4001,266163,66
0.312019,132,160,1
0.094787,100,104,1
0.306667,812,12330,15
0.359455,209,1299,6
0.349573,90,165,1
0.079285,85,199,2
0.155733,4001,400580,100
0.330626,142,211,1
0.150776,78,96,1
0.307198,560,4289,7
0.155,4001,281258,70
0.370545,82,91,1
0.19,4001,313677,78
0.143333,1894,142799,75
0.103564,88,154,1
0.306667,59,437,7
0.166667,4001,257986,64
0.23945,99,101,1
0.280984,78,97,1
0.178333,4001,268431,67
0.178333,4001,255176,63
0.123009,415,41835,100
0.396302,109,157,1
0.312507,988,10749,10
0.277562,306,584,1
0.143333,2258,124419,55
0.158394,96,246,2
0.341667,379,3335,8
0.383375,112,154,1
0.236667,3433,143420,41
0.236667,674,15404,22
0.074936,416,687,1
0.135879,91,98,1
0.061667,19,208,10
0.262128,610,18114,29
0.241621,100,105,1
0.353333,58,379,6
0.053683,160,346,2
0.166667,4001,250511,62
0.283333,1062,56856,53
0.093075,126,300,2
0.19,4001,257050,64
0.159204,100,169,1
0.166667,4001,246951,61
0.323791,626,27243,43
0.278519,166,296,1
0.201667,4001,265584,66
0.085,1205,49609,41
0.15389,100,155,1
0.365,57,107,1
0.199972,327,3165,9
0.321328,1914,77041,40
0.398073,84,95,1
0.05,587,22546,38
0.273946,264,782,2
0.145114,181,1001,5
0.111809,102,103,1
0.31949,98,155,1
0.13661,138,604,4
0.325476,74,94,1
0.166667,332,2225,6
0.059854,450,10560,23
0.259277,1021,58685,57
0.179747,214,572,2
0.226915,120,192,1
0.116673,77,142,1
0.074846,93,206,2
0.093282,163,216,1
0.201667,4001,280875,70
0.248333,4001,285874,71
0.164081,1248,93401,74
0.344318,89,99,1
0.293545,97,111,1
0.186847,4001,305260,76
0.143333,4001,276033,68
0.17846,87,152,1
0.094346,237,909,3
0.155,468,6155,13
0.143333,1540,105013,68
0.177657,62,71,1
0.108333,213,1058,4
0.178333,1655,21429,12
0.155,2968,204154,68
0.143333,4001,279146,69
0.251752,223,532,2
0.066442,330,503,1
0.14559,108,238,2
0.295,236,1227,5
0.302737,236,657,2
0.283736,103,106,1
0.095239,416,42965,103
0.341319,74,101,1
0.151036,92,104,1
0.33,152,825,5
0.224069,115,555,4
0.234134,297,712,2
0.314083,112,113,1
0.248333,522,8855,16
0.37816,144,224,1
0.39638,92,102,1
0.213333,4001,302807,75
0.34815,127,257,2
0.312004,91,98,1
0.117142,489,23404,47
0.101243,173,997,5
0.143938,194,593,3
0.363742,103,105,1
0.178333,4001,292094,73
0.191455,325,724,2
0.325269,136,194,1
0.155,4001,278124,69
0.385605,99,112,1
0.236667,4001,281706,70
0.121476,417,1249,2
0.1046,91,93,1
0.151876,155,220,1
0.239352,293,3598,12
0.33883,101,167,1
0.289173,62,87,1
0.155,68,662,9
0.382053,252,1275,5
0.349189,83,159,1
0.234831,224,1746,7
0.341667,423,9481,22
0.187746,107,108,1
0.063197,139,152,1
0.213333,4001,267810,66
0.16332,214,1750,8
0.200893,77,88,1
0.125579,308,1088,3
0.05,205,3552,17
0.248333,3220,161459,50
0.085,243,24535,100
0.171355,264,1193,4
0.392581,80,97,1
0.050322,416,11722,28
0.063195,338,3573,10
0.25474,93,96,1
0.244526,102,153,1
0.295,465,6131,13
0.365,64,164,2
0.081816,88,91,1
0.214071,282,553,1
0.201667,3480,206893,59
0.114583,833,35194,42
0.143333,4001,235320,58
0.249713,190,462,2
0.058162,531,20954,39
0.206719,474,19857,41
0.318333,1102,38232,34
0.180828,74,94,1
0.143333,4001,258172,64
0.06999,416,103466,248
0.399684,85,90,1
0.065659,182,1438,7
0.215924,4001,387386,96
0.11883,58,64,1
0.298963,92,94,1
0.225,4001,273222,68
0.124923,224,1762,7
0.358253,543,3676,6
0.101001,137,164,1
0.376667,956,22595,23
0.094797,78,102,1
0.271667,4001,270491,67
0.336911,103,107,1
0.312682,447,2681,5
0.061667,460,15113,32
0.379702,179,1006,5
0.33571,143,399,2
0.085173,833,8513,10
0.0695,416,9190,22
0.096667,133,2932,22
0.341705,164,209,1
0.103946,217,316,1
0.166667,4001,262640,65
0.379802,77,149,1
0.056086,289,884,3
0.085361,248,4021,16
0.061667,520,25870,49
0.385265,195,308,1
0.315681,2968,264544,89
0.273409,4001,346162,86
0.344439,109,117,1
0.325963,93,110,1
0.213333,202,1660,8
0.19,4001,307799,76
0.147358,1056,29990,28
0.061851,128,154,1
0.19,442,6241,14
0.236667,1621,59209,36
0.094302,145,267,1
0.19106,129,153,1
0.05,843,39744,47
0.191437,621,16255,26
0.387722,1246,41528,33
0.085,128,2385,18
0.349537,84,106,1
0.237634,145,191,1
0.110113,64,98,1
0.316093,88,91,1
0.244002,311,7633,24
0.180011,179,227,1
0.178333,286,3600,12
0.161937,28,34,1
0.380062,167,832,4
0.217895,4001,300016,74
0.272235,81,85,1
0.253526,457,3963,8
0.280511,114,306,2
0.085,942,42612,45
0.123069,279,1897,6
0.079435,90,187,2
0.05,126,1642,13
0.054977,100,209,2
0.166667,4001,291800,72
0.306667,1000,45096,45
0.122565,416,18811,45
0.237827,76,79,1
0.326913,105,214,2
0.274156,109,114,1
0.114752,97,99,1
0.061667,367,37556,102
0.069565,69,83,1
0.345381,117,162,1
0.334383,3104,189267,60
0.085,56,100,1
0.3741,211,815,3
0.203451,92,99,1
0.080397,111,229,2
0.365,379,7193,18
0.155,2042,91246,44
0.178333,4001,292035,72
0.318781,98,147,1
0.134559,104,250,2
0.283333,262,1068,4
0.092021,103,187,1
0.295,4001,264046,65
0.227126,87,195,2
0.225,4001,274039,68
0.165215,58,75,1
0.390556,151,157,1
0.166667,4001,297105,74
0.083191,413,26568,64
0.147903,830,17577,21
0.263225,100,101,1
0.085,767,76613,99
0.115274,422,13316,31
0.142859,416,27854,66
0.224406,96,107,1
0.380591,4001,209363,52
0.08559,384,4513,11
0.298997,2498,143630,57
0.236667,4001,260412,65
0.264707,126,200,1
0.082628,149,327,2
0.189953,74,84,1
0.158299,4001,467551,116
0.244585,98,163,1
0.306667,2134,115375,54
0.062621,394,10661,27
0.12,769,28176,36
0.198995,120,742,6
0.143333,4001,311783,77
0.173062,597,1904,3
0.19,4001,329653,82
0.207507,137,207,1
0.21167,101,163,1
0.155,4001,382357,95
0.269237,112,393,3
0.187462,1026,21171,20
0.353333,3247,127663,39
0.161092,4001,270084,67
0.378878,90,122,1
0.229787,86,181,2
0.093048,302,1346,4
0.074264,86,103,1
0.059095,416,10138,24
0.265937,88,96,1
0.388333,203,1031,5
0.165626,256,2492,9
0.171685,165,200,1
0.329771,82,93,1
0.271667,231,4062,17
0.269558,88,106,1
0.087259,102,105,1
0.269357,89,114,1
0.05,754,55242,73
0.366954,81,92,1
0.380856,103,152,1
0.096667,408,5416,13
0.199735,115,215,1
0.213333,4001,290053,72
0.105983,103,157,1
0.240635,110,116,1
0.138325,480,3011,6
0.155,4001,256585,64
0.207366,91,107,1
0.318333,111,1077,9
0.243935,227,1310,5
0.255482,92,102,1
0.178333,4001,275595,68
0.115699,98,161,1
0.359881,86,128,1
0.178333,4001,286500,71
0.26,1754,82493,47
0.213333,4001,231482,57
0.29651,107,113,1
0.271667,2656,173641,65
0.283333,4001,249340,62
0.213333,1699,44028,25
0.153848,67,92,1
0.376667,223,910,4
0.360913,93,98,1
0.094724,195,344,1
0.269076,82,83,1
0.061667,528,28928,54
0.236667,1740,90920,52
0.241221,104,107,1
0.19,4001,230599,57
0.143333,1124,40520,36
0.306667,2144,121592,56
0.337523,210,243,1
0.143395,3767,246341,65
0.353333,1001,36881,36
0.306667,77,193,2
0.274912,171,200,1
0.205374,71,94,1
0.26,154,1187,7
0.143333,1843,58213,31
0.104085,236,860,3
0.061667,339,36517,107
0.229616,289,9730,33
0.281871,1870,65838,35
0.178333,4001,256001,63
0.201344,89,103,1
0.200597,411,1410,3
0.084217,77,96,1
0.248333,677,11609,17
0.155,4001,305620,76
0.392926,93,97,1
0.351843,152,212,1
0.124619,291,15836,54
0.19,390,6919,17
0.143333,1849,110060,59
0.102951,89,98,1
0.257396,266,1166,4
0.133644,286,8603,30
0.229241,1286,88255,68
0.341407,95,154,1
0.298214,272,650,2
0.113031,82,99,1
0.050875,194,1180,6
0.158462,64,69,1
0.393868,1511,51879,34
0.155,4001,267998,66
0.329864,190,295,1
0.373629,94,103,1
0.187292,201,389,1
0.166667,4001,277161,69
0.246218,83,100,1
0.19,4001,303046,75
0.100105,93,95,1
0.381645,110,156,1
0.244963,376,1035,2
0.225,205,1173,5
0.052778,215,1427,6
0.178333,4001,295964,73
0.166667,1103,16178,14
0.155,2771,165797,59
0.213333,4001,238878,59
0.143333,1272,94642,74
0.180501,89,147,1
0.225,4001,219707,54
0.13896,93,112,1
0.0709,453,4123,9
0.284811,124,145,1
0.271067,127,193,1
0.110849,208,365,1
0.18454,4001,276978,69
0.22156,374,967,2
0.287297,121,148,1
0.118525,168,1572,9
0.259584,85,102,1
0.116268,95,107,1
0.19,4001,294326,73
0.201837,100,108,1
0.141336,124,170,1
0.248333,2187,73189,33
0.178333,4001,262519,65
0.084082,210,4627,22
0.136742,1608,74425,46
0.361883,254,949,3
0.166667,632,5397,8
0.051189,101,165,1
0.098374,36,42,1
0.264616,275,3263,11
0.082309,103,268,2
0.217597,134,145,1
0.283333,664,14767,22
0.377815,69,105,1
0.074958,484,5990,12
0.147955,586,7286,12
0.273672,784,4919,6
0.102684,416,18380,44
0.178333,4001,408261,102
0.295,1151,12347,10
0.271667,2993,187875,62
0.388333,59,139,2
0.122109,424,2221,5
0.274894,453,11621,25
0.295,4001,254213,63
0.34783,381,2006,5
0.313476,2185,112731,51
0.053386,880,5415,6
0.236667,971,14419,14
0.141608,74,93,1
0.178333,4001,264063,65
0.077042,80,93,1
0.212243,95,98,1
0.213333,4001,262183,65
0.201667,4001,265562,66
0.215258,199,309,1
0.200185,100,102,1
0.062558,65,114,1
0.31556,2431,128392,52
0.379676,108,197,1
0.271667,59,530,8
0.23837,115,277,2
0.236667,4001,293473,73
0.098166,67,96,1
0.199024,90,107,1
0.250639,89,102,1
0.108333,524,16742,31
0.19,3339,185655,55
0.155,488,12635,25
0.343295,90,96,1
0.332731,69,99,1
0.143333,4001,342555,85
0.318333,1152,40750,35
0.170013,280,1679,5
0.139209,70,95,1
0.225,450,3572,7
0.26357,893,24070,26
0.096909,312,4735,15
0.295096,255,575,2
0.344255,4001,231991,57
0.249896,134,206,1
0.155,4001,288922,72
0.080056,104,142,1
0.277098,295,1679,5
0.213333,4001,285899,71
0.236667,1604,109894,68
0.350391,98,164,1
0.19,4001,266617,66
0.342723,418,3418,8
0.363218,87,94,1
0.201667,4001,262454,65
0.127712,415,23710,57
0.054998,121,1425,11
0.213333,4001,257528,64
0.307934,71,101,1
0.122897,665,9610,14
0.155,4001,268608,67
0.124393,113,173,1
0.067241,101,108,1
0.178333,4001,436173,109
0.347543,100,406,4
0.090457,539,31082,57
0.334741,168,399,2
0.388654,1257,57463,45
0.330389,122,143,1
0.376667,50,253,5
0.174856,203,253,1
0.300553,145,187,1
0.295,166,1641,9
0.089723,84,105,1
0.143333,4001,277580,69
0.174908,179,211,1
0.117228,76,85,1
0.388333,190,1250,6
0.052782,87,91,1
0.135551,107,109,1
0.338682,82,97,1
0.331296,97,127,1
0.197438,911,10283,11
0.05,314,9787,31
0.252986,385,1809,4
0.271667,2835,134276,47
0.143333,4001,356646,89
0.097308,91,109,1
0.225,64,513,8
0.05,56,94,1
0.185231,223,765,3
0.147647,320,928,2
0.143333,587,11933,20
0.344552,84,101,1
0.386781,180,428,2
0.19,4001,281281,70
0.318333,1173,28191,24
0.22606,204,243,1
0.155,4001,242098,60
0.322196,220,445,2
0.100383,371,4884,13
0.365,60,501,8
0.313056,88,92,1
0.298554,82,208,2
0.143333,4001,280239,70
0.067506,98,157,1
0.287819,212,1383,6
0.178333,4001,299286,74
0.076642,416,12775,30
0.283411,337,2330,6
0.379292,139,385,2
0.33516,97,102,1
0.201667,184,2018,10
0.361509,120,152,1
0.207865,113,206,1
0.19,108,550,5
0.298185,99,163,1
0.376667,2630,125255,47
0.22908,138,222,1
0.245869,83,143,1
0.100449,416,24399,58
0.114216,379,7463,19
0.177654,177,240,1
0.29909,112,189,1
0.060044,262,1512,5
0.12,795,11173,14
0.23724,263,769,2
0.185452,101,108,1
0.054619,417,19028,45
0.33656,110,153,1
0.134743,480,10723,22
0.213333,286,4824,16
0.339819,119,184,1
0.300459,125,156,1
0.201667,4001,289832,72
0.143333,4001,298670,74
0.17735,212,239,1
0.235333,88,130,1
0.271667,4001,247682,61
0.088045,550,885,1
0.324264,60,98,1
0.179977,416,8010,19
0.255865,1110,32593,29
0.244795,2269,128314,56
0.155,591,6062,10
0.177667,100,107,1
0.070848,141,144,1
0.178333,4001,274593,68
0.109873,496,3976,8
0.215426,298,9580,32
0.112818,95,96,1
0.061667,516,9121,17
0.271563,75,86,1
0.18441,315,2904,9
0.248333,1081,37195,34
0.399821,85,98,1
0.166667,4001,287888,71
0.153308,457,2036,4
0.201667,4001,269979,67
0.245492,875,14393,16
0.07994,91,98,1
0.178333,2590,77479,29
0.143333,4001,301316,75
0.166241,96,210,2
0.322738,97,161,1
0.225,470,4987,10
0.200287,372,997,2
0.38811,99,101,1
0.249244,77,134,1
0.05,865,32594,37
0.066341,416,23838,57
0.359885,952,27782,29
0.108333,881,29536,33
0.084437,322,4247,13
0.151299,140,195,1
0.318333,60,144,2
0.10536,415,19251,46
0.131321,360,4747,13
0.216794,628,24568,39
0.178333,587,17535,29
0.100032,103,106,1
0.222648,342,1995,5
0.166667,4001,297380,74
0.09327,419,29998,71
0.145368,79,91,1
0.143333,4001,261776,65
0.162711,144,150,1
0.252085,75,106,1
0.242764,141,169,1
0.052451,169,6106,36
0.312943,121,144,1
0.379922,90,111,1
0.174943,416,1703,4
0.353182,193,717,3
0.180867,117,147,1
0.25291,224,799,3
0.116857,380,23475,61
0.225,338,3039,8
0.209767,110,226,2
0.123623,243,316,1
0.125133,99,108,1
0.275046,101,107,1
0.26,4001,256748,64
0.1594,272,1766,6
0.098561,91,233,2
0.19,64,683,10
0.359994,1246,59224,47
0.225,4001,288902,72
0.206252,92,96,1
0.178333,4001,285587,71
0.278463,99,197,1
0.054901,295,8786,29
0.295,3658,201611,55
0.143324,89,154,1
0.315579,218,844,3
0.123266,196,273,1
0.349901,474,3567,7
0.170791,502,728,1
0.079854,183,284,1
0.05,555,12338,22
0.378269,942,44573,47
0.155495,142,235,1
0.214211,112,139,1
0.341667,150,1358,9
0.277295,70,88,1
0.155,4001,289256,72
0.344624,99,110,1
0.228372,92,118,1
0.230726,92,155,1
0.295,1908,43921,23
0.115805,455,12344,27
0.376667,56,344,6
0.14246,238,15719,66
0.219396,283,944,3
0.094309,301,350,1
0.392604,217,438,2
0.256986,86,144,1
0.376827,78,130,1
0.123734,165,406,2
0.141675,457,3462,7
0.324935,3037,184545,60
0.050738,416,12960,31
0.110493,136,267,1
0.110676,81,94,1
0.145056,184,248,1
0.080596,72,93,1
0.318333,81,725,8
0.064446,448,14239,31
0.374373,231,576,2
0.143333,4001,265303,66
0.196693,186,206,1
0.116133,308,15814,51
0.166667,519,17292,33
0.225498,218,1280,5
0.158083,76,78,1
0.143333,427,34817,81
0.390317,405,5324,13
0.286879,416,2194,5
0.248333,547,5919,10
0.052531,420,1875,4
0.080919,102,109,1
0.332181,56,73,1
0.112373,416,11720,28
0.283333,67,105,1
0.082589,415,42064,101
0.291954,81,101,1
0.215982,135,326,2
0.151925,100,102,1
0.260058,93,112,1
0.202484,198,368,1
0.142362,83,107,1
0.163356,103,204,1
0.311601,562,5892,10
0.178333,1181,46083,39
0.072655,101,151,1
0.19,4001,238609,59
0.15357,741,37592,50
0.297019,75,90,1
0.230201,63,70,1
0.271667,912,13128,14
0.30827,80,106,1
0.076178,416,7449,17
0.322723,95,102,1
0.240847,117,149,1
0.236667,333,3124,9
0.248333,3540,228219,64
0.108333,596,36544,61
0.154108,156,275,1
0.225746,1485,69438,46
0.114012,45,51,1
0.248387,3628,181316,49
0.236667,505,6698,13
0.076439,137,203,1
0.382579,85,100,1
0.140074,391,706,1
0.195779,97,106,1
0.053508,102,111,1
0.383774,70,84,1
0.271667,1001,14338,14
0.099265,69,70,1
0.098061,302,7735,25
0.155,974,47966,49
0.132324,79,86,1
0.106516,466,21073,45
0.213333,2214,65597,29
0.143333,4001,296483,74
0.118537,292,11498,39
0.254829,162,367,2
0.265726,926,8920,9
0.295,303,4019,13
0.379977,139,248,1
0.230598,380,1099,2
0.194437,89,101,1
0.369147,299,1077,3
0.389453,85,112,1
0.09388,282,699,2
0.225,69,892,12
0.331422,83,186,2
0.380887,442,7389,16
0.178333,4001,230144,57
0.310496,97,141,1
0.302468,99,156,1
0.05,659,12957,19
0.300708,100,106,1
0.211396,165,663,4
0.247786,4001,371559,92
0.378589,100,107,1
0.283956,63,79,1
0.225,99,949,9
0.250501,1220,15197,12
0.174634,94,106,1
0.247728,98,107,1
0.263141,99,104,1
0.108333,163,1743,10
0.364869,104,136,1
0.301679,54,79,1
0.282261,87,89,1
0.328809,195,531,2
0.159257,97,110,1
0.219582,433,13350,30
0.225,381,6451,16
0.301687,2034,91899,45
0.225,58,420,7
0.093756,369,22338,60
0.090021,472,2074,4
0.19,4001,276612,69
0.344001,105,113,1
0.12082,96,98,1
0.330193,88,89,1
0.33,1463,40992,28
0.225,3768,203545,54
0.319473,102,109,1
0.12,67,370,5
0.363267,236,932,3
0.361509,105,108,1
0.345279,2162,121655,56
0.12,457,5875,12
0.310915,80,102,1
0.061667,756,48078,63
0.194227,100,155,1
0.295,4001,252843,63
0.378405,104,111,1
0.256096,99,138,1
0.178333,4001,266372,66
0.063707,109,169,1
0.225,3198,167344,52
0.19,198,715,3
0.064985,163,194,1
0.367749,346,4107,11
0.178333,4001,296864,74
0.20728,99,154,1
0.38673,1268,40500,31
0.108333,124,1653,13
0.236667,1333,35797,26
0.303288,111,171,1
0.187647,96,99,1
0.225,697,10600,15
0.366102,67,101,1
0.292292,166,476,2
0.05,76,943,12
0.364634,66,127,1
0.317139,86,200,2
0.250057,169,193,1
0.113655,415,29786,71
0.339172,112,190,1
0.152763,4001,278362,69
0.331479,90,116,1
0.258622,89,94,1
0.155,4001,264247,66
0.08901,99,110,1
0.356453,89,252,2
0.379992,75,85,1
0.147429,75,96,1
0.155,4001,245570,61
0.064408,417,169668,406
0.136978,449,1728,3
0.25575,3186,160369,50
0.192174,90,105,1
0.353333,2534,182740,72
0.143333,4001,364364,91
0.381966,276,1404,5
0.201667,4001,297555,74
0.17862,114,181,1
0.312542,91,104,1
0.139912,90,97,1
0.155,4001,290883,72
0.063788,451,20048,44
0.306667,4001,252321,63
0.110408,273,3552,13
0.231144,90,161,1
0.315123,140,147,1
0.096667,764,47239,61
0.119686,229,414,1
0.293679,188,450,2
0.216886,97,104,1
0.143333,1078,41034,38
0.166667,4001,245837,61
0.21315,110,112,1
0.342663,96,115,1
0.143333,444,3135,7
0.23977,86,105,1
0.12802,125,159,1
0.318333,296,3883,13
0.201667,4001,268115,67
0.059988,75,93,1
0.096667,88,1640,18
0.346633,90,96,1
0.062517,540,22317,41
0.178333,4001,266142,66
0.089505,176,256,1
0.085,63,165,2
0.108817,157,281,1
0.316424,76,91,1
0.096667,587,15413,26
0.181466,374,1929,5
0.201667,4001,266659,66
0.299832,108,421,3
0.130913,319,7626,23
0.155,4001,276481,69
0.238072,99,168,1
0.197518,68,80,1
0.135991,1209,30380,25
0.254204,340,5135,15
0.213333,2983,77959,26
0.166667,4001,290245,72
0.252096,417,2246,5
0.393675,79,99,1
0.345162,297,600,2
0.184444,4001,370716,92
0.389518,680,17204,25
0.370878,499,8716,17
0.199914,320,4333,13
0.295,163,1401,8
0.115474,101,111,1
0.155,4001,292793,73
0.184449,765,25137,32
0.15503,250,903,3
0.143333,4001,285624,71
0.241882,281,800,2
0.23546,94,96,1
0.155,4001,287889,71
0.131667,1448,176371,121
0.24755,2810,146481,52
0.12,854,17003,19
0.357413,164,1198,7
0.39616,1312,66679,50
0.19,150,2380,15
0.073333,1171,75263,64
0.095313,416,20884,50
0.303541,114,152,1
0.283333,391,2431,6
0.143013,1039,36297,34
0.067552,324,11403,35
0.287919,89,98,1
0.271667,1684,29925,17
0.149254,260,387,1
0.3761,533,12529,23
0.38946,83,137,1
0.053581,98,101,1
0.282434,106,114,1
0.19,4001,322209,80
0.33,1258,35574,28
0.356356,187,456,2
0.155,4001,308247,77
0.319567,117,142,1
0.158769,454,3216,7
0.201667,4001,275479,68
0.308261,151,349,2
0.083381,365,15914,43
0.311304,93,131,1
0.178627,82,99,1
0.350938,56,67,1
0.245422,2997,328837,109
0.374854,229,1752,7
0.321705,132,165,1
0.353333,180,1913,10
0.332571,113,143,1
0.21069,94,98,1
0.353333,622,6380,10
0.332302,102,154,1
0.20503,100,108,1
0.271667,332,2697,8
0.178333,1481,69415,46
0.097999,358,2935,8
0.08255,76,91,1
0.360153,531,23901,45
0.178333,4001,266569,66
0.236667,1427,32018,22
0.225,4001,264912,66
0.353333,1380,65868,47
0.19,62,101,1
0.283333,3515,183607,52
0.19,528,4816,9
0.251348,566,22504,39
0.352552,1043,44067,42
0.143333,4001,252758,63
0.278823,44,49,1
0.206304,159,411,2
0.351038,93,106,1
0.353333,918,31961,34
0.18983,132,142,1
0.192933,210,302,1
0.275419,113,202,1
0.320583,1172,47304,40
0.201667,4001,267630,66
0.306667,1081,45761,42
0.102644,303,817,2
0.26,285,3025,10
0.131667,1432,242985,169
0.145477,82,99,1
0.312448,593,5453,9
0.143333,301,7366,24
0.102184,84,149,1
0.301183,89,92,1
0.066339,449,18755,41
0.24913,80,91,1
0.196298,98,106,1
0.355361,89,92,1
0.365,272,2890,10
0.366848,1728,45537,26
0.223111,100,104,1
0.131667,676,42425,62
0.374723,259,674,2
0.155,4001,307274,76
0.090451,160,252,1
0.083585,94,95,1
0.155,4001,310329,77
0.213333,1018,13787,13
0.133149,345,994,2
0.199768,152,467,3
0.149189,97,101,1
0.317896,74,101,1
0.382927,193,460,2
0.178333,4001,276977,69
0.060815,81,86,1
0.26,2967,184598,62
0.178333,4001,266037,66
0.112569,257,499,1
0.077506,259,875,3
0.294171,89,94,1
0.149758,404,1044,2
0.068679,102,217,2
0.064717,167,313,1
0.12,608,40996,67
0.356557,140,290,2
0.301891,85,88,1
0.143333,262,2736,10
0.318333,1737,91606,52
0.282071,2659,101429,38
0.195797,160,168,1
0.303343,89,103,1
0.166667,4001,270114,67
0.09967,414,168334,406
0.294234,127,199,1
0.226843,91,103,1
0.236872,136,153,1
0.252675,138,255,1
0.143333,3921,314931,80
0.252882,98,104,1
0.167552,823,11383,13
0.20881,126,145,1
0.143333,1340,69111,51
0.326383,139,200,1
0.142617,103,105,1
0.249016,384,8910,23
0.323092,93,108,1
0.111416,728,12913,17
0.131667,844,52764,62
0.146103,3347,176847,52
0.287819,130,268,2
0.272555,105,116,1
0.208611,109,433,3
0.39854,68,80,1
0.259891,89,119,1
0.317959,79,89,1
0.155,817,10385,12
0.089744,83,91,1
0.089791,468,14152,30
0.318333,65,146,2
0.103194,434,19360,44
0.186894,104,106,1
0.235461,85,93,1
0.19,1425,21388,15
0.29296,71,97,1
0.25949,222,377,1
0.155092,829,70147,84
0.249416,143,258,1
0.205501,1986,40076,20
0.297366,4001,257989,64
0.184273,41,47,1
0.067198,369,10350,28
0.225,100,702,7
0.165006,833,9219,11
0.080022,247,933,3
0.101981,559,4040,7
0.271226,165,361,2
0.313248,150,479,3
0.090453,111,117,1
0.157653,133,148,1
0.246069,68,92,1
0.073745,101,103,1
0.348868,84,92,1
0.166667,1757,59132,33
0.155,3042,223193,73
0.306667,60,243,4
0.166667,1092,66919,61
0.208846,1172,32219,27
0.248333,4001,245817,61
0.229776,104,162,1
0.121319,128,277,2
0.166667,4001,306811,76
0.100492,419,9198,21
0.166667,4001,299509,74
0.378697,86,97,1
0.318333,2819,176283,62
0.346467,255,1681,6
0.271667,763,19181,25
0.270603,73,97,1
0.236667,1588,56782,35
0.228678,183,198,1
0.178333,4001,311405,77
0.248333,1589,65635,41
0.065074,266,9045,34
0.131667,669,11134,16
0.265907,103,116,1
0.2988,146,329,2
0.393415,92,98,1
0.209272,51,59,1
0.123626,87,93,1
0.303089,98,108,1
0.223791,51,56,1
0.201667,1114,18606,16
0.178333,4001,265751,66
0.127468,79,111,1
0.069546,123,183,1
0.168592,624,13808,22
0.349007,80,90,1
0.158551,95,108,1
0.352747,120,300,2
0.341667,734,11819,16
0.11494,204,302,1
0.312389,117,208,1
0.31002,737,3857,5
0.108447,615,8615,14
0.103479,215,1942,9
0.05,1193,38892,32
0.300087,139,394,2
0.264346,88,97,1
0.196588,140,341,2
0.140223,441,76646,173
0.142277,216,1074,4
0.196515,280,5659,20
0.294664,105,106,1
0.283333,3616,178345,49
0.141606,91,100,1
0.226952,122,151,1
0.264067,136,145,1
0.077858,165,234,1
0.145739,78,99,1
0.365,58,100,1
0.365318,137,156,1
0.244584,79,92,1
0.289003,144,253,1
0.051906,416,14503,34
0.152878,294,1754,5
0.325943,92,101,1
0.223818,4001,240276,60
0.355169,50,81,1
0.393572,1604,68003,42
0.166667,4001,277462,69
0.178019,503,5919,11
0.175118,101,103,1
0.283333,4001,286791,71
0.381055,82,86,1
0.187554,453,2917,6
0.178333,4001,292620,73
0.282355,486,1736,3
0.103888,100,156,1
0.398336,106,113,1
0.354251,95,102,1
0.283333,3078,191537,62
0.143333,80,1125,14
0.271996,82,97,1
0.121477,93,98,1
0.227999,63,91,1
0.061667,809,32642,40
0.242118,99,101,1
0.067431,104,113,1
0.353333,60,506,8
0.08239,408,6517,15
0.172401,93,138,1
0.201667,4001,268599,67
0.074627,416,60245,144
0.127362,97,106,1
0.143333,4001,295904,73
0.337129,111,177,1
0.143333,4001,342031,85
0.171806,94,96,1
0.120534,404,18663,46
0.318333,682,13825,20
0.127988,161,330,2
0.082741,358,2329,6
0.283333,4001,274433,68
0.111098,433,10290,23
0.349312,157,254,1
0.289541,85,89,1
0.290262,101,151,1
0.087929,84,90,1
0.236667,60,415,6
0.102598,107,134,1
0.143333,2211,154235,69
0.19,4001,251812,62
0.365284,170,313,1
0.235025,270,774,2
0.369582,137,897,6
0.238887,139,220,1
0.359056,137,149,1
0.365,281,2942,10
0.393634,104,108,1
0.371319,73,94,1
0.12,352,8014,22
0.077307,136,194,1
0.271667,508,7114,14
0.350219,133,375,2
0.117188,97,101,1
0.19,101,1036,10
0.093178,77,96,1
0.054566,510,23593,46
0.155,4001,329618,82
0.371641,159,411,2
0.368144,100,105,1
0.081676,139,207,1
0.353333,1235,18313,14
0.306667,2834,132984,46
0.166465,425,3414,8
0.062832,195,524,2
0.146203,205,757,3
0.231217,73,91,1
0.271667,256,2230,8
0.174352,92,95,1
0.090419,96,107,1
0.306667,266,5628,21
0.078845,167,2404,14
0.066102,403,6573,16
0.365343,140,150,1
0.271667,748,22689,30
0.330785,99,151,1
0.19,4001,290372,72
0.225,52,84,1
0.064883,388,20214,52
0.254245,1578,56431,35
0.26,4001,322161,80
0.156911,661,4256,6
0.10886,85,104,1
0.07145,230,783,3
0.073333,756,29865,39
0.248963,447,2192,4
0.179467,125,173,1
0.155,262,3707,14
0.071029,210,735,3
0.280541,236,835,3
0.143333,4001,282258,70
0.357476,136,153,1
0.096433,138,364,2
0.235925,460,2272,4
0.341667,233,1334,5
0.259249,318,992,3
0.19,3765,187378,49
0.09326,90,105,1
0.061667,348,2427,6
0.064221,165,441,2
0.19749,1031,14258,13
0.389628,136,1144,8
0.385955,3749,255302,68
0.089476,477,4553,9
0.34285,206,271,1
0.201667,4001,262767,65
0.295,1509,51584,34
0.334045,94,97,1
0.213333,71,857,12
0.115707,491,18929,38
0.387668,111,115,1
0.255329,138,288,2
0.217582,93,152,1
0.268224,96,156,1
0.236667,972,12908,13
0.331427,74,95,1
0.347381,199,377,1
0.236667,67,615,9
0.373562,88,100,1
0.131246,449,15577,34
0.166667,4001,295343,73
0.268535,346,568,1
0.282249,85,89,1
0.376667,210,1622,7
0.173127,89,114,1
0.28027,897,7069,7
0.085,851,29033,34
0.372386,90,92,1
0.357201,72,147,2
0.178333,4001,273330,68
0.184942,86,94,1
0.12124,97,163,1
0.236667,4001,286624,71
0.271441,323,1104,3
0.063306,37,41,1
0.155,300,3374,11
0.307589,87,218,2
0.367117,107,215,2
0.197087,578,3519,6
0.166667,4001,304246,76
0.068812,110,165,1
0.338354,195,264,1
0.166667,126,1949,15
0.398836,93,103,1
0.365,4001,289591,72
0.276555,80,106,1
0.127907,454,3181,7
0.343485,212,640,3
0.248333,952,15413,16
0.181177,586,2991,5
0.166667,4001,270997,67
0.173285,251,630,2
0.39285,88,100,1
0.19,4001,269661,67
0.270984,104,108,1
0.365,2023,95014,46
0.192285,827,10861,13
0.256627,872,7001,8
0.325196,85,93,1
0.178333,4001,282796,70
0.062718,340,677,1
0.364705,135,169,1
0.19,4001,247982,61
0.234024,497,15033,30
0.182938,99,107,1
0.087021,177,293,1
0.318333,63,213,3
0.107953,201,1707,8
0.131465,580,3580,6
0.05,84,1380,16
0.083338,262,540,2
0.227734,90,99,1
0.393972,82,106,1
0.295,363,6881,18
0.39706,100,104,1
0.336159,87,97,1
0.350528,80,88,1
0.271667,805,30367,37
0.152764,72,88,1
0.19,3844,202033,52
0.321233,115,149,1
0.395638,87,184,2
0.36968,108,153,1
0.283333,652,13461,20
0.07934,95,102,1
0.198727,171,294,1
0.371364,136,158,1
0.283333,2271,97543,42
0.348477,463,4888,10
0.061667,1184,68364,57
0.377742,120,181,1
0.357886,122,144,1
0.143333,378,2905,7
0.320864,1856,74936,40
0.283333,4001,223523,55
0.070277,97,99,1
0.134776,99,104,1
0.064091,290,2738,9
0.143972,142,1313,9
0.079277,329,13552,41
0.366184,102,139,1
0.201667,988,15769,15
0.071258,78,95,1
0.19,4001,250253,62
0.126088,364,9927,27
0.38241,121,233,1
0.213333,4001,267748,66
0.384594,105,159,1
0.054435,284,2112,7
0.213333,4001,282416,70
0.12975,101,106,1
0.375875,63,100,1
0.167263,149,155,1
0.131667,184,7835,42
0.271667,1493,27585,18
0.120161,416,18871,45
0.355927,250,1143,4
0.131324,78,142,1
0.098499,95,102,1
0.214117,110,112,1
0.310232,4001,372648,93
0.33,1021,38407,37
0.146768,250,397,1
0.271667,1169,15511,13
0.188691,87,98,1
0.128513,53,67,1
0.283333,307,3420,11
0.115879,250,4359,17
0.136995,193,239,1
0.281396,897,12775,14
0.152085,4001,276173,69
0.328584,113,114,1
0.178333,273,4436,16
0.333569,71,87,1
0.081006,97,106,1
0.295,236,1540,6
0.19,4001,271731,67
0.132308,132,150,1
0.155,4001,284810,71
0.322509,215,739,3
0.283333,4001,281837,70
0.28918,90,146,1
0.283813,159,458,2
0.155,4001,258889,64
0.352334,672,121399,180
0.115264,133,158,1
0.201667,489,13037,26
0.143333,1708,85794,50
0.146433,577,7794,13
0.178333,4001,261908,65
0.137743,49,91,1
0.08852,117,139,1
0.353333,60,142,2
0.080964,391,11358,29
0.145516,74,95,1
0.236667,4001,242968,60
0.303324,179,211,1
0.236917,67,114,1
0.243637,133,139,1
0.05,339,4966,14
0.378799,94,95,1
0.307453,165,350,2
0.155,4001,308244,77
0.161686,586,4656,7
0.143333,4001,254147,63
0.304162,92,125,1
0.053935,136,155,1
0.070335,192,398,2
0.332111,4001,583941,145
0.196765,95,96,1
0.318333,3088,177837,57
0.085,88,1720,19
0.095416,413,107072,259
0.250029,93,102,1
0.060028,496,16958,34
0.160384,4001,404910,101
0.34633,86,88,1
0.085068,105,206,1
0.108333,93,1638,17
0.082011,144,312,2
0.196752,67,85,1
0.155,66,816,12
0.275026,163,193,1
0.131667,2591,187644,72
0.289207,1512,67864,44
0.304131,121,158,1
0.086716,416,6829,16
0.269209,296,662,2
0.098538,78,84,1
0.178333,493,10097,20
0.375547,226,294,1
0.31702,142,212,1
0.326024,93,148,1
0.388333,3556,169042,47
0.096667,701,29111,41
0.201958,236,894,3
0.143333,4001,263931,65
0.387964,78,90,1
0.265737,88,95,1
0.143333,4001,304567,76
0.161035,249,587,2
0.213284,77,115,1
0.306885,162,257,1
0.240232,321,657,2
0.096667,585,35817,61
0.191946,219,5761,26
0.193524,58,68,1
0.102017,124,190,1
0.392626,144,151,1
0.096667,530,47230,89
0.372865,102,211,2
0.062857,318,425,1
0.07179,88,98,1
0.166667,67,478,7
0.299491,106,193,1
0.283333,3004,178425,59
0.365,56,484,8
0.380616,90,96,1
0.14022,147,288,1
0.271667,4001,259725,64
0.351793,416,7734,18
0.336907,85,95,1
0.397733,98,109,1
0.353349,4001,215091,53
0.397438,67,87,1
0.33,216,3349,15
0.143333,4001,335652,83
0.087553,55,62,1
0.166667,4001,284484,71
0.227854,149,298,2
0.294024,94,99,1
0.271667,55,110,2
0.084156,437,4923,11
0.341667,103,398,3
0.27178,192,241,1
0.234744,366,1709,4
0.158352,96,99,1
0.120259,149,300,2
0.082219,258,443,1
0.05,92,1798,19
0.07275,334,9010,26
0.069958,387,2755,7
0.327596,202,305,1
0.166355,252,592,2
0.186474,113,286,2
0.245595,190,341,1
0.078569,298,2767,9
0.068628,739,9185,12
0.178003,862,3641,4
0.096667,167,20853,124
0.072317,178,310,1
0.053217,143,292,2
0.225,4001,272312,68
0.143333,2004,100460,50
0.272463,217,737,3
0.353333,58,442,7
0.393794,56,64,1
0.277372,77,94,1
0.104562,376,1618,4
0.216123,104,161,1
0.298719,776,11831,15
0.250422,94,106,1
0.337621,112,185,1
0.365,2381,146834,61
0.213333,4001,294071,73
0.148454,88,103,1
0.373301,71,85,1
0.073333,619,18886,30
0.07597,85,157,1
0.103227,415,31893,76
0.365,289,2249,7
0.337191,193,425,2
0.091165,578,21613,37
0.16235,230,1468,6
0.365,679,10701,15
0.164258,133,220,1
0.298378,64,97,1
0.060107,309,411,1
0.275193,334,688,2
0.152856,79,97,1
0.108612,271,13192,48
0.297516,342,15386,44
0.19635,96,104,1
0.237403,175,215,1
0.388333,506,5175,10
0.26,3506,108713,31
0.26,527,8113,15
0.213333,2591,139540,53
0.378462,77,81,1
0.143333,2405,65294,27
0.155,4001,201614,50
0.376667,1473,55998,38
0.078033,94,106,1
0.367499,171,278,1
0.096667,617,39598,64
0.102842,273,674,2
0.143333,4001,319778,79
0.248333,1557,60987,39
0.169378,81,84,1
0.178333,723,15769,21
0.114465,101,107,1
0.143333,4001,290234,72
0.230505,147,177,1
0.151621,97,107,1
0.05,459,54998,119
0.206459,244,718,2
0.107027,833,21289,25
0.178333,4001,298975,74
0.248333,1047,50813,48
0.39997,88,99,1
0.155,4001,270529,67
0.206547,85,100,1
0.37729,341,3253,9
0.213134,127,150,1
0.199492,73,75,1
0.295,66,607,9
0.371183,89,107,1
0.178333,55,130,2
0.347184,134,262,1
0.106384,198,745,3
0.304448,136,261,1
0.075289,526,3499,6
0.213333,552,11540,20
0.318002,90,110,1
0.086534,549,26043,47
0.073333,86,1734,20
0.395268,89,98,1
0.170003,206,829,4
0.388333,197,2174,11
0.225,1340,52670,39
0.396271,91,112,1
0.19,3373,231906,68
0.061667,675,58190,86
0.124486,416,7176,17
0.383892,833,19425,23
0.248333,228,4419,19
0.26,1233,28996,23
0.079548,87,142,1
0.248173,79,91,1
0.103009,282,3435,12
0.302278,2833,244695,86
0.201667,432,4932,11
0.05969,214,1318,6
0.158511,109,303,2
0.365,442,3669,8
0.311486,57,88,1
0.221991,38,41,1
0.221612,83,92,1
0.379339,359,2817,7
0.151364,391,1017,2
0.211484,266,445,1
0.149818,95,206,2
0.122881,95,1761,18
0.37234,981,22614,23
0.272528,216,307,1
0.183629,343,1210,3
0.298631,86,87,1
0.201667,4001,262347,65
0.119025,371,9953,26
0.380488,798,35087,43
0.352853,163,1174,7
0.365945,131,136,1
0.23898,86,88,1
0.098238,833,69157,83
0.258506,203,1303,6
0.242665,81,201,2
0.195656,4001,288134,72
0.155,1014,70148,69
0.213192,316,2909,9
0.104265,399,15244,38
0.150973,104,109,1
0.305315,139,206,1
0.072375,127,144,1
0.248333,4001,283984,70
0.091456,86,93,1
0.343094,83,112,1
0.155,4001,279552,69
0.143333,1010,50031,49
0.1293,109,111,1
0.360546,110,111,1
0.283333,212,3980,18
0.137712,183,1028,5
0.12962,91,94,1
0.155,4001,277581,69
0.236667,1131,25181,22
0.176405,1186,23971,20
0.113349,69,87,1
0.356625,87,98,1
0.213333,4001,443653,110
0.236667,1702,53975,31
0.307239,90,277,3
0.166667,4001,271638,67
0.131667,1021,149603,146
0.213333,4001,342421,85
0.271667,1386,36660,26
0.111415,593,13099,22
0.365,278,1397,5
0.19,3090,120917,39
0.12,96,829,8
0.151744,240,1568,6
0.324407,520,4070,7
0.248333,4001,272769,68
0.226658,216,593,2
0.361249,76,148,1
0.225,4001,381528,95
0.201667,1481,20491,13
0.161216,74,232,3
0.143333,4001,268622,67
0.156664,63,114,1
0.099614,153,306,2
0.341667,313,8670,27
0.294601,93,138,1
0.329769,91,98,1
0.236667,4001,298158,74
0.09781,98,102,1
0.084147,87,92,1
0.143333,4001,282670,70
0.352193,94,108,1
0.147055,506,7431,14
0.154468,177,298,1
0.234709,95,165,1
0.191228,71,99,1
0.168213,409,1339,3
0.392225,193,5279,27
0.244457,90,94,1
0.240765,82,89,1
0.221087,42,70,1
0.295,1001,59406,59
0.17447,1692,62108,36
0.12,71,134,1
0.196901,99,166,1
0.055087,248,608,2
0.155,4001,263734,65
0.184558,83,152,1
0.364221,120,141,1
0.26,395,7164,18
0.061667,1590,51087,32
0.382953,448,3731,8
0.213333,394,4398,11
0.305627,110,143,1
0.234199,90,151,1
0.155,677,7184,10
0.359826,99,162,1
0.096249,388,2541,6
0.275435,149,266,1
0.294235,98,269,2
0.278474,106,114,1
0.302498,124,148,1
0.318333,114,1124,9
0.306667,2266,134917,59
0.20219,1163,53323,45
0.10896,133,599,4
0.170682,97,98,1
0.233907,90,100,1
0.260394,150,319,2
0.297373,120,136,1
0.085,237,10926,46
0.352296,144,277,1
0.155,4001,285701,71
0.160161,107,115,1
0.249231,124,195,1
0.306667,376,4315,11
0.204912,42,43,1
0.112174,87,97,1
0.201667,4001,270621,67
0.360157,80,84,1
0.372275,88,99,1
0.066994,155,166,1
0.376667,575,22991,39
0.282932,100,158,1
0.261125,1193,16346,13
0.19,568,8691,15
0.248333,2322,112076,48
0.094681,104,106,1
0.108333,516,22330,43
0.204839,128,499,3
0.131667,3435,198719,57
0.306667,506,10136,20
0.322056,176,622,3
0.385399,94,152,1
0.306667,412,8045,19
0.248333,3977,125106,31
0.311971,81,101,1
0.143333,2702,186731,69
0.295,4001,239450,59
0.333803,91,113,1
0.334621,90,106,1
0.096667,527,14802,28
0.211114,76,84,1
0.155,4001,302350,75
0.236667,1208,38043,31
0.120725,98,102,1
0.144625,76,100,1
0.19,428,4678,10
0.119341,416,11744,28
0.328706,3078,193469,62
0.201667,309,3748,12
0.393902,106,118,1
0.178333,69,704,10
0.366981,77,109,1
0.183662,264,729,2
0.271667,346,3873,11
0.053531,108,135,1
0.116813,121,133,1
0.397869,130,200,1
0.341667,2849,121933,42
0.146823,79,158,2
0.236667,1623,31207,19
0.12951,31,34,1
0.178333,4001,228887,57
0.121182,86,100,1
0.098506,59,117,1
0.168608,416,2413,5
0.370556,89,112,1
0.295275,90,137,1
0.131667,54,95,1
0.30233,252,7557,29
0.351097,235,1084,4
0.135625,136,170,1
0.201667,140,2286,16
0.097384,323,8141,25
0.155,4001,274979,68
0.341667,1432,54892,38
0.145043,756,37950,50
0.19,4001,287988,71
0.091648,232,450,1
0.390063,63,82,1
0.155,4001,298370,74
0.26,1879,51813,27
0.155,4001,221690,55
0.162184,408,16176,39
0.270127,1667,56552,33
0.172489,87,88,1
0.201667,819,16366,19
0.149293,511,1672,3
0.05,765,45504,59
0.19,2872,121346,42
0.166667,4001,195532,48
0.236977,101,142,1
0.221348,200,237,1
0.166667,4001,268631,67
0.188566,127,150,1
0.146224,3336,341720,102
0.108333,584,15080,25
0.059133,317,1084,3
0.359154,126,143,1
0.155,4001,302224,75
0.099517,84,99,1
0.239723,97,161,1
0.271285,111,210,1
0.315722,4001,235230,58
0.311878,285,476,1
0.084503,497,858,1
0.143333,4001,290534,72
0.062467,358,13817,38
0.055112,90,166,1
0.318333,4001,201009,50
0.072107,188,1222,6
0.143333,2123,136553,64
0.172913,101,102,1
0.363285,4001,291557,72
0.306667,1017,14725,14
0.131653,155,200,1
0.083316,242,303,1
0.05,352,18523,52
0.119129,88,100,1
0.143333,4001,329931,82
0.267728,80,96,1
0.114078,198,2608,13
0.134439,199,284,1
0.225,655,3796,5
0.247397,85,156,1
0.320316,2501,182907,73
0.388333,219,2519,11
0.074521,579,9714,16
0.095442,257,779,3
0.118212,233,417,1
0.231743,114,118,1
0.166667,4001,279500,69
0.053917,727,20452,28
0.300331,111,162,1
0.166667,1141,32673,28
0.34373,2323,91237,39
0.131667,284,5579,19
0.366892,106,109,1
0.087027,416,22030,52
0.181498,275,646,2
0.108333,870,92477,106
0.055337,94,95,1
0.073757,474,21000,44
0.385737,4001,284094,71
0.268124,415,8959,21
0.218353,115,252,2
0.147381,1165,44271,38
0.353333,363,9479,26
0.283333,4001,248713,62
0.287746,137,1726,12
0.097867,384,10428,27
0.396447,2556,122693,48
0.057588,593,22758,38
0.230386,4001,239100,59
0.33,52,85,1
0.283362,111,112,1
0.26,3192,174683,54
0.19,263,2886,10
0.129176,258,3239,12
0.291049,84,103,1
0.213333,4001,301921,75
0.213333,1397,32348,23
0.143333,2424,139415,57
0.201667,4001,281947,70
0.266403,258,1000,3
0.155,4001,280173,70
0.08676,109,210,1
0.394052,130,276,2
0.091362,416,17977,43
0.166667,846,27534,32
0.309218,207,387,1
0.243971,1425,51444,36
0.364248,99,117,1
0.131667,3100,263915,85
0.16071,404,2534,6
0.318762,121,191,1
0.335312,81,98,1
0.209363,91,93,1
0.33367,287,2495,8
0.19,4001,311098,77
0.182929,78,132,1
0.12326,204,746,3
0.19,4001,276699,69
0.131667,1042,79124,75
0.0654,104,113,1
0.314475,232,522,2
0.33,322,3015,9
0.10412,310,7122,22
0.162391,675,8925,13
0.093053,312,902,2
0.178333,2335,75060,32
0.353656,101,153,1
0.108333,715,49317,68
0.22292,1069,34728,32
0.219611,345,1197,3
0.225,177,1167,6
0.295,2135,80044,37
0.167096,98,147,1
0.236667,170,2493,14
0.053056,153,242,1
0.08082,276,2447,8
0.166667,4001,297189,74
0.107552,52,108,2
0.214857,178,206,1
0.098687,149,159,1
0.283333,638,7775,12
0.32899,187,203,1
0.375551,79,92,1
0.213333,4001,277986,69
0.248333,1143,31312,27
0.32377,118,148,1
0.213333,104,1032,9
0.290726,72,93,1
0.34802,163,402,2
0.08513,100,113,1
0.26,62,501,8
0.364355,77,89,1
0.083571,295,937,3
0.178333,4001,310712,77
0.119874,416,19313,46
0.19976,187,255,1
0.234915,177,352,1
0.063049,68,94,1
0.245342,2083,212549,102
0.077228,150,177,1
0.19,2764,114175,41
0.166667,4001,280374,70
0.09468,335,8658,25
0.398974,117,140,1
0.310922,73,85,1
0.236667,521,10863,20
0.343755,84,99,1
0.309841,107,115,1
0.19,4001,275842,68
0.12,1183,103935,87
0.310084,247,2765,11
0.361635,94,153,1
0.377197,4001,296661,74
0.39312,120,201,1
0.090045,153,187,1
0.166667,352,6755,19
0.391663,95,98,1
0.388333,49,90,1
0.149596,1752,105333,60
0.201667,4001,223328,55
0.307366,113,116,1
0.304164,134,172,1
0.166667,4001,275841,68
0.05,1173,52504,44
0.215135,1398,37405,26
0.19,4001,269254,67
0.117718,96,97,1
0.347127,78,90,1
0.311568,98,184,1
0.085,677,24158,35
0.057582,303,1851,6
0.217705,234,369,1
0.262198,81,104,1
0.332505,74,86,1
0.175915,82,135,1
0.296938,86,98,1
0.320929,109,213,1
0.305586,78,100,1
0.201667,656,8458,12
0.374339,81,83,1
0.263116,85,89,1
0.158696,75,97,1
0.05,168,776,4
0.151791,364,681,1
0.082221,532,4102,7
0.319384,258,531,2
0.26,666,29823,44
0.367621,406,919,2
0.096433,416,17622,42
0.201667,4001,278347,69
0.318188,185,259,1
0.339467,87,99,1
0.155,4001,308562,77
0.245641,102,110,1
0.319086,290,767,2
0.155,4001,299166,74
0.395768,982,132101,134
0.368657,178,323,1
0.180539,323,727,2
0.166667,515,2100,4
0.146879,1027,49554,48
0.217788,113,148,1
0.327608,3776,319812,84
0.259122,244,557,2
0.073333,585,6810,11
0.236667,1701,37311,21
0.253408,927,22267,24
0.166667,923,22411,24
0.094361,255,7471,29
0.314454,108,110,1
0.05121,314,3512,11
0.379637,154,297,1
0.26,1027,206233,200
0.16245,469,13808,29
0.397592,90,95,1
0.085,585,41145,70
0.193208,98,232,2
0.293648,1953,109006,55
0.225,1551,55857,36
0.148886,34,39,1
0.277329,792,14753,18
0.115798,417,44999,107
0.10028,415,12787,30
0.075701,277,6252,22
0.267359,4001,345347,86
0.353872,93,106,1
0.091704,93,98,1
0.396447,319,1664,5
0.37118,99,383,3
0.383443,55,87,1
0.315081,92,107,1
0.352468,92,186,2
0.295,969,20799,21
0.077763,106,112,1
0.090233,236,22997,97
0.259606,2837,152427,53
0.300862,184,412,2
0.146366,114,145,1
0.290185,91,92,1
0.178333,4001,304157,76
0.236667,1092,37774,34
0.099742,257,401,1
0.236667,68,103,1
0.18504,519,16808,32
0.145006,344,7222,20
0.3312,109,251,2
0.341667,449,5042,11
0.364302,912,13169,14
0.054063,145,187,1
0.085,754,69033,91
0.232285,81,100,1
0.089101,100,259,2
0.271667,1144,18671,16
0.275721,146,309,2
0.271667,459,6460,14
0.143333,1926,104855,54
0.269267,328,1240,3
0.241242,853,26530,31
0.347197,193,1910,9
0.269216,1213,66628,54
0.317427,88,108,1
0.12,67,708,10
0.351848,1118,114780,102
0.203512,73,110,1
0.318772,3048,141108,46
0.350743,142,526,3
0.053959,233,3325,14
0.289503,146,158,1
0.225,532,6578,12
0.360835,71,99,1
0.324185,88,105,1
0.201667,4001,272242,68
0.245455,152,170,1
0.359764,97,113,1
0.321908,96,106,1
0.123214,394,24354,61
0.115206,125,351,2
0.231416,248,877,3
0.319831,780,33332,42
0.289724,172,254,1
0.213333,4001,265977,66
0.072909,416,17153,41
0.235501,80,99,1
0.306667,4001,245244,61
0.293788,101,102,1
0.053434,289,7486,25
0.343407,406,1984,4
0.324306,187,531,2
0.201667,4001,291744,72
0.33,1520,34290,22
0.096127,182,203,1
0.365,389,2296,5
0.091941,551,7617,13
0.267148,100,166,1
0.06798,209,542,2
0.165979,146,169,1
0.076121,90,136,1
0.127244,149,170,1
0.249077,136,188,1
0.29919,122,260,2
0.306667,432,2450,5
0.359273,98,100,1
0.309547,92,101,1
0.318333,60,337,5
0.366185,90,141,1
0.335057,3898,251728,64
0.19,489,9870,20
0.093029,80,92,1
0.201667,4001,300823,75
0.319544,88,144,1
0.19,4001,278801,69
0.136938,93,94,1
0.059971,386,3075,7
0.194546,84,131,1
0.12,674,42732,63
0.215445,74,203,2
0.188148,164,233,1
0.12,426,37182,87
0.370004,225,1394,6
0.240495,1242,31537,25
0.299242,2961,247960,83
0.37144,87,89,1
0.283333,743,22160,29
0.135892,882,13628,15
0.155,4001,237574,59
0.359091,94,98,1
0.194393,82,92,1
0.272793,147,241,1
0.248333,66,157,2
0.267006,92,149,1
0.321209,67,82,1
0.19,437,2526,5
0.164163,139,163,1
0.264759,72,133,1
0.374485,263,2183,8
0.306089,1668,59444,35
0.128458,107,116,1
0.108333,508,26302,51
0.111615,127,149,1
0.386723,2271,110785,48
0.341667,251,1322,5
0.112489,361,958,2
0.283632,99,115,1
0.155,4001,264369,66
0.271667,1257,28092,22
0.170757,107,114,1
0.072659,100,109,1
0.077079,567,24279,42
0.078049,141,166,1
0.073333,350,42381,121
0.214688,139,214,1
0.25698,188,3334,17
0.108333,60,521,8
0.206968,165,181,1
0.274936,89,106,1
0.06469,329,5417,16
0.19,1272,15448,12
0.233182,79,96,1
0.198845,147,152,1
0.267745,139,189,1
0.396236,360,2360,6
0.166667,4001,314114,78
0.311615,132,205,1
0.283333,3137,146620,46
0.225,147,1270,8
0.105903,90,100,1
0.103426,143,608,4
0.225,55,413,7
0.283333,2490,69873,28
0.204638,865,14327,16
0.21047,236,348,1
0.254828,76,79,1
0.178333,3201,189937,59
0.166667,235,841,3
0.293389,85,90,1
0.201667,4001,273407,68
0.16681,102,110,1
0.297233,94,130,1
0.236667,945,13293,14
0.131667,2040,134379,65
0.266147,85,144,1
0.202034,78,99,1
0.271668,94,206,2
0.359008,370,1860,5
0.091451,191,644,3
0.314909,454,13377,29
0.104622,151,205,1
0.341667,215,952,4
0.265935,91,102,1
0.105044,357,16641,46
0.164139,261,885,3
0.188038,92,116,1
0.381842,58,71,1
0.203469,91,109,1
0.073445,416,5162,12
0.338054,843,32860,38
0.301556,353,1412,4
0.318333,240,3579,14
0.161791,631,18895,29
0.289633,190,319,1
0.19,4001,288191,72
0.192001,180,205,1
0.085365,91,110,1
0.208754,298,570,1
0.388333,268,2454,9
0.212565,139,157,1
0.050385,127,150,1
0.341667,1670,62818,37
0.271667,4001,264185,66
0.252718,88,93,1
0.368618,671,20671,30
0.096667,74,964,13
0.341667,50,88,1
0.274563,120,147,1
0.166667,4001,280284,70
0.086256,415,236993,571
0.222156,1043,53266,51
0.050682,91,93,1
0.155,583,59061,101
0.264503,113,292,2
0.139589,419,3763,8
0.166667,4001,256718,64
0.389489,104,111,1
0.071753,416,75284,180
0.218057,4001,332108,83
0.19,1461,47863,32
0.346657,486,4925,10
0.360308,222,2244,10
0.253426,98,100,1
0.347004,2855,142165,49
0.161189,4001,351207,87
0.055245,415,19841,47
0.165014,81,96,1
0.144991,416,15847,38
0.205798,4001,249374,62
0.098887,415,40255,97
0.224058,50,53,1
0.352363,99,104,1
0.24678,150,215,1
0.302016,83,94,1
0.363727,269,763,2
0.061667,700,69635,99
0.303008,105,107,1
0.143333,4001,278921,69
0.120276,416,11865,28
0.215642,91,100,1
0.347909,155,233,1
0.207139,132,185,1
0.087142,290,9848,33
0.172856,310,6519,21
0.341667,66,511,7
0.097787,405,6617,16
0.114758,100,113,1
0.213333,337,2336,6
0.181862,57,88,1
0.155,4001,268019,66
0.201667,1112,37900,34
0.243428,99,193,1
0.167121,69,83,1
0.365,295,3186,10
0.064793,416,13266,31
0.155,4001,262925,65
0.126502,416,17322,41
0.088158,249,347,1
0.262651,98,152,1
0.353333,454,7239,15
0.078933,416,7297,17
0.064224,579,4844,8
0.05,370,11333,30
0.083403,181,204,1
0.165719,101,103,1
0.155,4001,277475,69
0.118345,244,8578,35
0.1827,113,139,1
0.166667,4001,287325,71
0.131667,1308,228177,174
0.113795,416,8646,20
0.27483,242,2042,8
0.123812,347,950,2
0.115294,416,34824,83
0.211515,214,481,2
0.286014,4001,244164,61
0.213333,1387,27404,19
0.222663,205,398,1
0.394589,153,749,4
0.055588,112,275,2
0.356663,476,4172,8
0.365164,91,141,1
0.236667,528,6672,12
0.267515,124,202,1
0.177499,386,1635,4
0.388333,552,5941,10
0.241271,75,94,1
0.190884,87,111,1
0.094816,152,187,1
0.335263,251,1612,6
0.225,4001,268441,67
0.305653,88,91,1
0.199896,95,106,1
0.096667,179,4381,24
0.236667,63,99,1
0.285048,90,98,1
0.256662,78,86,1
0.201667,4001,265969,66
0.342974,95,108,1
0.213343,505,10064,19
0.178333,4001,307947,76
0.083295,159,184,1
0.295,2950,165106,55
0.225,4001,253530,63
0.182955,85,120,1
0.202993,300,897,2
0.178333,4001,264120,66
0.128194,416,123466,296
0.33782,83,140,1
0.32715,1849,82632,44
0.143346,4001,413537,103
0.283333,1448,51204,35
0.376848,82,85,1
0.314061,73,97,1
0.131667,855,26286,30
0.161082,201,477,2
0.358697,82,98,1
0.295,919,35714,38
0.225,2589,118264,45
0.178333,4001,258051,64
0.13333,415,30553,73
0.20037,1398,38361,27
0.260775,152,192,1
0.082825,89,233,2
0.236667,1877,72163,38
0.275336,78,99,1
0.201667,4001,265222,66
0.319107,160,286,1
0.244314,96,98,1
0.061667,642,19164,29
0.143333,2014,150231,74
0.385178,91,111,1
0.236667,1480,40068,27
0.256356,172,206,1
0.155,4001,271336,67
0.104536,107,202,1
0.08435,89,104,1
0.118411,89,95,1
0.055146,127,146,1
0.376476,103,162,1
0.178333,4001,255218,63
0.153088,194,246,1
0.231181,157,329,2
0.166667,4001,330156,82
0.114969,416,24889,59
0.320762,208,1353,6
0.179944,156,239,1
0.19,2031,126974,62
0.166667,4001,288311,72
0.238432,383,7234,18
0.316755,658,2484,3
0.155,4001,272009,67
0.1462,102,150,1
0.178333,4001,295347,73
0.096667,1092,46007,42
0.192292,54,64,1
0.143333,4001,331091,82
0.155,1236,34780,28
0.178333,4001,257620,64
0.176876,95,106,1
0.169847,512,12215,23
0.302872,1701,71691,42
0.171147,90,101,1
0.155,4001,300564,75
0.213333,1071,52688,49
0.164991,172,346,2
0.143333,4001,262908,65
0.201667,3345,186331,55
0.365,351,2782,7
0.323464,145,201,1
0.0944,416,11490,27
0.236667,4001,246295,61
0.32373,80,105,1
0.147256,86,96,1
0.128182,69,79,1
0.322544,74,96,1
0.241455,583,10285,17
0.376667,60,529,8
0.19,76,161,2
0.295,1669,75521,45
0.345539,400,1187,2
0.388333,62,560,9
0.157441,174,303,1
0.131667,4001,292738,73
0.068167,416,20954,50
0.290053,83,95,1
0.111654,415,47833,115
0.147707,4001,347369,86
0.251502,76,97,1
0.359113,98,99,1
0.283666,237,2692,11
0.248333,1268,58691,46
0.103555,94,100,1
0.166667,4001,283168,70
0.14845,90,99,1
0.349223,108,366,3
0.096667,675,68002,100
0.089407,328,3189,9
0.271446,169,388,2
0.12,427,21001,49
0.286703,104,115,1
0.138617,128,217,1
0.319686,194,395,2
0.229637,85,106,1
0.386229,181,502,2
0.334841,87,103,1
0.155,102,851,8
0.196152,456,9686,21
0.250139,81,90,1
0.06661,309,968,3
0.075366,125,197,1
0.191157,79,182,2
0.082712,79,89,1
0.12,686,52321,76
0.220787,92,98,1
0.294016,2659,262495,98
0.353333,473,5611,11
0.372839,54,55,1
0.359953,193,318,1
0.201667,4001,276992,69
0.292351,98,105,1
0.201667,80,1259,15
0.167373,92,101,1
0.303008,99,105,1
0.0503,270,311,1
0.330614,75,84,1
0.334996,69,86,1
0.178333,4001,280897,70
0.119771,416,30401,73
0.162529,88,91,1
0.166667,4001,261853,65
0.106657,91,95,1
0.10504,335,9767,29
0.195559,113,339,3
0.106898,87,99,1
0.351267,88,102,1
0.137058,81,139,1
0.280798,67,95,1
0.365,3252,204334,62
0.353333,291,5574,19
0.346732,95,111,1
0.19,4001,288536,72
0.388333,1104,39486,35
0.240088,598,14512,24
0.290762,1599,97373,60
0.178333,221,1445,6
0.283333,2995,107205,35
0.248333,4001,261875,65
0.236785,72,123,1
0.19,4001,305316,76
0.056757,415,62608,150
0.330926,220,931,4
0.249806,4001,326572,81
0.279795,104,127,1
0.287491,80,92,1
0.306667,233,1985,8
0.126581,84,158,1
0.12629,415,19652,47
0.273775,227,480,2
0.206836,157,258,1
0.266531,154,373,2
0.143333,4001,311609,77
0.266829,88,93,1
0.341667,63,149,2
0.145688,416,17943,43
0.222361,4001,282894,70
0.155,1418,51822,36
0.086265,425,4434,10
0.340083,150,192,1
0.302472,109,344,3
0.365304,129,261,2
0.373003,137,141,1
0.166667,922,16255,17
0.164643,88,101,1
0.346441,75,279,3
0.219947,608,5524,9
0.323981,366,1734,4
0.27422,73,87,1
0.143267,351,3403,9
0.375818,310,613,1
0.387473,3092,162256,52
0.061667,584,21342,36
0.170935,83,87,1
0.214098,195,215,1
0.365,58,476,8
0.131667,1170,64818,55
0.192476,924,46245,50
0.201667,4001,251809,62
0.399126,98,100,1
0.318333,2440,117718,48
0.109957,118,1143,9
0.085,674,11045,16
0.130027,110,200,1
0.162422,148,208,1
0.166667,178,2042,11
0.295,1453,46702,32
0.283333,3762,204498,54
0.225,1012,11994,11
0.213333,4001,260550,65
0.086806,73,91,1
0.086902,71,90,1
0.061667,410,4476,10
0.346874,96,100,1
0.165605,81,84,1
0.111896,123,338,2
0.382655,363,1334,3
0.084001,199,463,2
0.169748,79,88,1
0.35002,197,354,1
0.150153,161,189,1
0.295,432,8214,19
0.101089,352,1524,4
0.063274,838,7754,9
0.225,62,625,10
0.07491,322,346,1
0.155,4001,271782,67
0.293478,77,90,1
0.329675,322,1046,3
0.133752,91,92,1
0.163568,92,99,1
0.085,586,14098,24
0.301617,78,90,1
0.081158,224,1889,8
0.19,332,4998,15
0.393714,248,834,3
0.326257,189,628,3
0.102184,137,154,1
0.217811,229,252,1
0.197629,101,106,1
0.143333,4001,249912,62
0.261409,84,107,1
0.143333,2531,154176,60
0.087876,792,32468,40
0.114129,89,190,2
0.076765,91,104,1
0.155,4001,321750,80
0.178333,4001,336242,84
0.200602,68,91,1
0.178333,4001,273664,68
0.134479,416,5347,12
0.19,4001,271475,67
0.222017,106,113,1
0.225,4001,251241,62
